.VERSION 1.0 
.HIERARCHY CHARACTER
.COORD X Y T
.SEGMENT CHARACTER 0-1 OK "47"
.H_LINE 6249 7124
.V_LINE 3500 4250
.X_DIM 750
.Y_DIM 875
.X_POINTS_PER_INCH 1000
.Y_POINTS_PER_INCH 1000
.POINTS_PER_SECOND 125
.COMMENT CALIB X: -11 Y: -133

.WRITER_INFO
 Name: SAI PRASHANT
 WriterId: 79
 Hand: right
 EducationLevel: college graduate
 Gender: male
 Profession: student
 Region: bheemavaram
 Age: 21
 DeviceType: digimemo a402
 SkillDevice: average
 Language: hindi
 Script: indic
 Native: false
 Style: discrete
 UsageFreq: once a month
 Proficiency: average
 Date: 2007-6-30
 WritingInProfession: no

.PEN_DOWN
3940 6889 0
3939 6884 0
3939 6879 0
3939 6875 0
3940 6870 0
3942 6865 0
3944 6861 0
3945 6855 0
3945 6849 0
3944 6843 0
3942 6837 0
3940 6832 0
3938 6828 0
3936 6825 0
3934 6822 0
3933 6818 0
3931 6815 0
3929 6811 0
3925 6807 0
3919 6801 0
3910 6794 0
3895 6788 0
3878 6783 0
3861 6780 0
3845 6779 0
3833 6779 0
3823 6781 0
3815 6784 0
3810 6787 0
3807 6792 0
3807 6796 0
3809 6801 0
3814 6805 0
3822 6808 0
3832 6810 0
3843 6810 0
3854 6809 0
3868 6806 0
3880 6802 0
3891 6797 0
3900 6789 0
3907 6780 0
3912 6769 0
3916 6757 0
3917 6746 0
3916 6736 0
3912 6729 0
3907 6724 0
3903 6722 0
3900 6723 0
3899 6726 0
3899 6729 0
3903 6731 0
3909 6733 0
3917 6734 0
3926 6733 0
3937 6730 0
3947 6726 0
3956 6721 0
3963 6716 0
3967 6711 0
3971 6706 0
3973 6701 0
3974 6698 0
3974 6702 0
3974 6709 0
3973 6719 0
3972 6731 0
3972 6742 0
3973 6753 0
3974 6764 0
3975 6773 0
3975 6781 0
3975 6787 0
3976 6791 0
3977 6794 0
3977 6794 0
.PEN_UP
.PEN_DOWN
3925 6676 0
3930 6673 0
3939 6672 0
3951 6670 0
3966 6668 0
3982 6667 0
3998 6663 0
4017 6657 0
.PEN_UP
