.VERSION 1.0 
.HIERARCHY CHARACTER
.COORD X Y T
.SEGMENT CHARACTER 0-3 OK "1"
.H_LINE 1374 2249
.V_LINE 1999 2749
.X_DIM 749
.Y_DIM 874
.X_POINTS_PER_INCH 1000
.Y_POINTS_PER_INCH 1000
.POINTS_PER_SECOND 125
.COMMENT CALIB X: -6 Y: -87

.WRITER_INFO
 Name: BHABYA
 WriterId: 21
 Hand: right
 EducationLevel: high school
 Gender: male
 Profession: student
 Region: darjeeling
 Age: 20
 DeviceType: digimemo a402
 SkillDevice: poor
 Language: hindi
 Script: indic
 Native: true
 Style: discrete
 UsageFreq: once a month
 Proficiency: average
 Date: 2007-6-13
 WritingInProfession: no

.PEN_DOWN
2112 1662 0
2112 1659 0
2111 1655 0
2110 1651 0
2117 1647 0
2125 1643 0
2135 1638 0
2148 1633 0
2162 1629 0
2178 1625 0
2193 1623 0
2205 1621 0
2215 1622 0
2223 1624 0
2229 1627 0
2234 1632 0
2237 1639 0
2238 1646 0
2237 1653 0
2234 1659 0
2230 1667 0
2224 1676 0
2216 1686 0
2204 1699 0
2190 1712 0
2172 1726 0
2152 1739 0
2133 1751 0
2115 1762 0
2100 1771 0
2089 1777 0
2082 1780 0
2078 1782 0
2079 1779 0
2081 1776 0
2085 1772 0
2093 1768 0
2104 1764 0
2115 1761 0
2127 1758 0
2139 1756 0
2150 1756 0
2161 1757 0
2171 1759 0
2179 1763 0
2186 1768 0
2192 1774 0
2196 1781 0
2198 1788 0
2199 1795 0
2198 1802 0
2194 1808 0
2189 1815 0
2182 1822 0
2172 1828 0
2160 1834 0
2143 1839 0
2126 1843 0
2109 1846 0
2094 1849 0
2080 1850 0
2068 1850 0
2060 1849 0
2056 1848 0
2053 1846 0
2053 1843 0
2056 1838 0
2063 1835 0
2072 1833 0
.PEN_UP
.PEN_DOWN
2185 1747 0
2191 1747 0
2202 1747 0
2214 1747 0
2229 1746 0
2245 1744 0
2261 1742 0
2276 1740 0
2289 1739 0
2300 1739 0
2306 1740 0
2306 1740 0
.PEN_UP
.PEN_DOWN
2334 1651 0
2334 1648 0
2335 1645 0
2336 1642 0
2337 1648 0
2335 1659 0
2332 1676 0
2327 1700 0
2320 1723 0
2313 1744 0
2306 1764 0
2299 1780 0
2294 1792 0
2291 1801 0
2288 1807 0
2286 1810 0
2287 1807 0
.PEN_UP
.PEN_DOWN
2288 1621 0
2285 1620 0
2288 1621 0
2296 1621 0
2310 1621 0
2331 1621 0
2361 1620 0
2390 1620 0
2416 1621 0
2437 1620 0
2452 1623 0
.PEN_UP
