.VERSION 1.0 
.HIERARCHY CHARACTER
.COORD X Y T
.SEGMENT CHARACTER 0-2 OK "92"
.H_LINE 1374 2249
.V_LINE 3500 4250
.X_DIM 750
.Y_DIM 874
.X_POINTS_PER_INCH 1000
.Y_POINTS_PER_INCH 1000
.POINTS_PER_SECOND 125
.COMMENT CALIB X: -3 Y: -82

.WRITER_INFO
 Name: BHABYA
 WriterId: 21
 Hand: right
 EducationLevel: high school
 Gender: male
 Profession: student
 Region: darjeeling
 Age: 20
 DeviceType: digimemo a402
 SkillDevice: poor
 Language: hindi
 Script: indic
 Native: true
 Style: discrete
 UsageFreq: once a month
 Proficiency: average
 Date: 2007-6-13
 WritingInProfession: no

.PEN_DOWN
3746 1792 0
3746 1784 0
3739 1780 0
3736 1778 0
3736 1775 0
3738 1772 0
3741 1769 0
3746 1765 0
3753 1761 0
3760 1758 0
3767 1755 0
3774 1754 0
3780 1755 0
3785 1756 0
3788 1759 0
3789 1763 0
3788 1768 0
3786 1773 0
3783 1780 0
3778 1790 0
3772 1799 0
3764 1810 0
3754 1820 0
3744 1829 0
3734 1837 0
3722 1845 0
3710 1852 0
3699 1859 0
3689 1865 0
3681 1869 0
3675 1872 0
3671 1874 0
3673 1870 0
3676 1866 0
3679 1862 0
3684 1858 0
3691 1854 0
3700 1851 0
3709 1849 0
3717 1847 0
3725 1846 0
3732 1846 0
3738 1847 0
3742 1849 0
3745 1852 0
3748 1857 0
3752 1863 0
3755 1869 0
3759 1876 0
3762 1882 0
3765 1887 0
3767 1890 0
3770 1889 0
3772 1873 0
.PEN_UP
.PEN_DOWN
3737 1846 0
3731 1846 0
3728 1846 0
3733 1847 0
3740 1848 0
3747 1849 0
3756 1849 0
3766 1848 0
3779 1847 0
3792 1846 0
3803 1845 0
3813 1844 0
3820 1843 0
3824 1843 0
3824 1843 0
.PEN_UP
.PEN_DOWN
3742 1747 0
3736 1747 0
3733 1747 0
3734 1744 0
3739 1743 0
3749 1742 0
3762 1741 0
3778 1739 0
3797 1736 0
3817 1735 0
3840 1734 0
.PEN_UP
