.VERSION 1.0 
.HIERARCHY CHARACTER
.COORD X Y T
.SEGMENT CHARACTER 0-2 OK "100"
.H_LINE 4624 5499
.V_LINE 499 1250
.X_DIM 750
.Y_DIM 874
.X_POINTS_PER_INCH 1000
.Y_POINTS_PER_INCH 1000
.POINTS_PER_SECOND 125
.COMMENT CALIB X: -39 Y: -77

.WRITER_INFO
 Name: BHABYA
 WriterId: 21
 Hand: right
 EducationLevel: high school
 Gender: male
 Profession: student
 Region: darjeeling
 Age: 20
 DeviceType: digimemo a402
 SkillDevice: poor
 Language: hindi
 Script: indic
 Native: true
 Style: discrete
 UsageFreq: once a month
 Proficiency: average
 Date: 2007-6-13
 WritingInProfession: no

.PEN_DOWN
894 4989 0
893 4986 0
890 4992 0
887 5002 0
883 5015 0
878 5028 0
874 5040 0
871 5050 0
869 5057 0
868 5063 0
868 5066 0
868 5069 0
869 5066 0
870 5063 0
871 5057 0
872 5053 0
872 5049 0
872 5046 0
872 5043 0
871 5040 0
869 5037 0
867 5034 0
865 5031 0
859 5029 0
850 5028 0
839 5027 0
828 5028 0
816 5030 0
804 5032 0
793 5036 0
781 5041 0
771 5047 0
760 5053 0
750 5061 0
740 5071 0
729 5082 0
722 5093 0
717 5103 0
714 5113 0
713 5123 0
715 5133 0
718 5143 0
723 5151 0
730 5158 0
738 5163 0
750 5165 0
764 5166 0
779 5166 0
795 5164 0
811 5162 0
827 5159 0
842 5155 0
853 5152 0
862 5146 0
869 5140 0
874 5134 0
877 5129 0
878 5124 0
877 5121 0
874 5118 0
870 5117 0
863 5117 0
852 5119 0
840 5121 0
828 5125 0
818 5128 0
810 5134 0
799 5142 0
789 5152 0
780 5161 0
775 5168 0
773 5174 0
773 5180 0
774 5186 0
776 5190 0
780 5197 0
786 5195 0
.PEN_UP
.PEN_DOWN
748 5190 0
748 5184 0
748 5181 0
747 5178 0
744 5175 0
741 5173 0
737 5171 0
734 5170 0
731 5169 0
728 5169 0
725 5170 0
721 5173 0
716 5178 0
710 5183 0
705 5187 0
701 5191 0
698 5196 0
695 5201 0
693 5205 0
692 5211 0
692 5219 0
692 5227 0
692 5234 0
693 5240 0
695 5246 0
697 5251 0
700 5255 0
704 5258 0
708 5261 0
712 5264 0
716 5266 0
720 5267 0
726 5268 0
731 5268 0
736 5268 0
743 5267 0
750 5265 0
757 5262 0
766 5258 0
778 5253 0
791 5247 0
803 5240 0
815 5231 0
826 5220 0
835 5211 0
842 5203 0
846 5197 0
847 5192 0
847 5188 0
846 5185 0
843 5183 0
840 5182 0
835 5181 0
829 5180 0
825 5179 0
822 5178 0
819 5179 0
816 5185 0
813 5197 0
810 5210 0
809 5223 0
809 5237 0
810 5247 0
813 5256 0
819 5264 0
828 5270 0
842 5275 0
859 5277 0
876 5278 0
889 5283 0
896 5283 0
.PEN_UP
.PEN_DOWN
760 4965 0
756 4965 0
750 4965 0
745 4965 0
740 4962 0
737 4960 0
743 4962 0
754 4964 0
773 4964 0
803 4963 0
842 4961 0
882 4959 0
918 4957 0
945 4956 0
963 4956 0
973 4957 0
978 4957 0
981 4956 0
.PEN_UP
