.VERSION 1.0 
.HIERARCHY CHARACTER
.COORD X Y T
.SEGMENT CHARACTER 0-2 OK "108"
.H_LINE 6249 7124
.V_LINE 5000 5750
.X_DIM 750
.Y_DIM 875
.X_POINTS_PER_INCH 1000
.Y_POINTS_PER_INCH 1000
.POINTS_PER_SECOND 125
.COMMENT CALIB X: 119 Y: -72

.WRITER_INFO
 Name: BHABYA
 WriterId: 21
 Hand: right
 EducationLevel: high school
 Gender: male
 Profession: student
 Region: darjeeling
 Age: 20
 DeviceType: digimemo a402
 SkillDevice: poor
 Language: hindi
 Script: indic
 Native: true
 Style: discrete
 UsageFreq: once a month
 Proficiency: average
 Date: 2007-6-13
 WritingInProfession: no

.PEN_DOWN
5455 6558 0
5455 6563 0
5455 6568 0
5456 6574 0
5446 6582 0
5437 6592 0
5429 6602 0
5423 6611 0
5418 6621 0
5415 6629 0
5414 6635 0
5414 6640 0
5415 6643 0
5418 6644 0
5420 6641 0
5423 6637 0
5425 6632 0
5427 6627 0
5429 6622 0
5429 6617 0
5429 6613 0
5427 6610 0
5424 6607 0
5420 6605 0
5416 6602 0
5410 6602 0
5404 6602 0
5399 6603 0
5394 6605 0
5387 6609 0
5382 6613 0
5378 6620 0
5374 6628 0
5371 6637 0
5368 6646 0
5367 6654 0
5367 6663 0
5368 6670 0
5370 6676 0
5372 6681 0
5375 6686 0
5378 6690 0
5383 6693 0
5387 6695 0
5390 6696 0
5391 6693 0
5391 6690 0
5390 6687 0
5386 6684 0
5382 6683 0
5376 6682 0
5371 6681 0
5367 6682 0
5362 6684 0
5355 6688 0
5347 6694 0
5337 6702 0
5326 6712 0
5315 6726 0
5305 6738 0
5297 6749 0
5292 6761 0
5289 6772 0
5288 6781 0
5291 6790 0
5297 6797 0
5307 6802 0
5321 6805 0
5335 6805 0
5349 6804 0
5359 6804 0
5366 6803 0
5370 6802 0
.PEN_UP
.PEN_DOWN
5381 6719 0
5381 6712 0
5381 6707 0
5381 6703 0
5383 6699 0
5385 6695 0
5388 6693 0
5391 6692 0
5394 6690 0
5400 6688 0
5409 6687 0
5417 6686 0
5424 6686 0
5430 6688 0
5434 6691 0
5437 6693 0
5439 6696 0
5440 6699 0
5440 6702 0
5440 6705 0
5438 6708 0
5436 6711 0
5432 6715 0
5427 6719 0
5421 6724 0
5415 6730 0
5409 6735 0
5404 6739 0
5399 6743 0
5396 6746 0
5395 6750 0
5394 6753 0
5394 6756 0
5394 6760 0
5396 6764 0
5398 6767 0
5402 6770 0
5408 6772 0
5416 6773 0
5426 6772 0
5441 6772 0
.PEN_UP
.PEN_DOWN
5372 6546 0
5380 6546 0
5392 6547 0
5411 6548 0
5437 6548 0
5472 6548 0
5510 6549 0
5543 6550 0
5569 6553 0
5587 6554 0
.PEN_UP
