.VERSION 1.0 
.HIERARCHY CHARACTER
.COORD X Y T
.SEGMENT CHARACTER 0-2 OK "6"
.H_LINE 2999 3874
.V_LINE 1999 2749
.X_DIM 749
.Y_DIM 874
.X_POINTS_PER_INCH 1000
.Y_POINTS_PER_INCH 1000
.POINTS_PER_SECOND 125
.COMMENT CALIB X: -91 Y: 9

.WRITER_INFO
 Name: SAIRAM
 WriterId: 73
 Hand: right
 EducationLevel: college graduate
 Gender: male
 Profession: student
 Region: mumbai
 Age: 21
 DeviceType: digimemo a402
 SkillDevice: average
 Language: hindi
 Script: indic
 Native: false
 Style: discrete
 UsageFreq: once a month
 Proficiency: average
 Date: 2007-7-3
 WritingInProfession: no

.PEN_DOWN
2312 3379 0
2307 3378 0
2304 3377 0
2301 3375 0
2298 3374 0
2301 3376 0
2307 3379 0
2315 3382 0
2323 3386 0
2332 3391 0
2340 3395 0
2347 3402 0
2354 3410 0
2359 3420 0
2361 3430 0
2361 3443 0
2359 3456 0
2354 3469 0
2346 3481 0
2335 3489 0
2323 3496 0
2310 3501 0
2300 3505 0
2294 3507 0
2291 3507 0
2297 3509 0
2305 3513 0
2313 3517 0
2322 3520 0
2330 3525 0
2338 3532 0
2344 3540 0
2347 3551 0
2349 3563 0
2346 3573 0
2341 3583 0
2333 3591 0
2322 3597 0
2307 3602 0
2285 3606 0
2265 3607 0
2246 3605 0
2229 3602 0
2218 3598 0
2212 3592 0
2214 3584 0
2221 3576 0
.PEN_UP
.PEN_DOWN
2345 3520 0
2347 3517 0
2350 3513 0
2356 3508 0
2362 3502 0
2372 3495 0
2381 3487 0
2390 3482 0
2398 3478 0
2403 3478 0
2409 3481 0
2414 3486 0
2418 3492 0
2421 3499 0
2424 3511 0
2426 3524 0
2427 3539 0
2429 3555 0
2428 3570 0
2426 3584 0
2423 3595 0
2420 3602 0
2417 3605 0
2414 3601 0
2410 3594 0
.PEN_UP
.PEN_DOWN
2236 3361 0
2232 3362 0
2228 3362 0
2223 3363 0
2218 3364 0
2213 3366 0
2207 3367 0
2200 3368 0
2194 3369 0
2189 3370 0
2186 3371 0
2187 3374 0
2193 3377 0
2204 3380 0
2224 3384 0
2248 3385 0
2281 3385 0
2315 3384 0
2349 3383 0
2379 3381 0
2403 3381 0
2423 3382 0
2439 3383 0
2452 3384 0
2461 3384 0
2468 3385 0
2472 3385 0
2475 3385 0
2478 3386 0
2479 3391 0
.PEN_UP
