.VERSION 1.0 
.HIERARCHY CHARACTER
.COORD X Y T
.SEGMENT CHARACTER 0-2 OK "19"
.H_LINE 6249 7124
.V_LINE 6500 7250
.X_DIM 750
.Y_DIM 875
.X_POINTS_PER_INCH 1000
.Y_POINTS_PER_INCH 1000
.POINTS_PER_SECOND 125
.COMMENT CALIB X: -88 Y: 9

.WRITER_INFO
 Name: SAIRAM
 WriterId: 73
 Hand: right
 EducationLevel: college graduate
 Gender: male
 Profession: student
 Region: mumbai
 Age: 21
 DeviceType: digimemo a402
 SkillDevice: average
 Language: hindi
 Script: indic
 Native: false
 Style: discrete
 UsageFreq: once a month
 Proficiency: average
 Date: 2007-7-3
 WritingInProfession: no

.PEN_DOWN
6815 6684 0
6815 6681 0
6815 6678 0
6815 6674 0
6815 6671 0
6815 6674 0
6815 6677 0
6815 6682 0
6805 6689 0
6797 6700 0
6789 6712 0
6781 6728 0
6776 6747 0
6773 6764 0
6774 6780 0
6779 6794 0
6788 6805 0
6801 6812 0
6817 6815 0
6836 6814 0
6856 6808 0
6876 6798 0
6892 6785 0
6903 6770 0
6911 6754 0
6914 6739 0
6915 6727 0
6913 6717 0
6911 6711 0
6907 6708 0
6904 6709 0
6903 6712 0
6909 6712 0
6914 6709 0
6921 6706 0
6929 6701 0
6936 6697 0
.PEN_UP
.PEN_DOWN
6965 6638 0
6964 6635 0
6963 6632 0
6961 6636 0
6960 6645 0
6959 6656 0
6959 6668 0
6958 6688 0
6957 6711 0
6956 6735 0
6956 6758 0
6957 6777 0
6959 6790 0
.PEN_UP
.PEN_DOWN
6871 6596 0
6867 6596 0
6862 6595 0
6857 6595 0
6853 6595 0
6848 6595 0
6843 6596 0
6839 6596 0
6835 6597 0
6832 6598 0
6829 6598 0
6826 6598 0
6830 6600 0
6835 6601 0
6843 6602 0
6855 6605 0
6873 6606 0
6890 6608 0
6907 6609 0
6927 6610 0
6953 6611 0
6984 6610 0
7014 6609 0
7040 6607 0
7062 6606 0
7076 6604 0
7086 6604 0
7092 6603 0
7095 6603 0
7089 6601 0
.PEN_UP
