.VERSION 1.0 
.HIERARCHY CHARACTER
.COORD X Y T
.SEGMENT CHARACTER 0-2 OK "26"
.H_LINE 9500 10374
.V_LINE 1999 2749
.X_DIM 749
.Y_DIM 874
.X_POINTS_PER_INCH 1000
.Y_POINTS_PER_INCH 1000
.POINTS_PER_SECOND 125
.COMMENT CALIB X: -198 Y: 55

.WRITER_INFO
 Name: SAIRAM
 WriterId: 73
 Hand: right
 EducationLevel: college graduate
 Gender: male
 Profession: student
 Region: mumbai
 Age: 21
 DeviceType: digimemo a402
 SkillDevice: average
 Language: hindi
 Script: indic
 Native: false
 Style: discrete
 UsageFreq: once a month
 Proficiency: average
 Date: 2007-7-3
 WritingInProfession: no

.PEN_DOWN
2260 9849 0
2260 9844 0
2260 9838 0
2259 9832 0
2259 9828 0
2258 9825 0
2255 9826 0
2254 9830 0
2253 9835 0
2253 9841 0
2252 9848 0
2252 9858 0
2250 9869 0
2249 9882 0
2249 9894 0
2250 9907 0
2253 9921 0
2257 9934 0
2265 9945 0
2274 9952 0
2283 9957 0
2294 9952 0
2305 9944 0
2317 9932 0
2326 9919 0
2335 9901 0
2341 9885 0
2344 9870 0
2343 9856 0
2340 9847 0
2338 9841 0
2335 9839 0
2333 9842 0
2333 9849 0
2335 9852 0
.PEN_UP
.PEN_DOWN
2416 9833 0
2418 9827 0
2419 9831 0
2421 9839 0
2425 9852 0
2429 9867 0
2432 9883 0
2435 9901 0
2437 9920 0
2439 9938 0
2439 9956 0
2439 9972 0
2439 9984 0
2438 9991 0
2438 9991 0
.PEN_UP
.PEN_DOWN
2237 9826 0
2234 9826 0
2228 9827 0
2223 9828 0
2217 9828 0
2213 9828 0
2210 9828 0
2207 9827 0
2203 9827 0
2200 9826 0
2204 9827 0
2211 9828 0
2222 9829 0
2238 9829 0
2255 9828 0
2272 9827 0
2294 9826 0
2318 9824 0
2349 9824 0
2383 9824 0
2416 9826 0
2444 9828 0
2463 9830 0
2477 9832 0
2486 9833 0
2493 9834 0
2497 9834 0
2496 9831 0
2492 9828 0
2484 9823 0
.PEN_UP
