.VERSION 1.0 
.HIERARCHY CHARACTER
.COORD X Y T
.SEGMENT CHARACTER 0-2 OK "71"
.H_LINE 4624 5499
.V_LINE 1999 2749
.X_DIM 749
.Y_DIM 874
.X_POINTS_PER_INCH 1000
.Y_POINTS_PER_INCH 1000
.POINTS_PER_SECOND 125
.COMMENT CALIB X: -112 Y: 16

.WRITER_INFO
 Name: SAIRAM
 WriterId: 73
 Hand: right
 EducationLevel: college graduate
 Gender: male
 Profession: student
 Region: mumbai
 Age: 21
 DeviceType: digimemo a402
 SkillDevice: average
 Language: hindi
 Script: indic
 Native: false
 Style: discrete
 UsageFreq: once a month
 Proficiency: average
 Date: 2007-7-3
 WritingInProfession: no

.PEN_DOWN
2348 4984 0
2348 4987 0
2348 4992 0
2348 4998 0
2348 5006 0
2349 5015 0
2350 5026 0
2351 5036 0
2352 5045 0
2354 5050 0
2354 5053 0
2349 5050 0
2344 5047 0
2337 5044 0
2327 5043 0
2315 5044 0
2301 5049 0
2287 5057 0
2271 5067 0
2256 5078 0
2245 5089 0
2237 5098 0
2234 5104 0
2235 5109 0
2239 5112 0
2247 5114 0
2259 5116 0
2271 5116 0
2284 5117 0
2296 5117 0
2306 5118 0
2316 5119 0
2324 5120 0
2331 5123 0
2336 5128 0
2338 5135 0
2337 5143 0
2334 5153 0
2330 5164 0
2322 5175 0
2312 5186 0
2299 5198 0
2281 5209 0
2261 5218 0
2241 5223 0
2225 5225 0
2214 5224 0
2208 5221 0
2206 5216 0
2208 5209 0
2214 5202 0
2225 5194 0
2239 5187 0
2255 5181 0
2271 5179 0
2285 5180 0
2296 5185 0
2305 5191 0
2313 5200 0
2322 5212 0
2331 5223 0
2340 5232 0
2348 5237 0
2355 5241 0
2363 5228 0
.PEN_UP
.PEN_DOWN
2360 5126 0
2352 5128 0
2349 5131 0
2349 5135 0
2351 5138 0
2354 5141 0
2360 5143 0
2365 5142 0
2370 5140 0
2377 5136 0
2383 5131 0
2388 5123 0
.PEN_UP
.PEN_DOWN
2266 4955 0
2264 4958 0
2261 4962 0
2259 4965 0
2258 4968 0
2255 4970 0
2258 4972 0
2262 4974 0
2269 4976 0
2280 4977 0
2293 4979 0
2307 4979 0
2324 4980 0
2339 4980 0
2354 4980 0
2368 4979 0
2380 4977 0
2389 4976 0
2394 4975 0
2398 4975 0
2395 4975 0
.PEN_UP
