.VERSION 1.0 
.HIERARCHY CHARACTER
.COORD X Y T
.SEGMENT CHARACTER 0-2 OK "90"
.H_LINE 1374 2249
.V_LINE 499 1250
.X_DIM 750
.Y_DIM 874
.X_POINTS_PER_INCH 1000
.Y_POINTS_PER_INCH 1000
.POINTS_PER_SECOND 125
.COMMENT CALIB X: -113 Y: 39

.WRITER_INFO
 Name: SAIRAM
 WriterId: 73
 Hand: right
 EducationLevel: college graduate
 Gender: male
 Profession: student
 Region: mumbai
 Age: 21
 DeviceType: digimemo a402
 SkillDevice: average
 Language: hindi
 Script: indic
 Native: false
 Style: discrete
 UsageFreq: once a month
 Proficiency: average
 Date: 2007-7-3
 WritingInProfession: no

.PEN_DOWN
767 1758 0
764 1760 0
761 1762 0
758 1763 0
755 1764 0
756 1761 0
760 1759 0
764 1754 0
769 1751 0
777 1746 0
786 1743 0
796 1740 0
806 1738 0
817 1736 0
826 1733 0
836 1732 0
845 1731 0
852 1732 0
857 1735 0
862 1738 0
867 1741 0
870 1744 0
874 1749 0
879 1754 0
881 1758 0
882 1761 0
882 1766 0
882 1772 0
881 1779 0
882 1790 0
879 1800 0
878 1810 0
876 1819 0
873 1828 0
868 1838 0
863 1848 0
856 1857 0
847 1867 0
837 1876 0
825 1883 0
814 1889 0
804 1893 0
794 1897 0
785 1901 0
775 1906 0
766 1911 0
756 1914 0
748 1919 0
741 1924 0
735 1928 0
732 1931 0
733 1928 0
733 1925 0
736 1922 0
740 1915 0
747 1909 0
755 1903 0
763 1898 0
769 1894 0
775 1891 0
782 1888 0
789 1886 0
796 1885 0
801 1885 0
806 1887 0
811 1888 0
817 1892 0
823 1897 0
829 1903 0
837 1912 0
845 1920 0
853 1928 0
862 1936 0
868 1942 0
874 1949 0
879 1952 0
884 1952 0
887 1947 0
889 1936 0
.PEN_UP
.PEN_DOWN
830 1676 0
830 1672 0
830 1676 0
830 1680 0
830 1684 0
830 1687 0
832 1694 0
834 1700 0
836 1708 0
837 1719 0
836 1726 0
836 1731 0
836 1734 0
836 1737 0
.PEN_UP
.PEN_DOWN
720 1656 0
714 1657 0
708 1658 0
703 1659 0
698 1659 0
694 1660 0
690 1661 0
687 1660 0
690 1661 0
696 1660 0
705 1660 0
715 1659 0
726 1659 0
743 1660 0
763 1659 0
787 1659 0
810 1658 0
832 1659 0
853 1660 0
872 1660 0
888 1662 0
903 1661 0
917 1662 0
931 1661 0
942 1661 0
949 1661 0
952 1661 0
949 1661 0
943 1661 0
933 1659 0
.PEN_UP
