.VERSION 1.0 
.HIERARCHY CHARACTER
.COORD X Y T
.SEGMENT CHARACTER 0-3 OK "99"
.H_LINE 2999 3874
.V_LINE 6500 7250
.X_DIM 750
.Y_DIM 874
.X_POINTS_PER_INCH 1000
.Y_POINTS_PER_INCH 1000
.POINTS_PER_SECOND 125
.COMMENT CALIB X: -82 Y: 10

.WRITER_INFO
 Name: SAIRAM
 WriterId: 73
 Hand: right
 EducationLevel: college graduate
 Gender: male
 Profession: student
 Region: mumbai
 Age: 21
 DeviceType: digimemo a402
 SkillDevice: average
 Language: hindi
 Script: indic
 Native: false
 Style: discrete
 UsageFreq: once a month
 Proficiency: average
 Date: 2007-7-3
 WritingInProfession: no

.PEN_DOWN
6906 3373 0
6907 3376 0
6908 3381 0
6909 3386 0
6911 3392 0
6912 3399 0
6913 3407 0
6915 3413 0
6915 3419 0
6916 3423 0
6915 3419 0
6914 3415 0
6912 3411 0
6909 3406 0
6905 3402 0
6900 3399 0
6894 3396 0
6887 3395 0
6880 3394 0
6871 3395 0
6861 3397 0
6852 3401 0
6842 3406 0
6830 3415 0
6816 3425 0
6802 3435 0
6790 3447 0
6781 3459 0
6776 3472 0
6775 3483 0
6776 3493 0
6783 3501 0
6792 3508 0
6804 3514 0
6819 3518 0
6834 3522 0
6851 3524 0
6866 3525 0
6881 3524 0
6892 3523 0
6899 3522 0
.PEN_UP
.PEN_DOWN
6890 3525 0
6886 3524 0
6883 3523 0
6883 3523 0
.PEN_UP
.PEN_DOWN
6880 3517 0
6883 3516 0
6886 3516 0
6889 3516 0
6892 3516 0
6890 3513 0
6887 3512 0
6884 3511 0
6881 3511 0
6877 3510 0
6874 3512 0
6869 3513 0
6862 3515 0
6856 3518 0
6848 3520 0
6842 3523 0
6835 3526 0
6827 3531 0
6818 3537 0
6808 3545 0
6799 3554 0
6789 3564 0
6782 3574 0
6778 3584 0
6776 3593 0
6777 3602 0
6784 3610 0
6794 3617 0
6806 3624 0
6821 3630 0
6837 3634 0
6854 3636 0
6868 3636 0
6882 3636 0
6894 3634 0
6904 3631 0
6912 3627 0
6919 3621 0
6924 3616 0
6928 3609 0
6930 3604 0
6930 3599 0
6928 3596 0
6925 3593 0
6922 3590 0
6918 3588 0
6913 3587 0
6910 3588 0
6907 3589 0
6905 3592 0
6903 3595 0
6902 3600 0
6903 3606 0
6906 3613 0
6910 3625 0
6915 3636 0
6921 3647 0
6928 3657 0
6935 3665 0
6943 3669 0
6952 3669 0
6963 3664 0
.PEN_UP
.PEN_DOWN
6814 3363 0
6810 3363 0
6805 3363 0
6799 3363 0
6793 3363 0
6787 3362 0
6781 3361 0
6776 3360 0
6773 3358 0
6769 3356 0
6766 3355 0
6763 3355 0
6766 3357 0
6772 3358 0
6783 3359 0
6797 3361 0
6813 3363 0
6830 3364 0
6855 3365 0
6882 3365 0
6909 3365 0
6937 3364 0
6968 3364 0
7002 3365 0
7033 3365 0
7057 3365 0
7074 3365 0
7085 3366 0
7091 3366 0
7094 3366 0
7092 3363 0
7086 3362 0
7076 3357 0
.PEN_UP
