.VERSION 1.0 
.HIERARCHY CHARACTER
.COORD X Y T
.SEGMENT CHARACTER 0-2 OK "101"
.H_LINE 4624 5499
.V_LINE 1999 2749
.X_DIM 749
.Y_DIM 874
.X_POINTS_PER_INCH 1000
.Y_POINTS_PER_INCH 1000
.POINTS_PER_SECOND 125
.COMMENT CALIB X: -112 Y: 16

.WRITER_INFO
 Name: SAIRAM
 WriterId: 73
 Hand: right
 EducationLevel: college graduate
 Gender: male
 Profession: student
 Region: mumbai
 Age: 21
 DeviceType: digimemo a402
 SkillDevice: average
 Language: hindi
 Script: indic
 Native: false
 Style: discrete
 UsageFreq: once a month
 Proficiency: average
 Date: 2007-7-3
 WritingInProfession: no

.PEN_DOWN
2362 4937 0
2361 4940 0
2361 4943 0
2362 4946 0
2364 4951 0
2367 4958 0
2367 4967 0
2369 4978 0
2370 4989 0
2371 5002 0
2372 5014 0
2373 5026 0
2374 5035 0
2375 5042 0
2377 5046 0
2376 5043 0
2374 5038 0
2371 5033 0
2367 5027 0
2360 5020 0
2352 5015 0
2344 5012 0
2333 5012 0
2322 5015 0
2310 5021 0
2298 5030 0
2285 5041 0
2272 5055 0
2261 5068 0
2252 5079 0
2247 5090 0
2245 5099 0
2247 5105 0
2255 5111 0
2265 5116 0
2277 5119 0
2290 5121 0
2303 5123 0
2315 5124 0
2325 5124 0
2333 5124 0
2339 5124 0
2342 5123 0
2339 5123 0
2335 5122 0
2331 5122 0
2324 5123 0
2315 5124 0
2306 5124 0
2296 5125 0
2287 5129 0
2279 5133 0
2271 5140 0
2264 5148 0
2258 5157 0
2256 5168 0
2256 5178 0
2257 5187 0
2261 5195 0
2266 5204 0
2274 5211 0
2285 5215 0
2299 5217 0
2316 5216 0
2335 5211 0
2355 5201 0
2374 5184 0
2394 5167 0
2415 5149 0
2435 5132 0
.PEN_UP
.PEN_DOWN
2448 4958 0
2446 4955 0
2443 4956 0
2442 4960 0
2440 4965 0
2438 4971 0
2438 4980 0
2437 4994 0
2437 5016 0
2437 5042 0
2438 5069 0
2439 5093 0
2441 5118 0
2444 5143 0
2446 5167 0
2448 5190 0
2450 5207 0
2451 5218 0
2452 5223 0
2452 5216 0
2450 5211 0
.PEN_UP
.PEN_DOWN
2310 4960 0
2304 4953 0
2297 4948 0
2291 4944 0
2284 4942 0
2277 4941 0
2269 4940 0
2262 4940 0
2255 4939 0
2250 4940 0
2245 4940 0
2240 4941 0
2236 4942 0
2233 4943 0
2233 4946 0
2238 4948 0
2244 4950 0
2260 4954 0
2283 4957 0
2307 4961 0
2333 4961 0
2357 4961 0
2382 4961 0
2410 4961 0
2439 4961 0
2467 4962 0
2492 4964 0
2509 4964 0
2517 4964 0
2521 4964 0
2517 4964 0
2508 4961 0
.PEN_UP
