297.0,170.0
300.0,171.0
302.0,173.0
305.0,175.0
306.0,178.0
307.0,180.0
307.0,184.0
305.0,188.0
303.0,190.0
300.0,192.0
298.0,193.0
295.0,191.0
291.0,190.0
289.0,189.0
286.0,187.0
285.0,185.0
284.0,183.0
284.0,180.0
284.0,178.0
284.0,176.0
286.0,173.0
289.0,171.0
291.0,169.0
293.0,169.0
296.0,167.0
298.0,167.0
301.0,168.0
303.0,169.0
306.0,172.0
308.0,174.0
311.0,177.0
312.0,181.0
313.0,185.0
313.0,188.0
313.0,191.0
313.0,193.0
313.0,195.0
313.0,198.0
311.0,200.0
311.0,204.0
309.0,206.0
308.0,210.0
307.0,214.0
307.0,218.0
307.0,220.0
307.0,223.0
307.0,225.0
309.0,228.0
310.0,230.0
313.0,233.0
314.0,235.0
318.0,238.0
321.0,239.0
325.0,242.0
327.0,243.0
331.0,243.0
333.0,243.0
336.0,243.0
338.0,243.0
340.0,243.0
343.0,241.0
346.0,241.0
349.0,239.0
351.0,238.0
355.0,237.0
358.0,235.0
360.0,234.0
364.0,233.0
367.0,230.0
369.0,229.0
373.0,226.0
374.0,224.0
377.0,223.0
378.0,220.0
379.0,216.0
381.0,214.0
382.0,210.0
383.0,207.0
383.0,204.0
383.0,200.0
384.0,196.0
384.0,192.0
384.0,188.0
385.0,186.0
385.0,182.0
385.0,180.0
385.0,177.0
383.0,175.0
384.0,172.0
382.0,170.0
382.0,173.0
382.0,176.0
382.0,178.0
382.0,182.0
382.0,184.0
382.0,188.0
382.0,190.0
383.0,193.0
383.0,197.0
383.0,199.0
384.0,203.0
384.0,205.0
384.0,207.0
384.0,210.0
384.0,214.0
385.0,216.0
385.0,220.0
385.0,222.0
385.0,224.0
385.0,227.0
385.0,229.0
385.0,231.0
385.0,234.0
386.0,238.0
386.0,240.0
386.0,242.0
387.0,245.0
387.0,250.0
388.0,254.0
388.0,256.0
389.0,259.0
389.0,263.0
390.0,265.0
390.0,262.0
390.0,260.0
-1.0,-1.0
320.0,168.0
322.0,168.0
327.0,168.0
333.0,168.0
335.0,168.0
339.0,169.0
341.0,169.0
344.0,169.0
346.0,169.0
350.0,170.0
352.0,170.0
356.0,171.0
362.0,171.0
365.0,171.0
373.0,171.0
375.0,171.0
379.0,171.0
383.0,171.0
385.0,171.0
389.0,171.0
391.0,171.0
395.0,171.0
397.0,171.0
400.0,171.0
402.0,171.0
404.0,171.0
406.0,171.0
409.0,171.0
411.0,169.0
414.0,169.0
416.0,169.0
420.0,169.0
422.0,169.0
424.0,169.0
427.0,167.0
-1.0,-1.0
 
