298.0,97.0
298.0,96.0
296.0,94.0
296.0,91.0
296.0,90.0
296.0,88.0
296.0,86.0
296.0,84.0
296.0,83.0
296.0,82.0
296.0,81.0
298.0,81.0
299.0,81.0
299.0,82.0
300.0,83.0
302.0,86.0
302.0,88.0
303.0,91.0
303.0,94.0
303.0,98.0
303.0,101.0
303.0,105.0
303.0,109.0
303.0,113.0
302.0,115.0
300.0,118.0
299.0,122.0
298.0,125.0
295.0,128.0
293.0,130.0
292.0,132.0
290.0,134.0
290.0,135.0
290.0,136.0
289.0,136.0
289.0,137.0
289.0,138.0
289.0,139.0
289.0,141.0
289.0,142.0
289.0,143.0
289.0,144.0
290.0,145.0
292.0,147.0
295.0,148.0
298.0,149.0
299.0,150.0
300.0,150.0
303.0,151.0
310.0,151.0
316.0,152.0
324.0,152.0
327.0,152.0
333.0,152.0
336.0,152.0
341.0,151.0
345.0,150.0
350.0,147.0
352.0,145.0
357.0,141.0
358.0,138.0
362.0,134.0
364.0,131.0
367.0,128.0
368.0,124.0
369.0,121.0
371.0,118.0
371.0,115.0
372.0,113.0
372.0,111.0
372.0,110.0
372.0,109.0
372.0,105.0
372.0,104.0
372.0,103.0
372.0,102.0
372.0,100.0
372.0,98.0
372.0,96.0
372.0,94.0
372.0,93.0
372.0,91.0
372.0,93.0
372.0,95.0
372.0,98.0
372.0,103.0
371.0,108.0
371.0,131.0
368.0,154.0
368.0,188.0
368.0,199.0
368.0,210.0
368.0,216.0
368.0,219.0
368.0,220.0
368.0,223.0
368.0,224.0
368.0,225.0
368.0,226.0
368.0,227.0
-1.0,-1.0
336.0,85.0
341.0,85.0
344.0,85.0
348.0,85.0
354.0,85.0
364.0,85.0
370.0,84.0
377.0,84.0
379.0,84.0
382.0,84.0
384.0,84.0
386.0,84.0
388.0,84.0
-1.0,-1.0
-1.0,-1.0
309.0,371.0
311.0,369.0
312.0,369.0
313.0,368.0
315.0,368.0
-1.0,-1.0
 
