288.0,183.0
288.0,185.0
286.0,188.0
285.0,190.0
281.0,191.0
279.0,193.0
275.0,194.0
272.0,192.0
270.0,190.0
268.0,187.0
267.0,183.0
268.0,181.0
269.0,178.0
273.0,177.0
275.0,177.0
278.0,177.0
281.0,177.0
284.0,181.0
287.0,185.0
287.0,187.0
288.0,191.0
286.0,193.0
285.0,197.0
284.0,201.0
282.0,204.0
281.0,208.0
280.0,210.0
280.0,212.0
280.0,215.0
280.0,219.0
282.0,223.0
288.0,225.0
295.0,225.0
301.0,225.0
306.0,225.0
312.0,223.0
316.0,222.0
320.0,219.0
322.0,218.0
326.0,217.0
329.0,214.0
331.0,213.0
334.0,210.0
336.0,208.0
338.0,204.0
339.0,200.0
342.0,194.0
343.0,190.0
344.0,185.0
344.0,182.0
344.0,180.0
345.0,177.0
345.0,174.0
343.0,177.0
342.0,180.0
342.0,184.0
342.0,186.0
342.0,188.0
342.0,192.0
340.0,195.0
341.0,197.0
341.0,201.0
341.0,203.0
341.0,206.0
342.0,208.0
342.0,212.0
342.0,214.0
343.0,217.0
343.0,219.0
344.0,223.0
344.0,225.0
345.0,229.0
345.0,233.0
345.0,235.0
345.0,239.0
345.0,241.0
345.0,237.0
-1.0,-1.0
300.0,177.0
304.0,177.0
308.0,177.0
310.0,178.0
314.0,178.0
318.0,178.0
320.0,178.0
322.0,178.0
325.0,179.0
329.0,179.0
331.0,179.0
336.0,179.0
340.0,179.0
343.0,177.0
348.0,177.0
350.0,177.0
356.0,177.0
360.0,177.0
365.0,177.0
371.0,175.0
373.0,175.0
377.0,175.0
379.0,175.0
381.0,175.0
384.0,172.0
-1.0,-1.0
 
