285.0,117.0
287.0,116.0
287.0,115.0
288.0,113.0
289.0,110.0
291.0,108.0
292.0,107.0
295.0,105.0
296.0,103.0
296.0,102.0
298.0,102.0
299.0,101.0
301.0,101.0
301.0,100.0
302.0,100.0
303.0,100.0
303.0,99.0
305.0,99.0
306.0,99.0
308.0,99.0
309.0,99.0
311.0,98.0
312.0,98.0
313.0,98.0
315.0,98.0
316.0,98.0
318.0,98.0
318.0,99.0
318.0,100.0
318.0,101.0
318.0,102.0
318.0,103.0
318.0,106.0
318.0,107.0
318.0,109.0
318.0,110.0
318.0,114.0
316.0,116.0
315.0,119.0
315.0,121.0
312.0,123.0
312.0,126.0
311.0,128.0
309.0,129.0
308.0,132.0
308.0,133.0
306.0,136.0
305.0,137.0
303.0,140.0
303.0,142.0
302.0,146.0
301.0,147.0
301.0,149.0
301.0,150.0
299.0,151.0
299.0,153.0
299.0,154.0
298.0,156.0
298.0,157.0
298.0,160.0
298.0,161.0
298.0,162.0
298.0,163.0
298.0,164.0
298.0,166.0
298.0,167.0
298.0,168.0
298.0,169.0
298.0,170.0
298.0,171.0
299.0,174.0
301.0,175.0
302.0,176.0
303.0,177.0
306.0,177.0
311.0,180.0
315.0,180.0
320.0,181.0
323.0,181.0
329.0,181.0
332.0,181.0
336.0,180.0
339.0,177.0
343.0,175.0
346.0,173.0
349.0,170.0
351.0,168.0
356.0,166.0
357.0,163.0
360.0,160.0
361.0,157.0
363.0,156.0
363.0,155.0
364.0,153.0
367.0,149.0
368.0,148.0
370.0,144.0
371.0,143.0
372.0,141.0
374.0,140.0
375.0,139.0
375.0,137.0
377.0,137.0
377.0,136.0
377.0,135.0
377.0,134.0
377.0,133.0
377.0,132.0
377.0,130.0
377.0,129.0
377.0,127.0
377.0,126.0
377.0,123.0
377.0,122.0
377.0,120.0
377.0,117.0
377.0,115.0
377.0,114.0
377.0,113.0
377.0,112.0
377.0,110.0
377.0,109.0
377.0,108.0
377.0,107.0
377.0,106.0
377.0,105.0
377.0,103.0
377.0,102.0
377.0,103.0
377.0,105.0
377.0,108.0
377.0,112.0
377.0,116.0
377.0,119.0
377.0,123.0
378.0,127.0
378.0,129.0
378.0,130.0
378.0,134.0
378.0,137.0
378.0,140.0
380.0,144.0
380.0,147.0
380.0,151.0
380.0,154.0
380.0,159.0
380.0,162.0
380.0,167.0
380.0,170.0
380.0,175.0
380.0,177.0
380.0,181.0
380.0,183.0
380.0,186.0
380.0,188.0
380.0,190.0
380.0,191.0
380.0,193.0
380.0,194.0
380.0,195.0
380.0,196.0
380.0,197.0
380.0,198.0
380.0,200.0
380.0,201.0
380.0,203.0
380.0,204.0
380.0,205.0
380.0,207.0
381.0,207.0
381.0,205.0
381.0,204.0
381.0,203.0
381.0,202.0
381.0,201.0
381.0,200.0
381.0,198.0
381.0,197.0
-1.0,-1.0
340.0,101.0
346.0,101.0
349.0,101.0
354.0,101.0
358.0,101.0
367.0,101.0
372.0,101.0
381.0,100.0
385.0,100.0
391.0,100.0
394.0,100.0
398.0,100.0
401.0,100.0
405.0,100.0
406.0,100.0
-1.0,-1.0
 
257.0,118.0
255.0,118.0
255.0,116.0
254.0,116.0
253.0,114.0
253.0,112.0
253.0,111.0
253.0,110.0
253.0,109.0
254.0,109.0
255.0,109.0
257.0,109.0
258.0,109.0
260.0,109.0
261.0,109.0
261.0,110.0
261.0,112.0
261.0,116.0
261.0,119.0
261.0,122.0
261.0,124.0
261.0,126.0
261.0,128.0
261.0,129.0
261.0,130.0
261.0,131.0
261.0,132.0
261.0,133.0
261.0,136.0
261.0,138.0
261.0,141.0
261.0,142.0
260.0,143.0
260.0,144.0
260.0,145.0
260.0,146.0
260.0,148.0
260.0,149.0
260.0,150.0
260.0,151.0
260.0,152.0
260.0,153.0
262.0,156.0
264.0,157.0
265.0,158.0
265.0,159.0
267.0,159.0
269.0,162.0
272.0,162.0
275.0,163.0
276.0,163.0
279.0,164.0
281.0,164.0
283.0,164.0
286.0,164.0
291.0,164.0
292.0,164.0
296.0,164.0
299.0,163.0
302.0,162.0
305.0,160.0
309.0,159.0
312.0,158.0
316.0,155.0
319.0,153.0
323.0,151.0
324.0,150.0
327.0,148.0
329.0,145.0
330.0,144.0
330.0,143.0
331.0,142.0
333.0,139.0
334.0,138.0
336.0,137.0
336.0,136.0
337.0,133.0
338.0,132.0
338.0,129.0
340.0,128.0
340.0,125.0
341.0,124.0
343.0,122.0
343.0,121.0
343.0,118.0
344.0,117.0
344.0,115.0
344.0,114.0
345.0,112.0
345.0,111.0
345.0,109.0
345.0,108.0
347.0,106.0
347.0,105.0
347.0,104.0
347.0,103.0
347.0,102.0
347.0,101.0
347.0,102.0
347.0,103.0
345.0,105.0
345.0,106.0
344.0,110.0
343.0,111.0
343.0,115.0
341.0,117.0
341.0,119.0
341.0,122.0
340.0,125.0
340.0,128.0
340.0,130.0
340.0,132.0
340.0,136.0
340.0,139.0
340.0,143.0
340.0,145.0
340.0,146.0
340.0,149.0
340.0,152.0
340.0,157.0
340.0,160.0
340.0,164.0
341.0,166.0
341.0,170.0
341.0,173.0
341.0,175.0
341.0,177.0
343.0,179.0
343.0,184.0
343.0,189.0
343.0,193.0
343.0,194.0
344.0,197.0
344.0,198.0
344.0,199.0
-1.0,-1.0
307.0,108.0
310.0,108.0
315.0,107.0
320.0,107.0
322.0,107.0
325.0,107.0
329.0,107.0
336.0,106.0
341.0,106.0
346.0,106.0
349.0,106.0
353.0,106.0
356.0,106.0
359.0,106.0
360.0,106.0
362.0,106.0
363.0,106.0
-1.0,-1.0
 
 
 
