403.0,97.0
404.0,94.0
407.0,92.0
408.0,91.0
411.0,88.0
413.0,87.0
417.0,85.0
420.0,83.0
421.0,81.0
423.0,81.0
424.0,80.0
427.0,79.0
428.0,78.0
430.0,78.0
431.0,78.0
432.0,78.0
434.0,78.0
435.0,78.0
437.0,78.0
438.0,78.0
439.0,78.0
442.0,79.0
444.0,80.0
445.0,83.0
446.0,84.0
448.0,86.0
448.0,87.0
449.0,90.0
449.0,91.0
449.0,93.0
449.0,94.0
449.0,97.0
449.0,98.0
449.0,101.0
449.0,102.0
446.0,105.0
444.0,107.0
441.0,109.0
438.0,112.0
435.0,114.0
432.0,115.0
428.0,118.0
425.0,119.0
423.0,121.0
420.0,124.0
415.0,126.0
413.0,127.0
407.0,131.0
404.0,133.0
401.0,135.0
399.0,136.0
397.0,139.0
394.0,141.0
393.0,144.0
392.0,145.0
390.0,147.0
389.0,148.0
387.0,149.0
387.0,151.0
386.0,152.0
386.0,153.0
386.0,154.0
386.0,155.0
386.0,156.0
386.0,158.0
386.0,159.0
386.0,160.0
387.0,163.0
389.0,165.0
392.0,168.0
393.0,171.0
394.0,172.0
397.0,173.0
400.0,175.0
404.0,178.0
407.0,179.0
413.0,180.0
417.0,181.0
423.0,181.0
425.0,182.0
431.0,182.0
434.0,182.0
438.0,182.0
442.0,182.0
446.0,182.0
451.0,182.0
456.0,180.0
459.0,178.0
462.0,176.0
463.0,175.0
466.0,174.0
469.0,172.0
472.0,169.0
475.0,167.0
476.0,166.0
479.0,162.0
482.0,160.0
484.0,155.0
486.0,154.0
487.0,151.0
487.0,147.0
489.0,144.0
490.0,141.0
492.0,136.0
493.0,134.0
493.0,133.0
493.0,131.0
494.0,128.0
494.0,125.0
496.0,122.0
496.0,121.0
496.0,119.0
497.0,117.0
497.0,113.0
497.0,111.0
497.0,108.0
499.0,106.0
499.0,105.0
499.0,104.0
499.0,101.0
499.0,100.0
499.0,98.0
499.0,97.0
499.0,94.0
499.0,93.0
499.0,92.0
499.0,93.0
499.0,95.0
499.0,100.0
499.0,105.0
499.0,111.0
499.0,115.0
499.0,124.0
499.0,127.0
499.0,135.0
499.0,140.0
499.0,147.0
499.0,151.0
499.0,155.0
500.0,157.0
500.0,160.0
500.0,162.0
500.0,164.0
-1.0,-1.0
466.0,68.0
468.0,68.0
470.0,68.0
472.0,69.0
476.0,69.0
480.0,71.0
483.0,72.0
489.0,72.0
492.0,73.0
497.0,73.0
501.0,73.0
507.0,73.0
511.0,74.0
515.0,74.0
518.0,75.0
521.0,75.0
524.0,75.0
527.0,75.0
530.0,75.0
531.0,75.0
532.0,75.0
534.0,75.0
535.0,76.0
-1.0,-1.0
403.0,106.0
403.0,107.0
404.0,107.0
404.0,108.0
406.0,108.0
406.0,109.0
407.0,109.0
408.0,109.0
408.0,110.0
410.0,110.0
411.0,110.0
413.0,110.0
-1.0,-1.0
 
