346.0,221.0
344.0,223.0
340.0,225.0
338.0,226.0
336.0,226.0
333.0,226.0
331.0,226.0
329.0,226.0
326.0,224.0
324.0,222.0
322.0,218.0
322.0,215.0
322.0,213.0
323.0,211.0
324.0,208.0
326.0,208.0
329.0,206.0
331.0,206.0
333.0,206.0
337.0,207.0
340.0,209.0
342.0,212.0
344.0,214.0
345.0,217.0
346.0,219.0
346.0,223.0
346.0,225.0
344.0,229.0
343.0,233.0
340.0,236.0
338.0,240.0
333.0,244.0
331.0,247.0
330.0,251.0
327.0,252.0
327.0,254.0
325.0,257.0
325.0,259.0
326.0,261.0
330.0,264.0
334.0,267.0
339.0,267.0
345.0,268.0
350.0,266.0
358.0,266.0
363.0,264.0
367.0,263.0
371.0,260.0
375.0,259.0
378.0,258.0
382.0,255.0
384.0,251.0
386.0,247.0
389.0,241.0
390.0,236.0
391.0,230.0
391.0,225.0
391.0,219.0
391.0,214.0
391.0,212.0
391.0,209.0
391.0,207.0
391.0,209.0
391.0,214.0
391.0,216.0
392.0,222.0
392.0,226.0
392.0,231.0
392.0,235.0
392.0,239.0
392.0,244.0
392.0,248.0
392.0,252.0
392.0,256.0
392.0,260.0
393.0,262.0
393.0,266.0
393.0,268.0
393.0,271.0
390.0,269.0
-1.0,-1.0
359.0,201.0
363.0,201.0
368.0,202.0
372.0,202.0
381.0,202.0
388.0,202.0
394.0,202.0
401.0,202.0
405.0,202.0
410.0,202.0
414.0,202.0
418.0,202.0
420.0,202.0
420.0,199.0
420.0,198.0
-1.0,-1.0
 
