.VERSION 1.0 
.HIERARCHY CHARACTER
.COORD X Y T
.SEGMENT CHARACTER 0-4 OK "2"
.H_LINE 1374 2249
.V_LINE 3500 4250
.X_DIM 750
.Y_DIM 874
.X_POINTS_PER_INCH 1000
.Y_POINTS_PER_INCH 1000
.POINTS_PER_SECOND 125
.COMMENT CALIB X: 23 Y: -135

.WRITER_INFO
 Name: PRASANNA
 WriterId: 71
 Hand: right
 EducationLevel: college graduate
 Gender: male
 Profession: student
 Region: chennai
 Age: 22
 DeviceType: digimemo a402
 SkillDevice: average
 Language: hindi
 Script: indic
 Native: false
 Style: discrete
 UsageFreq: rarely
 Proficiency: average
 Date: 2007-6-27
 WritingInProfession: no

.PEN_DOWN
3692 1577 0
3697 1573 0
3702 1570 0
3709 1567 0
3716 1564 0
3723 1562 0
3731 1562 0
3741 1563 0
3750 1566 0
3758 1570 0
3763 1578 0
3766 1590 0
3766 1602 0
3763 1617 0
3756 1630 0
3747 1642 0
3736 1653 0
3726 1661 0
3717 1667 0
3710 1669 0
3707 1668 0
3708 1663 0
3711 1658 0
3717 1653 0
3725 1650 0
3732 1648 0
3740 1648 0
3747 1652 0
3755 1662 0
3763 1675 0
3768 1691 0
3771 1708 0
3772 1726 0
3770 1742 0
3765 1757 0
3758 1768 0
3750 1775 0
3739 1781 0
3725 1785 0
3704 1788 0
3682 1786 0
3656 1782 0
3634 1775 0
3617 1766 0
3603 1757 0
3594 1747 0
3588 1739 0
3587 1733 0
3588 1729 0
3590 1725 0
3596 1721 0
.PEN_UP
.PEN_DOWN
3756 1652 0
3761 1656 0
3766 1662 0
3772 1670 0
3779 1678 0
3788 1686 0
3799 1692 0
3812 1696 0
3826 1698 0
3838 1696 0
3848 1693 0
3855 1688 0
3860 1681 0
3864 1670 0
3866 1658 0
3865 1647 0
.PEN_UP
.PEN_DOWN
3877 1568 0
3874 1574 0
3873 1585 0
3872 1601 0
3870 1622 0
3867 1649 0
3865 1676 0
3864 1702 0
3863 1727 0
3863 1749 0
3863 1766 0
3863 1778 0
3863 1785 0
3863 1789 0
3865 1784 0
.PEN_UP
.PEN_DOWN
3976 1551 0
3974 1555 0
3974 1563 0
3975 1575 0
3975 1594 0
3976 1617 0
3979 1646 0
3982 1675 0
3983 1700 0
3984 1722 0
3984 1740 0
3984 1754 0
3983 1763 0
3983 1768 0
3983 1768 0
.PEN_UP
.PEN_DOWN
3844 1543 0
3847 1542 0
3856 1541 0
3872 1540 0
3899 1538 0
3942 1537 0
3980 1535 0
4009 1533 0
4030 1532 0
4044 1530 0
4052 1528 0
4056 1525 0
.PEN_UP
