.VERSION 1.0 
.HIERARCHY CHARACTER
.COORD X Y T
.SEGMENT CHARACTER 0-2 OK "13"
.H_LINE 4624 5499
.V_LINE 5000 5750
.X_DIM 750
.Y_DIM 874
.X_POINTS_PER_INCH 1000
.Y_POINTS_PER_INCH 1000
.POINTS_PER_SECOND 125
.COMMENT CALIB X: 14 Y: -118

.WRITER_INFO
 Name: PRASANNA
 WriterId: 71
 Hand: right
 EducationLevel: college graduate
 Gender: male
 Profession: student
 Region: chennai
 Age: 22
 DeviceType: digimemo a402
 SkillDevice: average
 Language: hindi
 Script: indic
 Native: false
 Style: discrete
 UsageFreq: rarely
 Proficiency: average
 Date: 2007-6-27
 WritingInProfession: no

.PEN_DOWN
5192 4957 0
5192 4953 0
5199 4949 0
5207 4944 0
5216 4940 0
5226 4936 0
5236 4934 0
5244 4933 0
5249 4934 0
5253 4938 0
5256 4943 0
5259 4950 0
5261 4959 0
5261 4968 0
5260 4979 0
5259 4990 0
5257 5000 0
5254 5010 0
5250 5019 0
5245 5026 0
5239 5034 0
5232 5040 0
5224 5045 0
5215 5049 0
5207 5052 0
5197 5055 0
5186 5057 0
5175 5059 0
5164 5061 0
5157 5061 0
5153 5062 0
5156 5060 0
5159 5059 0
5162 5058 0
5167 5057 0
5174 5057 0
5182 5056 0
5189 5055 0
5195 5056 0
5201 5057 0
5207 5058 0
5213 5060 0
5219 5064 0
5226 5068 0
5234 5073 0
5242 5079 0
5250 5084 0
5259 5089 0
5268 5093 0
5278 5097 0
5288 5099 0
5298 5098 0
5309 5095 0
5320 5090 0
5331 5084 0
5341 5076 0
5351 5070 0
5358 5064 0
5363 5060 0
5365 5057 0
5362 5055 0
5357 5034 0
5352 5023 0
.PEN_UP
.PEN_DOWN
5397 4911 0
5392 4913 0
5389 4916 0
5387 4921 0
5386 4928 0
5385 4937 0
5384 4947 0
5385 4959 0
5386 4972 0
5388 4986 0
5389 5000 0
5389 5013 0
5389 5026 0
5390 5038 0
5390 5048 0
5390 5057 0
5390 5065 0
5391 5071 0
5391 5074 0
5392 5071 0
5392 5066 0
5392 5061 0
5393 5054 0
5392 5048 0
5391 5042 0
5390 5035 0
5387 5028 0
5383 5021 0
5378 5014 0
5370 5008 0
5362 5004 0
5353 5001 0
5343 5000 0
5334 5000 0
5326 5002 0
5319 5006 0
5314 5011 0
5311 5016 0
5310 5021 0
5310 5026 0
5310 5031 0
5312 5034 0
5315 5037 0
5320 5038 0
5329 5039 0
5343 5037 0
5361 5033 0
5377 5029 0
5390 5024 0
5404 5018 0
.PEN_UP
.PEN_DOWN
5148 4933 0
5156 4934 0
5173 4935 0
5201 4936 0
5233 4936 0
5264 4934 0
5298 4931 0
5335 4927 0
5370 4923 0
5398 4919 0
5420 4915 0
5434 4911 0
5443 4908 0
5449 4905 0
5454 4903 0
5458 4901 0
5461 4900 0
5464 4899 0
5467 4898 0
5470 4898 0
5471 4894 0
.PEN_UP
