.VERSION 1.0 
.HIERARCHY CHARACTER
.COORD X Y T
.SEGMENT CHARACTER 0-1 OK "28"
.H_LINE 9500 10374
.V_LINE 5000 5750
.X_DIM 750
.Y_DIM 874
.X_POINTS_PER_INCH 1000
.Y_POINTS_PER_INCH 1000
.POINTS_PER_SECOND 125
.COMMENT CALIB X: 13 Y: -113

.WRITER_INFO
 Name: PRASANNA
 WriterId: 71
 Hand: right
 EducationLevel: college graduate
 Gender: male
 Profession: student
 Region: chennai
 Age: 22
 DeviceType: digimemo a402
 SkillDevice: average
 Language: hindi
 Script: indic
 Native: false
 Style: discrete
 UsageFreq: rarely
 Proficiency: average
 Date: 2007-6-27
 WritingInProfession: no

.PEN_DOWN
5242 9803 0
5242 9806 0
5242 9809 0
5242 9812 0
5234 9812 0
5228 9808 0
5222 9804 0
5219 9800 0
5218 9795 0
5218 9791 0
5219 9787 0
5221 9783 0
5224 9781 0
5230 9779 0
5238 9778 0
5246 9778 0
5255 9778 0
5261 9779 0
5265 9781 0
5267 9784 0
5268 9788 0
5269 9793 0
5269 9798 0
5268 9803 0
5267 9807 0
5266 9811 0
5264 9815 0
5261 9819 0
5257 9823 0
5252 9826 0
5248 9828 0
5244 9830 0
5239 9832 0
5233 9834 0
5229 9836 0
5225 9838 0
5222 9841 0
5219 9844 0
5217 9847 0
5215 9850 0
5214 9854 0
5213 9858 0
5213 9861 0
5213 9865 0
5214 9868 0
5216 9872 0
5218 9875 0
5221 9877 0
5224 9879 0
5227 9880 0
5230 9880 0
5234 9880 0
5237 9880 0
5241 9878 0
5247 9876 0
5253 9873 0
5260 9871 0
5264 9869 0
5267 9868 0
5270 9867 0
5273 9866 0
5277 9864 0
5281 9862 0
5286 9860 0
5292 9857 0
5301 9853 0
5313 9848 0
5325 9843 0
5336 9838 0
5344 9833 0
5351 9828 0
5357 9824 0
5361 9820 0
5365 9816 0
5367 9811 0
5370 9806 0
5373 9802 0
5376 9798 0
5378 9795 0
5380 9790 0
5382 9786 0
5384 9782 0
5385 9779 0
5383 9783 0
5382 9788 0
5380 9794 0
5378 9799 0
5377 9804 0
5376 9811 0
5374 9819 0
5373 9830 0
5372 9842 0
5372 9855 0
5371 9866 0
5370 9877 0
5370 9885 0
5370 9890 0
5371 9878 0
.PEN_UP
.PEN_DOWN
5315 9765 0
5319 9764 0
5329 9764 0
5347 9764 0
5368 9764 0
5391 9764 0
5410 9763 0
5426 9762 0
5440 9761 0
5450 9760 0
5456 9759 0
5459 9759 0
5459 9759 0
.PEN_UP
