.VERSION 1.0 
.HIERARCHY CHARACTER
.COORD X Y T
.SEGMENT CHARACTER 0-2 OK "41"
.H_LINE 4624 5499
.V_LINE 1999 2749
.X_DIM 749
.Y_DIM 874
.X_POINTS_PER_INCH 1000
.Y_POINTS_PER_INCH 1000
.POINTS_PER_SECOND 125
.COMMENT CALIB X: -6 Y: -86

.WRITER_INFO
 Name: PRASANNA
 WriterId: 71
 Hand: right
 EducationLevel: college graduate
 Gender: male
 Profession: student
 Region: chennai
 Age: 22
 DeviceType: digimemo a402
 SkillDevice: average
 Language: hindi
 Script: indic
 Native: false
 Style: discrete
 UsageFreq: rarely
 Proficiency: average
 Date: 2007-6-27
 WritingInProfession: no

.PEN_DOWN
2280 4936 0
2284 4936 0
2286 4939 0
2287 4942 0
2287 4945 0
2285 4950 0
2282 4956 0
2277 4961 0
2272 4965 0
2266 4966 0
2260 4963 0
2256 4957 0
2253 4950 0
2252 4941 0
2252 4931 0
2254 4922 0
2257 4915 0
2261 4909 0
2267 4904 0
2276 4901 0
2284 4900 0
2292 4902 0
2300 4907 0
2307 4915 0
2311 4928 0
2313 4943 0
2312 4960 0
2308 4978 0
2302 4996 0
2295 5011 0
2287 5024 0
2278 5034 0
2269 5042 0
2256 5048 0
2242 5051 0
2228 5051 0
2214 5049 0
2201 5046 0
2190 5042 0
2182 5037 0
2179 5033 0
2180 5029 0
2184 5024 0
2191 5020 0
2200 5018 0
2211 5017 0
2220 5018 0
2229 5021 0
2238 5027 0
2246 5035 0
2254 5044 0
2261 5053 0
2268 5063 0
2277 5072 0
2286 5081 0
2297 5087 0
2308 5091 0
2319 5094 0
2330 5095 0
2341 5094 0
2352 5092 0
2362 5088 0
2369 5085 0
2375 5081 0
2379 5078 0
2381 5075 0
2379 5072 0
2376 5070 0
.PEN_UP
.PEN_DOWN
2447 4904 0
2443 4907 0
2440 4913 0
2438 4922 0
2437 4935 0
2436 4952 0
2435 4969 0
2435 4989 0
2435 5008 0
2435 5027 0
2435 5043 0
2436 5057 0
2437 5069 0
2437 5077 0
2438 5083 0
2438 5086 0
2439 5083 0
2439 5077 0
2439 5066 0
.PEN_UP
.PEN_DOWN
2388 4903 0
2391 4902 0
2398 4901 0
2411 4899 0
2429 4897 0
2448 4895 0
2467 4893 0
2483 4890 0
2494 4889 0
2500 4888 0
2503 4888 0
2502 4885 0
2503 4882 0
.PEN_UP
