.VERSION 1.0 
.HIERARCHY CHARACTER
.COORD X Y T
.SEGMENT CHARACTER 0-1 OK "57"
.H_LINE 9500 10374
.V_LINE 3500 4250
.X_DIM 750
.Y_DIM 874
.X_POINTS_PER_INCH 1000
.Y_POINTS_PER_INCH 1000
.POINTS_PER_SECOND 125
.COMMENT CALIB X: -116 Y: -98

.WRITER_INFO
 Name: PRASANNA
 WriterId: 71
 Hand: right
 EducationLevel: college graduate
 Gender: male
 Profession: student
 Region: chennai
 Age: 22
 DeviceType: digimemo a402
 SkillDevice: average
 Language: hindi
 Script: indic
 Native: false
 Style: discrete
 UsageFreq: rarely
 Proficiency: average
 Date: 2007-6-27
 WritingInProfession: no

.PEN_DOWN
3903 9653 0
3901 9656 0
3901 9660 0
3902 9665 0
3904 9671 0
3906 9677 0
3909 9685 0
3914 9696 0
3919 9707 0
3925 9719 0
3931 9730 0
3937 9741 0
3944 9752 0
3951 9761 0
3956 9770 0
3961 9777 0
3965 9782 0
3968 9786 0
3971 9789 0
3974 9789 0
3975 9785 0
3976 9780 0
3966 9774 0
.PEN_UP
.PEN_DOWN
4018 9664 0
4017 9668 0
4016 9673 0
4014 9678 0
4012 9684 0
4010 9693 0
4008 9704 0
4005 9715 0
4001 9729 0
3997 9741 0
3994 9752 0
3991 9762 0
3987 9770 0
3985 9777 0
3984 9782 0
3982 9786 0
3980 9789 0
3978 9792 0
3978 9796 0
3978 9799 0
3979 9803 0
3980 9806 0
3981 9810 0
3983 9814 0
3984 9819 0
3986 9825 0
3987 9829 0
3988 9834 0
3988 9841 0
3989 9850 0
3990 9859 0
3991 9869 0
3992 9879 0
3992 9890 0
3993 9899 0
3994 9907 0
3994 9916 0
3994 9924 0
3995 9930 0
3995 9940 0
3996 9947 0
3996 9953 0
3996 9959 0
3997 9966 0
3997 9972 0
3997 9978 0
3997 9984 0
3997 9989 0
3997 9994 0
3997 9998 0
3997 10002 0
3997 10005 0
3997 10008 0
3998 10002 0
3997 9996 0
3996 9974 0
.PEN_UP
