.VERSION 1.0 
.HIERARCHY CHARACTER
.COORD X Y T
.SEGMENT CHARACTER 0-1 OK "84"
.H_LINE 7874 8750
.V_LINE 6500 7250
.X_DIM 750
.Y_DIM 875
.X_POINTS_PER_INCH 1000
.Y_POINTS_PER_INCH 1000
.POINTS_PER_SECOND 125
.COMMENT CALIB X: 38 Y: -125

.WRITER_INFO
 Name: PRASANNA
 WriterId: 71
 Hand: right
 EducationLevel: college graduate
 Gender: male
 Profession: student
 Region: chennai
 Age: 22
 DeviceType: digimemo a402
 SkillDevice: average
 Language: hindi
 Script: indic
 Native: false
 Style: discrete
 UsageFreq: rarely
 Proficiency: average
 Date: 2007-6-27
 WritingInProfession: no

.PEN_DOWN
6781 8102 0
6781 8099 0
6781 8096 0
6780 8093 0
6783 8090 0
6786 8088 0
6791 8085 0
6795 8083 0
6799 8081 0
6802 8081 0
6805 8080 0
6808 8080 0
6811 8081 0
6814 8081 0
6817 8083 0
6818 8086 0
6820 8089 0
6821 8093 0
6822 8097 0
6822 8103 0
6822 8110 0
6821 8116 0
6821 8121 0
6820 8126 0
6819 8132 0
6818 8137 0
6817 8141 0
6815 8144 0
6814 8147 0
6812 8150 0
6810 8154 0
6808 8157 0
6806 8160 0
6804 8163 0
6802 8167 0
6800 8172 0
6798 8177 0
6796 8182 0
6794 8187 0
6792 8192 0
6790 8196 0
6788 8201 0
6786 8206 0
6785 8211 0
6784 8216 0
6783 8219 0
6782 8222 0
6783 8225 0
6785 8228 0
6788 8231 0
6791 8234 0
6794 8237 0
6797 8239 0
6800 8241 0
6803 8242 0
6806 8244 0
6809 8245 0
6812 8245 0
6816 8244 0
6822 8243 0
6829 8241 0
6836 8240 0
6841 8239 0
6845 8237 0
6848 8235 0
6853 8232 0
6859 8229 0
6865 8225 0
6872 8221 0
6878 8218 0
6882 8215 0
6885 8213 0
6883 8205 0
.PEN_UP
.PEN_DOWN
6736 8059 0
6736 8062 0
6740 8063 0
6750 8065 0
6769 8067 0
6792 8070 0
6820 8070 0
6853 8068 0
6888 8066 0
6923 8063 0
6957 8061 0
6986 8058 0
7004 8055 0
7013 8054 0
7018 8053 0
7022 8052 0
.PEN_UP
