.VERSION 1.0 
.HIERARCHY CHARACTER
.COORD X Y T
.SEGMENT CHARACTER 0-2 OK "43"
.H_LINE 4624 5499
.V_LINE 5000 5750
.X_DIM 750
.Y_DIM 874
.X_POINTS_PER_INCH 1000
.Y_POINTS_PER_INCH 1000
.POINTS_PER_SECOND 125
.COMMENT CALIB X: 9 Y: -75

.WRITER_INFO
 Name: SANDIP PRADAN
 WriterId: 3
 Hand: right
 EducationLevel: post graduate
 Gender: male
 Profession: student
 Region: darjeeling
 Age: 23
 DeviceType: digimemo a402
 SkillDevice: average
 Language: hindi
 Script: indic
 Native: false
 Style: discrete
 UsageFreq: once a month
 Proficiency: average
 Date: 2007-6-6
 WritingInProfession: no

.PEN_DOWN
5257 4972 0
5255 4969 0
5258 4973 0
5261 4979 0
5265 4986 0
5270 4997 0
5274 5011 0
5278 5025 0
5281 5041 0
5281 5054 0
5279 5066 0
5277 5077 0
5270 5084 0
5263 5087 0
5254 5090 0
5242 5090 0
5230 5090 0
5219 5089 0
5211 5088 0
5207 5088 0
5210 5090 0
5214 5093 0
5221 5096 0
5230 5100 0
5242 5105 0
5254 5111 0
5267 5118 0
5279 5124 0
5289 5127 0
5296 5129 0
5299 5130 0
5296 5129 0
5291 5129 0
5283 5126 0
.PEN_UP
.PEN_DOWN
5270 5085 0
5273 5085 0
5277 5085 0
5282 5085 0
5288 5085 0
5293 5085 0
5300 5085 0
5308 5085 0
5316 5085 0
5324 5079 0
5335 5075 0
5345 5073 0
5354 5070 0
5361 5067 0
5367 5064 0
5372 5058 0
5377 5050 0
5381 5040 0
5384 5029 0
5386 5016 0
5386 5003 0
5385 4990 0
5384 4978 0
5383 4969 0
5383 4963 0
5383 4959 0
5383 4963 0
5383 4971 0
5383 4982 0
5383 4996 0
5384 5012 0
5386 5030 0
5389 5047 0
5392 5064 0
5395 5079 0
5398 5093 0
5402 5104 0
5405 5112 0
5407 5117 0
5409 5120 0
5410 5111 0
.PEN_UP
.PEN_DOWN
5233 4953 0
5236 4950 0
5239 4948 0
5242 4946 0
5245 4944 0
5249 4943 0
5255 4943 0
5264 4942 0
5280 4941 0
5304 4940 0
5334 4940 0
5368 4941 0
5400 4942 0
5426 4941 0
5443 4940 0
5452 4939 0
5457 4939 0
5460 4938 0
.PEN_UP
