.VERSION 1.0 
.HIERARCHY CHARACTER
.COORD X Y T
.SEGMENT CHARACTER 0-3 OK "96"
.H_LINE 2999 3874
.V_LINE 1999 2749
.X_DIM 749
.Y_DIM 874
.X_POINTS_PER_INCH 1000
.Y_POINTS_PER_INCH 1000
.POINTS_PER_SECOND 125
.COMMENT CALIB X: -17 Y: -62

.WRITER_INFO
 Name: SANDIP PRADAN
 WriterId: 3
 Hand: right
 EducationLevel: post graduate
 Gender: male
 Profession: student
 Region: darjeeling
 Age: 23
 DeviceType: digimemo a402
 SkillDevice: average
 Language: hindi
 Script: indic
 Native: false
 Style: discrete
 UsageFreq: once a month
 Proficiency: average
 Date: 2007-6-6
 WritingInProfession: no

.PEN_DOWN
2396 3304 0
2396 3297 0
2396 3292 0
2396 3289 0
2396 3293 0
2397 3299 0
2399 3309 0
2401 3321 0
2403 3333 0
2407 3346 0
2411 3358 0
2416 3368 0
2420 3379 0
2423 3390 0
2425 3399 0
2427 3405 0
2429 3409 0
2428 3404 0
2427 3399 0
2426 3391 0
2425 3383 0
2423 3374 0
2420 3365 0
2415 3358 0
2410 3351 0
2404 3344 0
2398 3338 0
2392 3334 0
2384 3332 0
2375 3331 0
2362 3331 0
2346 3333 0
2331 3337 0
2314 3342 0
2300 3348 0
2290 3356 0
2280 3364 0
2274 3373 0
2271 3384 0
2270 3396 0
2271 3407 0
2274 3418 0
2280 3428 0
2289 3436 0
2300 3443 0
2314 3442 0
.PEN_UP
.PEN_DOWN
2425 3355 0
2430 3352 0
2437 3350 0
2444 3349 0
2450 3348 0
2455 3348 0
2459 3349 0
2464 3351 0
2468 3354 0
2473 3359 0
2478 3364 0
2482 3371 0
2485 3379 0
2486 3389 0
2484 3399 0
2480 3409 0
2473 3413 0
.PEN_UP
.PEN_DOWN
2356 3342 0
2358 3339 0
2354 3337 0
2346 3336 0
2334 3337 0
2320 3339 0
2304 3342 0
2289 3344 0
2275 3346 0
2262 3348 0
2249 3349 0
2240 3349 0
2233 3349 0
2230 3349 0
2233 3348 0
2238 3348 0
2243 3349 0
2248 3347 0
.PEN_UP
.PEN_DOWN
2321 3256 0
2317 3256 0
2313 3256 0
2310 3256 0
2313 3255 0
2317 3255 0
2323 3254 0
2334 3253 0
2352 3253 0
2375 3253 0
2400 3254 0
2426 3257 0
2450 3256 0
.PEN_UP
