343.0,122.0
342.0,124.0
341.0,127.0
341.0,129.0
341.0,131.0
341.0,134.0
341.0,136.0
341.0,138.0
341.0,140.0
341.0,144.0
342.0,148.0
343.0,151.0
343.0,155.0
344.0,159.0
345.0,161.0
346.0,165.0
348.0,172.0
349.0,175.0
350.0,180.0
352.0,183.0
352.0,185.0
352.0,189.0
353.0,191.0
353.0,195.0
353.0,199.0
351.0,202.0
350.0,204.0
350.0,206.0
348.0,209.0
346.0,211.0
343.0,215.0
341.0,217.0
338.0,218.0
336.0,218.0
333.0,218.0
332.0,215.0
332.0,213.0
332.0,210.0
333.0,206.0
335.0,204.0
338.0,203.0
342.0,199.0
344.0,197.0
348.0,196.0
356.0,193.0
360.0,190.0
362.0,189.0
365.0,186.0
371.0,185.0
375.0,182.0
377.0,181.0
380.0,179.0
384.0,177.0
386.0,175.0
389.0,172.0
391.0,170.0
394.0,168.0
395.0,166.0
398.0,163.0
399.0,161.0
400.0,158.0
401.0,156.0
403.0,152.0
404.0,148.0
404.0,144.0
404.0,140.0
404.0,138.0
404.0,136.0
402.0,133.0
402.0,131.0
402.0,129.0
400.0,126.0
400.0,129.0
401.0,133.0
401.0,137.0
401.0,143.0
402.0,146.0
402.0,150.0
402.0,153.0
402.0,156.0
403.0,160.0
403.0,163.0
404.0,165.0
404.0,169.0
404.0,174.0
404.0,178.0
404.0,181.0
405.0,183.0
405.0,188.0
405.0,191.0
405.0,193.0
405.0,195.0
405.0,199.0
406.0,203.0
406.0,205.0
406.0,209.0
406.0,212.0
407.0,214.0
407.0,216.0
407.0,220.0
407.0,222.0
407.0,225.0
407.0,227.0
408.0,230.0
409.0,232.0
407.0,230.0
-1.0,-1.0
288.0,119.0
290.0,119.0
294.0,120.0
296.0,120.0
302.0,121.0
306.0,121.0
311.0,122.0
317.0,122.0
324.0,122.0
329.0,122.0
335.0,123.0
340.0,123.0
347.0,123.0
351.0,124.0
357.0,124.0
360.0,124.0
368.0,124.0
373.0,122.0
378.0,122.0
384.0,122.0
391.0,122.0
395.0,122.0
402.0,122.0
407.0,122.0
415.0,122.0
420.0,122.0
425.0,122.0
431.0,123.0
436.0,123.0
439.0,121.0
443.0,121.0
445.0,121.0
449.0,121.0
450.0,119.0
-1.0,-1.0
 
