366.0,73.0
367.0,74.0
370.0,78.0
373.0,80.0
375.0,84.0
378.0,87.0
381.0,92.0
382.0,94.0
385.0,99.0
387.0,101.0
387.0,102.0
388.0,105.0
389.0,107.0
391.0,112.0
392.0,117.0
394.0,121.0
395.0,124.0
395.0,127.0
395.0,129.0
397.0,134.0
397.0,137.0
398.0,141.0
398.0,144.0
398.0,148.0
398.0,151.0
398.0,155.0
398.0,158.0
398.0,161.0
398.0,162.0
398.0,165.0
398.0,166.0
398.0,168.0
398.0,169.0
398.0,171.0
397.0,172.0
395.0,174.0
394.0,175.0
394.0,176.0
392.0,178.0
391.0,179.0
389.0,179.0
388.0,180.0
387.0,180.0
385.0,180.0
384.0,180.0
381.0,180.0
380.0,179.0
378.0,178.0
377.0,178.0
377.0,176.0
375.0,175.0
375.0,174.0
375.0,173.0
375.0,172.0
377.0,171.0
378.0,171.0
381.0,169.0
382.0,168.0
387.0,167.0
389.0,166.0
395.0,165.0
398.0,163.0
404.0,161.0
406.0,160.0
411.0,158.0
415.0,156.0
416.0,155.0
418.0,155.0
420.0,154.0
425.0,153.0
427.0,152.0
429.0,151.0
430.0,149.0
433.0,148.0
439.0,145.0
442.0,142.0
446.0,139.0
447.0,138.0
450.0,135.0
450.0,133.0
453.0,132.0
453.0,129.0
454.0,127.0
456.0,126.0
457.0,125.0
457.0,124.0
458.0,120.0
460.0,117.0
461.0,114.0
463.0,110.0
464.0,106.0
465.0,101.0
467.0,99.0
467.0,94.0
468.0,93.0
468.0,90.0
468.0,88.0
468.0,87.0
468.0,86.0
468.0,85.0
468.0,84.0
468.0,83.0
468.0,81.0
468.0,80.0
468.0,79.0
468.0,78.0
468.0,79.0
467.0,79.0
467.0,81.0
467.0,85.0
467.0,90.0
467.0,94.0
467.0,105.0
467.0,114.0
467.0,131.0
467.0,140.0
467.0,151.0
467.0,155.0
467.0,158.0
467.0,161.0
467.0,164.0
467.0,168.0
467.0,174.0
469.0,181.0
469.0,187.0
471.0,191.0
472.0,193.0
472.0,197.0
472.0,199.0
473.0,201.0
473.0,204.0
473.0,206.0
473.0,207.0
475.0,209.0
475.0,211.0
475.0,212.0
475.0,213.0
-1.0,-1.0
305.0,83.0
306.0,83.0
309.0,83.0
312.0,83.0
316.0,83.0
319.0,83.0
323.0,83.0
327.0,83.0
333.0,83.0
336.0,83.0
342.0,82.0
344.0,82.0
350.0,81.0
354.0,81.0
360.0,80.0
363.0,80.0
368.0,79.0
371.0,79.0
375.0,79.0
378.0,79.0
381.0,77.0
384.0,77.0
388.0,77.0
395.0,77.0
401.0,76.0
409.0,75.0
413.0,75.0
419.0,75.0
423.0,74.0
430.0,74.0
434.0,74.0
441.0,73.0
444.0,73.0
447.0,73.0
450.0,73.0
453.0,73.0
458.0,73.0
461.0,73.0
465.0,72.0
468.0,72.0
472.0,72.0
474.0,72.0
478.0,72.0
479.0,72.0
482.0,72.0
484.0,72.0
487.0,72.0
488.0,72.0
491.0,72.0
492.0,72.0
494.0,72.0
495.0,72.0
496.0,72.0
498.0,72.0
499.0,72.0
501.0,72.0
502.0,72.0
503.0,72.0
-1.0,-1.0
 
