242.0,121.0
242.0,125.0
242.0,127.0
242.0,132.0
242.0,135.0
242.0,140.0
242.0,143.0
242.0,149.0
242.0,153.0
243.0,160.0
243.0,165.0
243.0,173.0
243.0,176.0
243.0,180.0
243.0,182.0
243.0,187.0
243.0,193.0
243.0,195.0
243.0,199.0
243.0,200.0
243.0,202.0
243.0,203.0
243.0,206.0
242.0,207.0
241.0,208.0
239.0,209.0
238.0,209.0
236.0,209.0
235.0,210.0
234.0,210.0
232.0,210.0
231.0,210.0
231.0,209.0
231.0,208.0
231.0,206.0
231.0,204.0
231.0,202.0
232.0,200.0
235.0,195.0
236.0,193.0
241.0,188.0
243.0,186.0
248.0,182.0
250.0,180.0
255.0,177.0
256.0,176.0
259.0,174.0
262.0,173.0
263.0,172.0
263.0,170.0
266.0,169.0
267.0,168.0
269.0,167.0
270.0,165.0
272.0,163.0
273.0,162.0
274.0,161.0
276.0,159.0
277.0,158.0
279.0,155.0
279.0,154.0
280.0,150.0
281.0,148.0
283.0,145.0
283.0,142.0
284.0,139.0
284.0,138.0
284.0,134.0
284.0,133.0
284.0,131.0
284.0,129.0
284.0,128.0
284.0,127.0
284.0,126.0
284.0,125.0
284.0,123.0
284.0,122.0
283.0,121.0
281.0,121.0
281.0,122.0
281.0,125.0
281.0,128.0
281.0,134.0
281.0,139.0
281.0,151.0
281.0,161.0
281.0,177.0
281.0,185.0
281.0,195.0
281.0,202.0
281.0,205.0
281.0,208.0
281.0,210.0
281.0,211.0
283.0,214.0
283.0,216.0
283.0,218.0
283.0,221.0
283.0,222.0
283.0,223.0
283.0,224.0
283.0,227.0
283.0,228.0
283.0,229.0
-1.0,-1.0
206.0,128.0
211.0,128.0
215.0,128.0
223.0,127.0
229.0,127.0
240.0,127.0
246.0,125.0
257.0,125.0
267.0,124.0
279.0,124.0
284.0,122.0
289.0,122.0
292.0,122.0
296.0,122.0
298.0,122.0
301.0,122.0
302.0,122.0
303.0,122.0
305.0,122.0
306.0,122.0
308.0,122.0
309.0,122.0
309.0,123.0
309.0,124.0
309.0,125.0
-1.0,-1.0
 
253.0,90.0
255.0,93.0
257.0,101.0
259.0,109.0
264.0,126.0
267.0,137.0
269.0,153.0
271.0,162.0
274.0,173.0
276.0,180.0
276.0,185.0
276.0,189.0
278.0,194.0
278.0,206.0
280.0,216.0
280.0,226.0
280.0,227.0
280.0,230.0
280.0,233.0
280.0,235.0
280.0,236.0
280.0,239.0
280.0,240.0
279.0,241.0
278.0,241.0
278.0,242.0
275.0,243.0
273.0,243.0
272.0,243.0
271.0,243.0
269.0,243.0
268.0,243.0
266.0,242.0
265.0,241.0
264.0,237.0
264.0,236.0
262.0,234.0
262.0,232.0
262.0,229.0
262.0,226.0
262.0,222.0
264.0,219.0
269.0,212.0
275.0,207.0
281.0,200.0
284.0,198.0
288.0,195.0
292.0,191.0
296.0,188.0
299.0,184.0
302.0,180.0
303.0,177.0
306.0,174.0
307.0,172.0
310.0,168.0
312.0,166.0
313.0,162.0
314.0,160.0
316.0,156.0
316.0,154.0
317.0,150.0
317.0,148.0
319.0,147.0
319.0,145.0
319.0,142.0
319.0,139.0
319.0,136.0
319.0,134.0
319.0,132.0
319.0,129.0
319.0,127.0
319.0,123.0
319.0,122.0
319.0,120.0
319.0,119.0
319.0,116.0
317.0,115.0
317.0,114.0
317.0,113.0
317.0,112.0
317.0,110.0
316.0,109.0
316.0,108.0
314.0,108.0
314.0,109.0
314.0,112.0
314.0,114.0
314.0,118.0
314.0,121.0
314.0,125.0
314.0,130.0
316.0,134.0
316.0,141.0
317.0,145.0
317.0,153.0
319.0,157.0
319.0,164.0
319.0,168.0
320.0,174.0
320.0,177.0
320.0,182.0
321.0,186.0
321.0,190.0
321.0,193.0
321.0,196.0
323.0,197.0
323.0,200.0
323.0,201.0
323.0,202.0
323.0,203.0
323.0,204.0
-1.0,-1.0
324.0,211.0
326.0,215.0
326.0,218.0
327.0,223.0
327.0,225.0
327.0,229.0
328.0,230.0
328.0,233.0
328.0,234.0
328.0,235.0
-1.0,-1.0
 
 
 
