406.0,47.0
409.0,49.0
410.0,51.0
413.0,55.0
415.0,57.0
417.0,62.0
419.0,63.0
422.0,68.0
423.0,70.0
424.0,74.0
426.0,75.0
426.0,78.0
427.0,80.0
429.0,82.0
429.0,83.0
429.0,87.0
430.0,88.0
430.0,90.0
430.0,93.0
430.0,94.0
430.0,96.0
430.0,98.0
431.0,101.0
431.0,104.0
431.0,105.0
431.0,109.0
431.0,111.0
431.0,115.0
431.0,118.0
431.0,122.0
431.0,125.0
430.0,130.0
429.0,132.0
427.0,137.0
426.0,139.0
424.0,144.0
423.0,145.0
422.0,148.0
420.0,149.0
419.0,151.0
416.0,154.0
415.0,156.0
412.0,157.0
410.0,158.0
408.0,159.0
406.0,161.0
403.0,161.0
402.0,162.0
399.0,162.0
398.0,162.0
396.0,162.0
395.0,162.0
393.0,162.0
392.0,162.0
391.0,162.0
389.0,162.0
388.0,161.0
386.0,161.0
386.0,159.0
386.0,158.0
386.0,157.0
386.0,156.0
386.0,155.0
386.0,154.0
386.0,151.0
386.0,150.0
386.0,149.0
388.0,148.0
389.0,145.0
393.0,142.0
396.0,141.0
400.0,137.0
402.0,136.0
405.0,135.0
408.0,134.0
410.0,132.0
412.0,132.0
415.0,131.0
416.0,130.0
419.0,130.0
420.0,129.0
423.0,128.0
426.0,128.0
429.0,127.0
430.0,125.0
433.0,125.0
436.0,124.0
439.0,123.0
441.0,122.0
446.0,121.0
447.0,121.0
451.0,120.0
453.0,118.0
457.0,116.0
460.0,115.0
462.0,114.0
465.0,111.0
468.0,110.0
471.0,108.0
472.0,105.0
474.0,104.0
477.0,102.0
478.0,101.0
479.0,98.0
481.0,97.0
482.0,96.0
482.0,95.0
482.0,93.0
484.0,93.0
484.0,91.0
484.0,90.0
484.0,89.0
484.0,88.0
484.0,85.0
484.0,81.0
484.0,77.0
484.0,70.0
484.0,66.0
484.0,60.0
484.0,56.0
484.0,54.0
484.0,53.0
484.0,51.0
484.0,50.0
484.0,49.0
484.0,48.0
482.0,48.0
482.0,47.0
482.0,48.0
482.0,49.0
482.0,51.0
482.0,54.0
482.0,59.0
482.0,63.0
482.0,73.0
482.0,77.0
482.0,87.0
482.0,90.0
482.0,97.0
484.0,101.0
484.0,107.0
484.0,110.0
484.0,114.0
484.0,116.0
484.0,120.0
484.0,125.0
484.0,128.0
484.0,131.0
484.0,134.0
484.0,135.0
484.0,136.0
484.0,137.0
484.0,141.0
484.0,143.0
484.0,145.0
484.0,147.0
484.0,149.0
484.0,150.0
484.0,151.0
484.0,152.0
484.0,154.0
484.0,155.0
484.0,157.0
484.0,158.0
484.0,159.0
484.0,161.0
484.0,162.0
484.0,163.0
484.0,164.0
484.0,165.0
484.0,166.0
484.0,168.0
-1.0,-1.0
363.0,43.0
366.0,43.0
367.0,43.0
371.0,43.0
374.0,43.0
380.0,43.0
384.0,43.0
387.0,43.0
390.0,43.0
394.0,42.0
402.0,42.0
408.0,42.0
416.0,41.0
421.0,41.0
426.0,41.0
429.0,41.0
435.0,40.0
437.0,40.0
442.0,40.0
444.0,40.0
447.0,40.0
450.0,39.0
453.0,39.0
454.0,39.0
457.0,39.0
459.0,39.0
460.0,39.0
463.0,39.0
466.0,39.0
468.0,39.0
470.0,39.0
474.0,39.0
475.0,39.0
480.0,39.0
481.0,39.0
484.0,39.0
485.0,39.0
488.0,39.0
490.0,39.0
491.0,39.0
492.0,39.0
494.0,39.0
495.0,39.0
497.0,39.0
498.0,39.0
499.0,39.0
501.0,39.0
502.0,39.0
504.0,39.0
505.0,39.0
506.0,39.0
508.0,39.0
511.0,39.0
512.0,39.0
513.0,39.0
515.0,39.0
516.0,39.0
518.0,39.0
-1.0,-1.0
 
