291.0,115.0
291.0,117.0
291.0,121.0
291.0,123.0
291.0,125.0
291.0,131.0
291.0,133.0
291.0,135.0
291.0,139.0
291.0,142.0
292.0,146.0
292.0,148.0
292.0,150.0
292.0,152.0
292.0,155.0
292.0,157.0
293.0,160.0
293.0,162.0
293.0,164.0
290.0,164.0
288.0,162.0
285.0,160.0
282.0,156.0
280.0,154.0
276.0,152.0
273.0,149.0
271.0,148.0
272.0,145.0
276.0,145.0
278.0,145.0
280.0,145.0
284.0,145.0
286.0,145.0
290.0,145.0
294.0,146.0
300.0,147.0
303.0,147.0
307.0,148.0
311.0,149.0
315.0,149.0
318.0,149.0
320.0,147.0
321.0,145.0
322.0,142.0
322.0,140.0
322.0,138.0
320.0,135.0
320.0,133.0
320.0,131.0
320.0,128.0
320.0,126.0
320.0,124.0
320.0,121.0
320.0,119.0
321.0,121.0
321.0,125.0
321.0,127.0
321.0,131.0
321.0,135.0
321.0,137.0
322.0,140.0
322.0,142.0
322.0,144.0
322.0,146.0
323.0,149.0
323.0,151.0
323.0,154.0
323.0,156.0
323.0,158.0
323.0,160.0
323.0,164.0
323.0,167.0
323.0,169.0
323.0,173.0
324.0,175.0
324.0,178.0
324.0,180.0
324.0,178.0
-1.0,-1.0
238.0,108.0
241.0,109.0
243.0,109.0
245.0,110.0
249.0,110.0
252.0,111.0
254.0,112.0
260.0,113.0
263.0,113.0
269.0,114.0
273.0,114.0
278.0,114.0
284.0,114.0
287.0,114.0
293.0,114.0
298.0,114.0
304.0,114.0
307.0,114.0
311.0,114.0
315.0,115.0
319.0,115.0
321.0,115.0
325.0,115.0
329.0,116.0
335.0,116.0
340.0,116.0
344.0,116.0
346.0,116.0
348.0,116.0
351.0,116.0
353.0,116.0
354.0,114.0
-1.0,-1.0
 
