121.0,99.0
122.0,99.0
124.0,100.0
125.0,101.0
127.0,102.0
128.0,104.0
128.0,105.0
129.0,106.0
131.0,107.0
131.0,108.0
132.0,111.0
132.0,113.0
135.0,118.0
135.0,120.0
136.0,122.0
136.0,125.0
138.0,128.0
138.0,134.0
139.0,138.0
139.0,142.0
141.0,146.0
141.0,149.0
141.0,152.0
141.0,155.0
141.0,158.0
141.0,161.0
141.0,163.0
141.0,169.0
141.0,174.0
141.0,180.0
141.0,182.0
141.0,187.0
141.0,189.0
141.0,193.0
139.0,196.0
138.0,200.0
138.0,202.0
136.0,205.0
136.0,207.0
135.0,208.0
135.0,209.0
135.0,210.0
134.0,213.0
132.0,214.0
132.0,215.0
131.0,215.0
129.0,216.0
128.0,216.0
127.0,216.0
125.0,216.0
124.0,216.0
122.0,216.0
121.0,216.0
120.0,216.0
118.0,216.0
117.0,216.0
117.0,215.0
117.0,214.0
115.0,213.0
115.0,210.0
115.0,209.0
115.0,208.0
115.0,206.0
115.0,205.0
115.0,202.0
115.0,201.0
115.0,199.0
115.0,197.0
115.0,194.0
117.0,192.0
118.0,190.0
120.0,188.0
122.0,185.0
125.0,181.0
128.0,179.0
131.0,175.0
133.0,173.0
136.0,169.0
139.0,168.0
142.0,165.0
145.0,163.0
147.0,160.0
149.0,159.0
152.0,155.0
155.0,153.0
157.0,150.0
159.0,148.0
162.0,146.0
163.0,143.0
166.0,140.0
167.0,139.0
170.0,135.0
171.0,134.0
174.0,131.0
176.0,128.0
178.0,126.0
178.0,125.0
180.0,124.0
180.0,122.0
181.0,120.0
181.0,119.0
183.0,118.0
183.0,116.0
183.0,114.0
183.0,112.0
183.0,108.0
183.0,105.0
183.0,100.0
183.0,97.0
184.0,94.0
184.0,93.0
184.0,91.0
184.0,88.0
184.0,87.0
184.0,86.0
184.0,85.0
184.0,86.0
183.0,87.0
183.0,88.0
183.0,89.0
183.0,91.0
183.0,92.0
183.0,93.0
183.0,95.0
183.0,97.0
181.0,100.0
181.0,104.0
181.0,108.0
181.0,113.0
181.0,122.0
181.0,127.0
181.0,141.0
181.0,149.0
181.0,161.0
181.0,167.0
181.0,176.0
181.0,181.0
181.0,188.0
181.0,194.0
181.0,198.0
181.0,201.0
181.0,206.0
181.0,215.0
181.0,221.0
181.0,225.0
181.0,228.0
181.0,231.0
181.0,232.0
181.0,235.0
181.0,237.0
181.0,239.0
181.0,240.0
181.0,243.0
180.0,245.0
180.0,248.0
180.0,249.0
180.0,250.0
180.0,251.0
180.0,252.0
-1.0,-1.0
89.0,97.0
92.0,97.0
95.0,97.0
99.0,97.0
102.0,97.0
108.0,97.0
112.0,97.0
119.0,96.0
123.0,96.0
133.0,95.0
140.0,93.0
155.0,92.0
161.0,92.0
166.0,92.0
170.0,92.0
175.0,92.0
178.0,92.0
182.0,92.0
185.0,92.0
189.0,92.0
192.0,92.0
193.0,92.0
196.0,92.0
199.0,92.0
203.0,90.0
207.0,90.0
213.0,90.0
217.0,90.0
224.0,90.0
228.0,90.0
235.0,90.0
239.0,90.0
245.0,90.0
248.0,90.0
251.0,90.0
252.0,90.0
255.0,90.0
256.0,92.0
-1.0,-1.0
 
