253.0,180.0
254.0,184.0
255.0,186.0
257.0,190.0
258.0,194.0
259.0,197.0
260.0,201.0
262.0,206.0
263.0,212.0
263.0,217.0
264.0,221.0
264.0,225.0
264.0,230.0
264.0,233.0
264.0,238.0
262.0,241.0
262.0,244.0
260.0,248.0
259.0,251.0
256.0,253.0
252.0,256.0
250.0,257.0
248.0,257.0
244.0,257.0
241.0,255.0
240.0,253.0
240.0,249.0
241.0,245.0
242.0,243.0
245.0,241.0
249.0,239.0
253.0,237.0
256.0,236.0
260.0,235.0
264.0,233.0
270.0,232.0
272.0,231.0
275.0,231.0
280.0,229.0
283.0,228.0
287.0,227.0
291.0,225.0
295.0,223.0
297.0,223.0
299.0,221.0
302.0,219.0
304.0,217.0
308.0,213.0
310.0,211.0
311.0,208.0
311.0,206.0
312.0,204.0
312.0,200.0
312.0,198.0
312.0,195.0
312.0,193.0
312.0,191.0
312.0,194.0
312.0,198.0
312.0,202.0
312.0,204.0
313.0,208.0
313.0,211.0
313.0,214.0
313.0,218.0
313.0,221.0
314.0,225.0
314.0,228.0
314.0,231.0
314.0,235.0
315.0,237.0
315.0,241.0
315.0,246.0
315.0,249.0
315.0,251.0
315.0,255.0
315.0,257.0
315.0,261.0
315.0,263.0
315.0,265.0
316.0,268.0
316.0,270.0
316.0,272.0
316.0,275.0
313.0,273.0
-1.0,-1.0
223.0,187.0
227.0,188.0
233.0,188.0
237.0,188.0
244.0,189.0
249.0,189.0
257.0,189.0
262.0,190.0
270.0,190.0
277.0,191.0
287.0,191.0
297.0,192.0
307.0,192.0
317.0,192.0
324.0,192.0
332.0,193.0
339.0,193.0
347.0,193.0
352.0,193.0
358.0,194.0
363.0,194.0
365.0,194.0
369.0,194.0
372.0,194.0
375.0,194.0
378.0,194.0
380.0,194.0
382.0,192.0
384.0,192.0
-1.0,-1.0
 
