.VERSION 1.0 
.HIERARCHY CHARACTER
.COORD X Y T
.SEGMENT CHARACTER 0-1 OK "15"
.H_LINE 6249 7124
.V_LINE 499 1250
.X_DIM 750
.Y_DIM 875
.X_POINTS_PER_INCH 1000
.Y_POINTS_PER_INCH 1000
.POINTS_PER_SECOND 125
.COMMENT CALIB X: -20 Y: -1

.WRITER_INFO
 Name: S SRIRAM
 WriterId: 31
 Hand: right
 EducationLevel: high school
 Gender: male
 Profession: student
 Region: hyderabad
 Age: 20
 DeviceType: digimemo a402
 SkillDevice: average
 Language: hindi
 Script: indic
 Native: false
 Style: discrete
 UsageFreq: rarely
 Proficiency: good
 Date: 2007-6-15
 WritingInProfession: no

.PEN_DOWN
575 6601 0
566 6601 0
555 6600 0
546 6599 0
540 6599 0
536 6598 0
542 6595 0
560 6590 0
596 6581 0
648 6570 0
705 6554 0
781 6539 0
868 6526 0
942 6515 0
1011 6507 0
1077 6501 0
1133 6499 0
1175 6498 0
1203 6498 0
1221 6498 0
1229 6499 0
1233 6500 0
1226 6504 0
1212 6512 0
1191 6525 0
.PEN_UP
.PEN_DOWN
825 6572 0
823 6568 0
821 6565 0
820 6562 0
817 6560 0
814 6559 0
811 6557 0
806 6555 0
799 6555 0
789 6557 0
779 6562 0
767 6569 0
753 6576 0
742 6584 0
733 6593 0
722 6601 0
714 6610 0
706 6620 0
699 6630 0
693 6639 0
689 6647 0
688 6654 0
688 6659 0
690 6664 0
694 6669 0
701 6672 0
708 6675 0
718 6676 0
729 6677 0
739 6677 0
748 6676 0
758 6676 0
767 6675 0
777 6673 0
787 6672 0
794 6672 0
797 6673 0
793 6674 0
788 6676 0
778 6680 0
766 6686 0
749 6697 0
733 6709 0
718 6722 0
701 6739 0
685 6755 0
673 6767 0
666 6776 0
664 6783 0
664 6790 0
667 6797 0
673 6804 0
684 6809 0
699 6812 0
717 6811 0
738 6804 0
762 6793 0
791 6779 0
822 6762 0
852 6745 0
876 6727 0
897 6708 0
914 6691 0
928 6668 0
939 6646 0
945 6623 0
948 6600 0
950 6576 0
951 6554 0
952 6536 0
951 6523 0
949 6515 0
947 6511 0
946 6508 0
945 6513 0
945 6523 0
946 6540 0
948 6559 0
949 6583 0
950 6607 0
951 6633 0
954 6659 0
959 6691 0
965 6726 0
970 6762 0
975 6795 0
980 6822 0
983 6846 0
986 6863 0
988 6874 0
989 6881 0
989 6884 0
990 6887 0
990 6892 0
990 6898 0
990 6902 0
990 6905 0
990 6908 0
991 6911 0
991 6914 0
991 6917 0
992 6922 0
992 6929 0
993 6935 0
994 6942 0
995 6946 0
995 6949 0
995 6949 0
.PEN_UP
