.VERSION 1.0 
.HIERARCHY CHARACTER
.COORD X Y T
.SEGMENT CHARACTER 0-1 OK "19"
.H_LINE 6249 7124
.V_LINE 6500 7250
.X_DIM 750
.Y_DIM 875
.X_POINTS_PER_INCH 1000
.Y_POINTS_PER_INCH 1000
.POINTS_PER_SECOND 125
.COMMENT CALIB X: 45 Y: -11

.WRITER_INFO
 Name: S SRIRAM
 WriterId: 31
 Hand: right
 EducationLevel: high school
 Gender: male
 Profession: student
 Region: hyderabad
 Age: 20
 DeviceType: digimemo a402
 SkillDevice: average
 Language: hindi
 Script: indic
 Native: false
 Style: discrete
 UsageFreq: rarely
 Proficiency: good
 Date: 2007-6-15
 WritingInProfession: no

.PEN_DOWN
6554 6619 0
6551 6619 0
6559 6616 0
6578 6613 0
6620 6609 0
6683 6606 0
6749 6603 0
6816 6600 0
6896 6597 0
6968 6594 0
7021 6590 0
7059 6587 0
7087 6584 0
7104 6582 0
7112 6581 0
7115 6580 0
7115 6577 0
7111 6573 0
7101 6570 0
7087 6572 0
7068 6582 0
.PEN_UP
.PEN_DOWN
6675 6725 0
6671 6723 0
6668 6722 0
6665 6723 0
6662 6729 0
6660 6740 0
6658 6756 0
6656 6776 0
6657 6794 0
6660 6811 0
6665 6827 0
6674 6840 0
6683 6850 0
6694 6858 0
6706 6863 0
6719 6865 0
6735 6865 0
6752 6861 0
6767 6854 0
6780 6847 0
6788 6840 0
6793 6832 0
6795 6823 0
6795 6814 0
6794 6805 0
6792 6796 0
6789 6785 0
6784 6775 0
6778 6765 0
6770 6756 0
6761 6748 0
6750 6741 0
6740 6736 0
6732 6733 0
6728 6732 0
6731 6733 0
6735 6734 0
6742 6735 0
6752 6736 0
6762 6737 0
6776 6736 0
6794 6734 0
6815 6730 0
6837 6725 0
6862 6719 0
6886 6712 0
6907 6703 0
6923 6693 0
6932 6683 0
6935 6674 0
6934 6662 0
6929 6651 0
6924 6640 0
6919 6629 0
6916 6619 0
6915 6611 0
6914 6601 0
6913 6592 0
6912 6583 0
6912 6579 0
6912 6575 0
6911 6580 0
6911 6591 0
6911 6607 0
6912 6626 0
6913 6647 0
6915 6669 0
6918 6693 0
6922 6723 0
6927 6756 0
6933 6789 0
6940 6817 0
6946 6845 0
6950 6867 0
6953 6883 0
6955 6894 0
6956 6901 0
6957 6906 0
6957 6910 0
6957 6910 0
.PEN_UP
