.VERSION 1.0 
.HIERARCHY CHARACTER
.COORD X Y T
.SEGMENT CHARACTER 0-2 OK "21"
.H_LINE 7874 8750
.V_LINE 1999 2749
.X_DIM 749
.Y_DIM 875
.X_POINTS_PER_INCH 1000
.Y_POINTS_PER_INCH 1000
.POINTS_PER_SECOND 125
.COMMENT CALIB X: -23 Y: 19

.WRITER_INFO
 Name: S SRIRAM
 WriterId: 31
 Hand: right
 EducationLevel: high school
 Gender: male
 Profession: student
 Region: hyderabad
 Age: 20
 DeviceType: digimemo a402
 SkillDevice: average
 Language: hindi
 Script: indic
 Native: false
 Style: discrete
 UsageFreq: rarely
 Proficiency: good
 Date: 2007-6-15
 WritingInProfession: no

.PEN_DOWN
2057 8219 0
2050 8217 0
2043 8215 0
2038 8213 0
2035 8212 0
2041 8212 0
2058 8211 0
2094 8210 0
2139 8208 0
2185 8206 0
2229 8205 0
2280 8204 0
2337 8204 0
2390 8205 0
2432 8206 0
2463 8207 0
2484 8208 0
2499 8208 0
2506 8208 0
2510 8208 0
2507 8209 0
2522 8212 0
.PEN_UP
.PEN_DOWN
2155 8392 0
2164 8397 0
2179 8404 0
2195 8414 0
2209 8425 0
2222 8437 0
2234 8452 0
2243 8465 0
2249 8480 0
2254 8494 0
2257 8505 0
2258 8513 0
2257 8520 0
2255 8525 0
2250 8531 0
2236 8536 0
2218 8538 0
2197 8538 0
2177 8537 0
2158 8535 0
2144 8533 0
2135 8534 0
2130 8532 0
.PEN_UP
.PEN_DOWN
2185 8439 0
2188 8442 0
2194 8445 0
2203 8449 0
2215 8452 0
2227 8455 0
2242 8459 0
2258 8460 0
2275 8459 0
2295 8457 0
2314 8453 0
2333 8444 0
2352 8434 0
2364 8421 0
2371 8404 0
2376 8383 0
2380 8360 0
2381 8336 0
2382 8313 0
2381 8292 0
2380 8276 0
2379 8262 0
2378 8252 0
2377 8243 0
2376 8237 0
2375 8234 0
2373 8240 0
2372 8252 0
2371 8267 0
2370 8287 0
2371 8314 0
2373 8344 0
2376 8375 0
2378 8404 0
2381 8430 0
2385 8455 0
2389 8484 0
2390 8514 0
2391 8541 0
2391 8563 0
2391 8580 0
2390 8592 0
2390 8599 0
2390 8603 0
2390 8607 0
2390 8611 0
2390 8615 0
2390 8618 0
2390 8621 0
2390 8624 0
2390 8628 0
2389 8634 0
2389 8639 0
2389 8642 0
2388 8645 0
2389 8640 0
.PEN_UP
