.VERSION 1.0 
.HIERARCHY CHARACTER
.COORD X Y T
.SEGMENT CHARACTER 0-2 OK "28"
.H_LINE 9500 10374
.V_LINE 5000 5750
.X_DIM 750
.Y_DIM 874
.X_POINTS_PER_INCH 1000
.Y_POINTS_PER_INCH 1000
.POINTS_PER_SECOND 125
.COMMENT CALIB X: 56 Y: -99

.WRITER_INFO
 Name: S SRIRAM
 WriterId: 31
 Hand: right
 EducationLevel: high school
 Gender: male
 Profession: student
 Region: hyderabad
 Age: 20
 DeviceType: digimemo a402
 SkillDevice: average
 Language: hindi
 Script: indic
 Native: false
 Style: discrete
 UsageFreq: rarely
 Proficiency: good
 Date: 2007-6-15
 WritingInProfession: no

.PEN_DOWN
5126 9884 0
5122 9885 0
5117 9885 0
5112 9885 0
5107 9884 0
5101 9883 0
5096 9882 0
5093 9881 0
5090 9879 0
5089 9875 0
5088 9869 0
5088 9862 0
5089 9854 0
5092 9846 0
5098 9839 0
5107 9834 0
5120 9830 0
5135 9826 0
5154 9824 0
5168 9825 0
5177 9828 0
5183 9834 0
5187 9843 0
5187 9857 0
5184 9877 0
5176 9901 0
5166 9929 0
5153 9955 0
5138 9979 0
5121 9999 0
5105 10017 0
5091 10032 0
5078 10043 0
5069 10049 0
5065 10052 0
5063 10049 0
5063 10045 0
5065 10040 0
5069 10035 0
5073 10031 0
5079 10029 0
5086 10028 0
5094 10030 0
5104 10034 0
5116 10039 0
5133 10046 0
5154 10052 0
5178 10057 0
5202 10060 0
5226 10060 0
5250 10057 0
5270 10050 0
5287 10038 0
5301 10020 0
5312 9994 0
5319 9961 0
5325 9926 0
5330 9891 0
5335 9860 0
5339 9834 0
5343 9814 0
5347 9801 0
5349 9795 0
5350 9792 0
5350 9800 0
5350 9813 0
5348 9834 0
5347 9861 0
5347 9894 0
5345 9929 0
5343 9961 0
5341 9989 0
5338 10011 0
5336 10028 0
5334 10041 0
5333 10050 0
5332 10055 0
.PEN_UP
.PEN_DOWN
5319 9813 0
5309 9810 0
5304 9807 0
5301 9805 0
5302 9802 0
5307 9798 0
5315 9794 0
5330 9792 0
5354 9790 0
5387 9789 0
5426 9788 0
5459 9787 0
5485 9786 0
5504 9785 0
5518 9784 0
5527 9784 0
.PEN_UP
.PEN_DOWN
5335 9996 0
5336 9993 0
5337 9990 0
5338 9987 0
5340 9983 0
5345 9979 0
5349 9976 0
5351 9973 0
5353 9970 0
5355 9967 0
5356 9964 0
5356 9961 0
5356 9957 0
5355 9953 0
5354 9950 0
5353 9946 0
5352 9943 0
5351 9939 0
5350 9936 0
5350 9933 0
5349 9930 0
5349 9938 0
5349 9956 0
5349 9980 0
5348 10005 0
5349 10028 0
5350 10049 0
5352 10070 0
5354 10091 0
5356 10113 0
5358 10132 0
5359 10147 0
5359 10159 0
5359 10168 0
5359 10174 0
5359 10179 0
5358 10182 0
5358 10185 0
5350 10181 0
.PEN_UP
