.VERSION 1.0 
.HIERARCHY CHARACTER
.COORD X Y T
.SEGMENT CHARACTER 0-2 OK "98"
.H_LINE 2999 3874
.V_LINE 5000 5750
.X_DIM 750
.Y_DIM 874
.X_POINTS_PER_INCH 1000
.Y_POINTS_PER_INCH 1000
.POINTS_PER_SECOND 125
.COMMENT CALIB X: 61 Y: -82

.WRITER_INFO
 Name: S SRIRAM
 WriterId: 31
 Hand: right
 EducationLevel: high school
 Gender: male
 Profession: student
 Region: hyderabad
 Age: 20
 DeviceType: digimemo a402
 SkillDevice: average
 Language: hindi
 Script: indic
 Native: false
 Style: discrete
 UsageFreq: rarely
 Proficiency: good
 Date: 2007-6-15
 WritingInProfession: no

.PEN_DOWN
5121 3293 0
5116 3292 0
5112 3291 0
5109 3290 0
5120 3285 0
5145 3281 0
5181 3278 0
5226 3277 0
5270 3277 0
5312 3278 0
5356 3281 0
5398 3284 0
5432 3287 0
5453 3289 0
5464 3290 0
5468 3290 0
5461 3291 0
5445 3295 0
.PEN_UP
.PEN_DOWN
5323 3310 0
5324 3314 0
5325 3320 0
5327 3331 0
5329 3346 0
5331 3366 0
5334 3393 0
5337 3424 0
5340 3457 0
5343 3487 0
5347 3513 0
5351 3535 0
5355 3553 0
5359 3567 0
5362 3578 0
5364 3586 0
5366 3591 0
5367 3594 0
5368 3587 0
5369 3578 0
5368 3569 0
5364 3558 0
5358 3546 0
5352 3534 0
5345 3523 0
5330 3514 0
5312 3509 0
5292 3509 0
5272 3512 0
5251 3519 0
5231 3530 0
5210 3545 0
5192 3559 0
5180 3570 0
5173 3580 0
5170 3589 0
5170 3598 0
5172 3608 0
5176 3617 0
5181 3625 0
5188 3632 0
5197 3638 0
5206 3643 0
5216 3644 0
.PEN_UP
.PEN_DOWN
5321 3508 0
5319 3505 0
5317 3501 0
5310 3494 0
5297 3485 0
5279 3473 0
5252 3462 0
5216 3451 0
5178 3439 0
5144 3430 0
5116 3422 0
5097 3416 0
5082 3411 0
5073 3408 0
5069 3407 0
5069 3410 0
5073 3418 0
.PEN_UP
