.VERSION 1.0 
.HIERARCHY CHARACTER
.COORD X Y T
.SEGMENT CHARACTER 0-1 OK "101"
.H_LINE 4624 5499
.V_LINE 1999 2749
.X_DIM 749
.Y_DIM 874
.X_POINTS_PER_INCH 1000
.Y_POINTS_PER_INCH 1000
.POINTS_PER_SECOND 125
.COMMENT CALIB X: 15 Y: -89

.WRITER_INFO
 Name: S SRIRAM
 WriterId: 31
 Hand: right
 EducationLevel: high school
 Gender: male
 Profession: student
 Region: hyderabad
 Age: 20
 DeviceType: digimemo a402
 SkillDevice: average
 Language: hindi
 Script: indic
 Native: false
 Style: discrete
 UsageFreq: rarely
 Proficiency: good
 Date: 2007-6-15
 WritingInProfession: no

.PEN_DOWN
2250 4850 0
2249 4853 0
2250 4858 0
2250 4865 0
2251 4873 0
2252 4883 0
2253 4894 0
2254 4905 0
2256 4913 0
2257 4919 0
2258 4923 0
2258 4926 0
2257 4923 0
2255 4920 0
2249 4918 0
2237 4918 0
2217 4921 0
2194 4926 0
2169 4932 0
2146 4938 0
2126 4945 0
2110 4954 0
2098 4961 0
2092 4967 0
2089 4975 0
2088 4984 0
2090 4993 0
2095 5002 0
2103 5009 0
2114 5016 0
2129 5023 0
2149 5027 0
2171 5029 0
2190 5030 0
2207 5031 0
2221 5031 0
2232 5030 0
2239 5029 0
2242 5029 0
2234 5031 0
2221 5033 0
2203 5036 0
2184 5039 0
2167 5042 0
2150 5047 0
2134 5052 0
2122 5055 0
2116 5057 0
2113 5060 0
2113 5064 0
2114 5069 0
2117 5074 0
2124 5080 0
2135 5085 0
2151 5089 0
2171 5092 0
2191 5094 0
2213 5094 0
2235 5093 0
2255 5090 0
2276 5078 0
2302 5063 0
2327 5044 0
2350 5024 0
2369 5002 0
2381 4981 0
2389 4960 0
2393 4941 0
2394 4923 0
2394 4907 0
2393 4895 0
2391 4885 0
2388 4878 0
2387 4874 0
2386 4884 0
2387 4902 0
2388 4929 0
2387 4960 0
2386 4989 0
2386 5015 0
2388 5041 0
2391 5064 0
2394 5080 0
2397 5094 0
2401 5107 0
2403 5118 0
2406 5127 0
2409 5133 0
2411 5136 0
2415 5131 0
.PEN_UP
.PEN_DOWN
2185 4856 0
2180 4855 0
2175 4854 0
2172 4854 0
2181 4855 0
2199 4855 0
2227 4856 0
2258 4858 0
2296 4860 0
2342 4861 0
2390 4862 0
2431 4863 0
2461 4864 0
2480 4865 0
2489 4866 0
2493 4866 0
2493 4866 0
.PEN_UP
