.VERSION 1.0 
.HIERARCHY CHARACTER
.COORD X Y T
.SEGMENT CHARACTER 0-1 OK "13"
.H_LINE 4624 5499
.V_LINE 5000 5750
.X_DIM 750
.Y_DIM 874
.X_POINTS_PER_INCH 1000
.Y_POINTS_PER_INCH 1000
.POINTS_PER_SECOND 125
.COMMENT CALIB X: 10 Y: -96

.WRITER_INFO
 Name: SAI ADITYA
 WriterId: 70
 Hand: right
 EducationLevel: college graduate
 Gender: male
 Profession: student
 Region: guntur
 Age: 22
 DeviceType: digimemo a402
 SkillDevice: average
 Language: hindi
 Script: indic
 Native: false
 Style: discrete
 UsageFreq: rarely
 Proficiency: average
 Date: 2007-6-27
 WritingInProfession: no

.PEN_DOWN
5215 5070 0
5221 5070 0
5230 5070 0
5238 5070 0
5246 5070 0
5252 5070 0
5257 5071 0
5260 5073 0
5262 5076 0
5263 5080 0
5263 5085 0
5263 5090 0
5261 5097 0
5258 5104 0
5254 5112 0
5248 5122 0
5239 5132 0
5230 5141 0
5221 5149 0
5214 5155 0
5209 5159 0
5206 5161 0
5205 5164 0
5207 5168 0
5209 5172 0
5214 5177 0
5220 5182 0
5230 5187 0
5241 5190 0
5253 5191 0
5265 5192 0
5275 5192 0
5285 5192 0
5295 5191 0
5303 5190 0
5310 5188 0
5316 5185 0
5321 5181 0
5325 5176 0
5329 5169 0
5335 5161 0
5342 5151 0
5350 5142 0
5357 5134 0
5362 5127 0
5366 5120 0
5369 5114 0
5372 5108 0
5375 5102 0
5378 5095 0
5381 5089 0
5384 5081 0
5389 5074 0
5394 5068 0
5397 5062 0
5400 5058 0
5402 5055 0
5401 5060 0
5398 5067 0
5396 5074 0
5395 5082 0
5394 5090 0
5394 5099 0
5393 5109 0
5392 5121 0
5389 5135 0
5387 5152 0
5385 5169 0
5382 5187 0
5380 5203 0
5379 5216 0
5380 5226 0
5380 5235 0
5380 5241 0
5381 5246 0
5382 5249 0
5382 5252 0
5382 5248 0
5381 5242 0
5380 5233 0
5379 5223 0
5378 5211 0
5377 5199 0
5376 5187 0
5376 5175 0
5375 5164 0
5372 5152 0
5368 5141 0
5365 5133 0
5362 5126 0
5359 5121 0
5357 5118 0
5355 5115 0
5351 5113 0
5347 5111 0
5341 5110 0
5331 5109 0
5321 5108 0
5310 5108 0
5301 5109 0
5294 5111 0
5287 5114 0
5282 5117 0
5279 5120 0
5278 5124 0
5277 5129 0
5277 5135 0
5279 5142 0
5283 5148 0
5290 5152 0
5301 5155 0
5314 5156 0
5329 5154 0
5346 5151 0
5359 5149 0
5366 5147 0
5370 5145 0
5373 5143 0
5374 5140 0
5373 5137 0
5370 5135 0
5367 5133 0
5363 5132 0
5359 5132 0
5356 5130 0
.PEN_UP
.PEN_DOWN
5118 5053 0
5114 5053 0
5110 5053 0
5107 5053 0
5110 5053 0
5120 5053 0
5141 5053 0
5172 5054 0
5207 5055 0
5243 5056 0
5284 5056 0
5335 5056 0
5385 5056 0
5426 5055 0
5459 5054 0
5481 5053 0
5494 5052 0
5501 5052 0
5504 5052 0
5504 5052 0
.PEN_UP
