.VERSION 1.0 
.HIERARCHY CHARACTER
.COORD X Y T
.SEGMENT CHARACTER 0-2 OK "21"
.H_LINE 7874 8750
.V_LINE 1999 2749
.X_DIM 749
.Y_DIM 875
.X_POINTS_PER_INCH 1000
.Y_POINTS_PER_INCH 1000
.POINTS_PER_SECOND 125
.COMMENT CALIB X: -24 Y: -51

.WRITER_INFO
 Name: SAI ADITYA
 WriterId: 70
 Hand: right
 EducationLevel: college graduate
 Gender: male
 Profession: student
 Region: guntur
 Age: 22
 DeviceType: digimemo a402
 SkillDevice: average
 Language: hindi
 Script: indic
 Native: false
 Style: discrete
 UsageFreq: rarely
 Proficiency: average
 Date: 2007-6-27
 WritingInProfession: no

.PEN_DOWN
2201 8348 0
2205 8348 0
2213 8341 0
2222 8338 0
2230 8337 0
2238 8338 0
2245 8341 0
2250 8345 0
2254 8350 0
2258 8356 0
2262 8362 0
2264 8369 0
2266 8378 0
2266 8389 0
2263 8404 0
2260 8420 0
2256 8435 0
2252 8448 0
2248 8461 0
2240 8473 0
2232 8485 0
2223 8495 0
2215 8502 0
2207 8507 0
2200 8509 0
2195 8509 0
2192 8509 0
2190 8506 0
2189 8503 0
2189 8496 0
2189 8493 0
.PEN_UP
.PEN_DOWN
2300 8390 0
2297 8388 0
2292 8387 0
2297 8385 0
2306 8383 0
2317 8381 0
2330 8379 0
2342 8377 0
2357 8374 0
2372 8372 0
2382 8370 0
2390 8368 0
2396 8366 0
2400 8365 0
2399 8362 0
2397 8359 0
2394 8357 0
2391 8355 0
2388 8353 0
2387 8350 0
2387 8347 0
2386 8343 0
2386 8339 0
2386 8334 0
2386 8327 0
2387 8319 0
2388 8308 0
2390 8295 0
2392 8282 0
2393 8271 0
2393 8262 0
2392 8254 0
2392 8246 0
2391 8240 0
2391 8237 0
2389 8247 0
2388 8262 0
2388 8280 0
2388 8300 0
2387 8321 0
2385 8341 0
2384 8357 0
2383 8372 0
2381 8390 0
2379 8412 0
2377 8434 0
2373 8456 0
2370 8473 0
2368 8486 0
2366 8496 0
2364 8502 0
2362 8505 0
2363 8500 0
2364 8491 0
2365 8486 0
.PEN_UP
.PEN_DOWN
2216 8240 0
2221 8240 0
2228 8238 0
2240 8236 0
2260 8235 0
2290 8234 0
2333 8235 0
2378 8235 0
2423 8235 0
2462 8234 0
2500 8232 0
2534 8230 0
2562 8227 0
2581 8225 0
2591 8224 0
2596 8223 0
2589 8228 0
2577 8226 0
.PEN_UP
