.VERSION 1.0 
.HIERARCHY CHARACTER
.COORD X Y T
.SEGMENT CHARACTER 0-1 OK "23"
.H_LINE 7874 8750
.V_LINE 5000 5750
.X_DIM 750
.Y_DIM 875
.X_POINTS_PER_INCH 1000
.Y_POINTS_PER_INCH 1000
.POINTS_PER_SECOND 125
.COMMENT CALIB X: 16 Y: -103

.WRITER_INFO
 Name: SAI ADITYA
 WriterId: 70
 Hand: right
 EducationLevel: college graduate
 Gender: male
 Profession: student
 Region: guntur
 Age: 22
 DeviceType: digimemo a402
 SkillDevice: average
 Language: hindi
 Script: indic
 Native: false
 Style: discrete
 UsageFreq: rarely
 Proficiency: average
 Date: 2007-6-27
 WritingInProfession: no

.PEN_DOWN
5406 8288 0
5404 8285 0
5401 8282 0
5398 8280 0
5395 8278 0
5392 8276 0
5390 8273 0
5391 8270 0
5394 8272 0
5397 8276 0
5401 8282 0
5404 8291 0
5406 8300 0
5409 8308 0
5412 8315 0
5415 8322 0
5417 8327 0
5419 8331 0
5420 8334 0
5416 8331 0
5413 8330 0
5410 8329 0
5407 8328 0
5403 8329 0
5399 8328 0
5393 8327 0
5386 8327 0
5377 8327 0
5364 8328 0
5351 8330 0
5340 8333 0
5329 8337 0
5319 8344 0
5310 8352 0
5302 8360 0
5297 8369 0
5294 8379 0
5291 8391 0
5288 8404 0
5287 8415 0
5286 8426 0
5287 8439 0
5288 8449 0
5291 8459 0
5295 8467 0
5301 8474 0
5309 8481 0
5321 8486 0
5335 8490 0
5353 8494 0
5373 8495 0
5393 8495 0
5414 8493 0
5435 8490 0
5452 8487 0
5466 8483 0
5478 8477 0
5486 8470 0
5493 8461 0
5499 8445 0
5504 8428 0
5507 8411 0
5509 8397 0
5509 8386 0
5508 8378 0
5505 8370 0
5501 8364 0
5497 8358 0
5491 8353 0
5482 8349 0
5472 8345 0
5461 8342 0
5447 8339 0
5429 8338 0
5410 8338 0
5394 8339 0
5379 8341 0
5366 8345 0
5352 8349 0
5342 8354 0
5335 8359 0
5332 8365 0
5332 8353 0
.PEN_UP
.PEN_DOWN
5286 8267 0
5282 8267 0
5279 8267 0
5276 8267 0
5273 8267 0
5276 8267 0
5285 8267 0
5307 8259 0
5343 8254 0
5392 8250 0
5445 8247 0
5495 8243 0
5544 8240 0
5590 8237 0
5629 8234 0
5656 8231 0
5671 8229 0
5679 8228 0
5683 8227 0
5678 8228 0
5670 8234 0
5656 8235 0
.PEN_UP
