.VERSION 1.0 
.HIERARCHY CHARACTER
.COORD X Y T
.SEGMENT CHARACTER 0-1 OK "29"
.H_LINE 9500 10374
.V_LINE 6500 7250
.X_DIM 750
.Y_DIM 874
.X_POINTS_PER_INCH 1000
.Y_POINTS_PER_INCH 1000
.POINTS_PER_SECOND 125
.COMMENT CALIB X: 10 Y: -136

.WRITER_INFO
 Name: SAI ADITYA
 WriterId: 70
 Hand: right
 EducationLevel: college graduate
 Gender: male
 Profession: student
 Region: guntur
 Age: 22
 DeviceType: digimemo a402
 SkillDevice: average
 Language: hindi
 Script: indic
 Native: false
 Style: discrete
 UsageFreq: rarely
 Proficiency: average
 Date: 2007-6-27
 WritingInProfession: no

.PEN_DOWN
6830 9799 0
6827 9799 0
6824 9799 0
6829 9800 0
6832 9800 0
6835 9800 0
6838 9800 0
6841 9800 0
6844 9800 0
6845 9804 0
6846 9808 0
6847 9814 0
6848 9821 0
6849 9827 0
6850 9833 0
6851 9839 0
6852 9845 0
6853 9852 0
6854 9858 0
6853 9865 0
6853 9871 0
6853 9876 0
6854 9879 0
6853 9876 0
6852 9873 0
6850 9869 0
6847 9866 0
6844 9864 0
6840 9862 0
6834 9860 0
6828 9859 0
6821 9859 0
6813 9860 0
6806 9862 0
6800 9864 0
6793 9867 0
6787 9870 0
6782 9874 0
6777 9880 0
6773 9888 0
6769 9896 0
6766 9905 0
6764 9915 0
6763 9923 0
6762 9930 0
6763 9937 0
6764 9942 0
6765 9947 0
6766 9952 0
6767 9957 0
6768 9962 0
6770 9968 0
6773 9974 0
6776 9979 0
6780 9984 0
6785 9988 0
6790 9992 0
6796 9996 0
6802 9999 0
6808 10001 0
6813 10002 0
6817 10003 0
6821 10004 0
6824 10004 0
6827 10004 0
6830 10004 0
6835 10004 0
6841 10004 0
6849 10003 0
6859 10002 0
6870 10000 0
6878 9998 0
6884 9996 0
6890 9993 0
6896 9990 0
6902 9987 0
6908 9983 0
6913 9980 0
6917 9978 0
6921 9976 0
6923 9973 0
6923 9970 0
6920 9968 0
6917 9966 0
6913 9965 0
6910 9965 0
6906 9965 0
6903 9966 0
6899 9967 0
6894 9969 0
6888 9972 0
6883 9975 0
6879 9979 0
6875 9983 0
6872 9991 0
6869 9998 0
6866 10004 0
6865 10012 0
6865 10020 0
6865 10027 0
6866 10034 0
6868 10040 0
6871 10046 0
6873 10052 0
6875 10056 0
6877 10059 0
6878 10062 0
6878 10065 0
6877 10068 0
6875 10063 0
.PEN_UP
.PEN_DOWN
6736 9798 0
6736 9801 0
6739 9804 0
6747 9806 0
6759 9806 0
6778 9807 0
6806 9808 0
6842 9811 0
6887 9815 0
6932 9818 0
6970 9822 0
7000 9825 0
7023 9826 0
7040 9827 0
7053 9827 0
7063 9827 0
7068 9827 0
7065 9827 0
7065 9827 0
.PEN_UP
