.VERSION 1.0 
.HIERARCHY CHARACTER
.COORD X Y T
.SEGMENT CHARACTER 0-1 OK "56"
.H_LINE 9500 10374
.V_LINE 1999 2749
.X_DIM 749
.Y_DIM 874
.X_POINTS_PER_INCH 1000
.Y_POINTS_PER_INCH 1000
.POINTS_PER_SECOND 125
.COMMENT CALIB X: -41 Y: -67

.WRITER_INFO
 Name: SAI ADITYA
 WriterId: 70
 Hand: right
 EducationLevel: college graduate
 Gender: male
 Profession: student
 Region: guntur
 Age: 22
 DeviceType: digimemo a402
 SkillDevice: average
 Language: hindi
 Script: indic
 Native: false
 Style: discrete
 UsageFreq: rarely
 Proficiency: average
 Date: 2007-6-27
 WritingInProfession: no

.PEN_DOWN
2498 9879 0
2497 9882 0
2496 9888 0
2496 9899 0
2496 9914 0
2496 9932 0
2497 9953 0
2498 9975 0
2498 9997 0
2498 10016 0
2498 10032 0
2497 10043 0
2497 10050 0
2497 10053 0
2498 10047 0
2498 10038 0
2499 10023 0
2499 10001 0
2500 9974 0
2500 9948 0
2500 9925 0
2499 9904 0
2498 9887 0
2496 9872 0
2494 9855 0
2491 9837 0
2488 9820 0
2485 9803 0
2481 9785 0
2478 9767 0
2474 9748 0
2471 9734 0
2468 9725 0
2466 9720 0
2465 9717 0
2462 9717 0
2458 9718 0
2454 9720 0
2448 9727 0
2441 9737 0
2434 9747 0
2427 9757 0
2422 9767 0
2418 9776 0
2415 9783 0
2415 9788 0
2416 9792 0
2421 9794 0
2429 9794 0
2441 9792 0
2453 9789 0
2466 9785 0
2474 9783 0
2479 9781 0
2482 9779 0
2483 9776 0
2480 9774 0
2477 9775 0
2474 9780 0
2471 9782 0
.PEN_UP
.PEN_DOWN
2454 9865 0
2445 9866 0
2440 9867 0
2437 9866 0
2440 9866 0
2449 9867 0
2461 9866 0
2477 9865 0
2496 9863 0
2516 9862 0
2534 9861 0
2548 9860 0
2557 9860 0
2562 9860 0
2565 9860 0
2565 9860 0
.PEN_UP
