.VERSION 1.0 
.HIERARCHY CHARACTER
.COORD X Y T
.SEGMENT CHARACTER 0-2 OK "57"
.H_LINE 9500 10374
.V_LINE 3500 4250
.X_DIM 750
.Y_DIM 874
.X_POINTS_PER_INCH 1000
.Y_POINTS_PER_INCH 1000
.POINTS_PER_SECOND 125
.COMMENT CALIB X: -129 Y: -93

.WRITER_INFO
 Name: SAI ADITYA
 WriterId: 70
 Hand: right
 EducationLevel: college graduate
 Gender: male
 Profession: student
 Region: guntur
 Age: 22
 DeviceType: digimemo a402
 SkillDevice: average
 Language: hindi
 Script: indic
 Native: false
 Style: discrete
 UsageFreq: rarely
 Proficiency: average
 Date: 2007-6-27
 WritingInProfession: no

.PEN_DOWN
3994 9841 0
3994 9838 0
3994 9835 0
3994 9832 0
3994 9829 0
3994 9832 0
3994 9838 0
3993 9849 0
3993 9862 0
3992 9877 0
3992 9895 0
3991 9916 0
3995 9935 0
3997 9953 0
3998 9968 0
3998 9979 0
3997 9986 0
3997 9990 0
3997 9986 0
3998 9980 0
3999 9971 0
4000 9954 0
4001 9934 0
4002 9911 0
4002 9887 0
4001 9864 0
3999 9841 0
3997 9821 0
3996 9802 0
3993 9783 0
3988 9765 0
3980 9747 0
3972 9731 0
3964 9715 0
3954 9701 0
3942 9691 0
3931 9684 0
3920 9679 0
3909 9678 0
3899 9681 0
3889 9686 0
3880 9691 0
3873 9697 0
3868 9704 0
3864 9710 0
3861 9715 0
3860 9719 0
3860 9722 0
3862 9725 0
3866 9728 0
3872 9730 0
3880 9730 0
3891 9729 0
3902 9728 0
3914 9726 0
3923 9724 0
3929 9723 0
3933 9722 0
3930 9725 0
3926 9731 0
3923 9732 0
.PEN_UP
.PEN_DOWN
3996 9836 0
3996 9830 0
3995 9825 0
3995 9819 0
4006 9812 0
4015 9802 0
4025 9790 0
4035 9777 0
4046 9760 0
4057 9741 0
4066 9722 0
4073 9706 0
4077 9693 0
4079 9684 0
4079 9677 0
4078 9672 0
4076 9668 0
4071 9665 0
4066 9664 0
4060 9664 0
4052 9667 0
4042 9669 0
4034 9672 0
4028 9676 0
4023 9680 0
4019 9683 0
4017 9686 0
4018 9689 0
4020 9693 0
4023 9697 0
4028 9701 0
4034 9704 0
4043 9708 0
4051 9711 0
4060 9713 0
.PEN_UP
.PEN_DOWN
3956 9851 0
3956 9848 0
3953 9847 0
3950 9846 0
3947 9844 0
3944 9841 0
3940 9837 0
3936 9833 0
3932 9830 0
3929 9829 0
3932 9829 0
3937 9829 0
3949 9829 0
3967 9829 0
3989 9829 0
4016 9829 0
4043 9829 0
4068 9828 0
4092 9826 0
4111 9825 0
4125 9824 0
4134 9823 0
4139 9823 0
4136 9824 0
4131 9824 0
4127 9824 0
4124 9822 0
.PEN_UP
