.VERSION 1.0 
.HIERARCHY CHARACTER
.COORD X Y T
.SEGMENT CHARACTER 0-1 OK "90"
.H_LINE 1374 2249
.V_LINE 499 1250
.X_DIM 750
.Y_DIM 874
.X_POINTS_PER_INCH 1000
.Y_POINTS_PER_INCH 1000
.POINTS_PER_SECOND 125
.COMMENT CALIB X: -117 Y: -6

.WRITER_INFO
 Name: SAI ADITYA
 WriterId: 70
 Hand: right
 EducationLevel: college graduate
 Gender: male
 Profession: student
 Region: guntur
 Age: 22
 DeviceType: digimemo a402
 SkillDevice: average
 Language: hindi
 Script: indic
 Native: false
 Style: discrete
 UsageFreq: rarely
 Proficiency: average
 Date: 2007-6-27
 WritingInProfession: no

.PEN_DOWN
683 1812 0
679 1808 0
674 1806 0
670 1805 0
667 1804 0
670 1805 0
676 1806 0
688 1807 0
706 1807 0
731 1806 0
762 1804 0
793 1802 0
823 1800 0
847 1798 0
865 1796 0
875 1795 0
881 1794 0
884 1794 0
878 1796 0
868 1798 0
856 1800 0
847 1801 0
.PEN_UP
.PEN_DOWN
753 1809 0
753 1814 0
753 1822 0
753 1833 0
753 1844 0
753 1853 0
753 1862 0
754 1871 0
754 1880 0
754 1887 0
754 1893 0
754 1897 0
755 1900 0
754 1897 0
753 1894 0
753 1891 0
753 1888 0
752 1885 0
757 1883 0
761 1881 0
766 1880 0
773 1878 0
782 1877 0
791 1876 0
799 1876 0
807 1876 0
815 1876 0
822 1877 0
828 1878 0
832 1880 0
835 1882 0
837 1887 0
839 1892 0
841 1897 0
842 1902 0
842 1908 0
842 1914 0
841 1921 0
838 1929 0
834 1938 0
829 1947 0
823 1955 0
818 1962 0
812 1969 0
805 1974 0
797 1980 0
788 1984 0
776 1987 0
766 1988 0
755 1989 0
744 1988 0
733 1986 0
725 1983 0
717 1980 0
712 1977 0
709 1975 0
709 1972 0
711 1969 0
714 1967 0
718 1965 0
723 1963 0
729 1962 0
736 1962 0
744 1965 0
753 1968 0
763 1972 0
775 1977 0
785 1982 0
794 1987 0
802 1995 0
810 2004 0
816 2013 0
820 2022 0
822 2032 0
824 2040 0
825 2046 0
826 2050 0
827 2047 0
831 2040 0
.PEN_UP
