.VERSION 1.0 
.HIERARCHY CHARACTER
.COORD X Y T
.SEGMENT CHARACTER 0-2 OK "4"
.H_LINE 1374 2249
.V_LINE 6500 7250
.X_DIM 750
.Y_DIM 874
.X_POINTS_PER_INCH 1000
.Y_POINTS_PER_INCH 1000
.POINTS_PER_SECOND 125
.COMMENT CALIB X: 62 Y: -82

.WRITER_INFO
 Name: SAI SHANKAR KUMAR MOHANTY
 WriterId: 23
 Hand: right
 EducationLevel: high school
 Gender: male
 Profession: student
 Region: srikakulam
 Age: 20
 DeviceType: digimemo a402
 SkillDevice: good
 Language: hindi
 Script: indic
 Native: false
 Style: discrete
 UsageFreq: rarely
 Proficiency: good
 Date: 2007-6-14
 WritingInProfession: no

.PEN_DOWN
6744 1653 0
6738 1654 0
6733 1655 0
6729 1656 0
6735 1659 0
6745 1661 0
6760 1661 0
6780 1658 0
6803 1654 0
6829 1649 0
6854 1645 0
6877 1642 0
6892 1639 0
6902 1637 0
6908 1636 0
6906 1640 0
6903 1644 0
6899 1648 0
6893 1652 0
.PEN_UP
.PEN_DOWN
6840 1644 0
6843 1649 0
6846 1656 0
6849 1666 0
6852 1679 0
6855 1693 0
6857 1710 0
6859 1725 0
6861 1739 0
6862 1750 0
6863 1759 0
6863 1765 0
6862 1769 0
6861 1772 0
6859 1769 0
6857 1765 0
6854 1760 0
6850 1755 0
6845 1751 0
6839 1748 0
6830 1748 0
6822 1749 0
6814 1752 0
6808 1755 0
6803 1759 0
6800 1763 0
6799 1768 0
6800 1773 0
6802 1778 0
6805 1782 0
6810 1786 0
6814 1790 0
6821 1796 0
6826 1801 0
6830 1806 0
6834 1812 0
6837 1819 0
6839 1825 0
6840 1831 0
6839 1838 0
6835 1843 0
6827 1851 0
6818 1857 0
6809 1862 0
6799 1865 0
6789 1867 0
6780 1867 0
6773 1866 0
6768 1864 0
6766 1861 0
6766 1858 0
6768 1855 0
6772 1854 0
6777 1854 0
6784 1856 0
6792 1859 0
6801 1864 0
6809 1870 0
6815 1877 0
6820 1885 0
6825 1894 0
6829 1902 0
6832 1908 0
6837 1905 0
.PEN_UP
.PEN_DOWN
6863 1556 0
6858 1549 0
6851 1543 0
6844 1540 0
6837 1539 0
6830 1540 0
6824 1543 0
6820 1547 0
6816 1553 0
6812 1561 0
6807 1569 0
6803 1579 0
6800 1589 0
6799 1600 0
6799 1610 0
6802 1619 0
6806 1626 0
6812 1632 0
6820 1634 0
6832 1635 0
6845 1634 0
6858 1632 0
6869 1628 0
.PEN_UP
