.VERSION 1.0 
.HIERARCHY CHARACTER
.COORD X Y T
.SEGMENT CHARACTER 0-2 OK "13"
.H_LINE 4624 5499
.V_LINE 5000 5750
.X_DIM 750
.Y_DIM 874
.X_POINTS_PER_INCH 1000
.Y_POINTS_PER_INCH 1000
.POINTS_PER_SECOND 125
.COMMENT CALIB X: 47 Y: -88

.WRITER_INFO
 Name: SAI SHANKAR KUMAR MOHANTY
 WriterId: 23
 Hand: right
 EducationLevel: high school
 Gender: male
 Profession: student
 Region: srikakulam
 Age: 20
 DeviceType: digimemo a402
 SkillDevice: good
 Language: hindi
 Script: indic
 Native: false
 Style: discrete
 UsageFreq: rarely
 Proficiency: good
 Date: 2007-6-14
 WritingInProfession: no

.PEN_DOWN
5237 5001 0
5232 4992 0
5229 4986 0
5228 4982 0
5228 4979 0
5229 4976 0
5231 4973 0
5235 4973 0
5238 4974 0
5243 4976 0
5249 4979 0
5255 4983 0
5261 4989 0
5266 4996 0
5272 5003 0
5276 5011 0
5280 5021 0
5284 5030 0
5287 5039 0
5288 5049 0
5288 5059 0
5286 5068 0
5283 5077 0
5277 5086 0
5269 5095 0
5260 5104 0
5250 5112 0
5239 5118 0
5227 5124 0
5216 5128 0
5209 5130 0
5205 5131 0
5205 5128 0
5206 5125 0
5209 5122 0
5212 5120 0
5217 5119 0
5223 5118 0
5230 5119 0
5238 5121 0
5247 5125 0
5257 5132 0
5268 5141 0
5278 5151 0
5287 5161 0
5293 5172 0
5297 5183 0
5300 5193 0
5302 5202 0
5302 5215 0
5302 5218 0
.PEN_UP
.PEN_DOWN
5346 4985 0
5349 4987 0
5352 4994 0
5355 5004 0
5359 5015 0
5363 5030 0
5366 5043 0
5370 5057 0
5373 5069 0
5376 5080 0
5378 5090 0
5379 5098 0
5380 5104 0
5380 5109 0
5380 5112 0
5376 5109 0
5373 5104 0
5369 5099 0
5363 5093 0
5355 5084 0
5346 5076 0
5339 5070 0
5333 5065 0
5327 5062 0
5321 5061 0
5313 5062 0
5306 5064 0
5300 5068 0
5295 5072 0
5292 5077 0
5291 5082 0
5292 5088 0
5294 5093 0
5297 5099 0
5301 5105 0
5307 5111 0
5314 5115 0
5321 5117 0
5331 5117 0
5342 5116 0
5354 5113 0
5364 5110 0
5370 5105 0
5375 5101 0
5377 5096 0
5379 5087 0
5379 5080 0
5379 5075 0
5378 5071 0
5378 5076 0
5379 5083 0
5381 5092 0
5383 5102 0
5387 5113 0
5393 5125 0
5398 5136 0
5402 5147 0
5406 5157 0
5408 5165 0
5409 5170 0
5409 5170 0
.PEN_UP
.PEN_DOWN
5158 4963 0
5150 4963 0
5141 4963 0
5135 4963 0
5132 4964 0
5133 4968 0
5140 4971 0
5154 4973 0
5176 4975 0
5207 4976 0
5242 4975 0
5277 4973 0
5308 4971 0
5341 4969 0
5376 4967 0
5407 4967 0
5432 4967 0
5448 4967 0
5457 4967 0
5461 4968 0
5461 4977 0
5458 4976 0
.PEN_UP
