.VERSION 1.0 
.HIERARCHY CHARACTER
.COORD X Y T
.SEGMENT CHARACTER 0-1 OK "25"
.H_LINE 9500 10374
.V_LINE 499 1250
.X_DIM 750
.Y_DIM 874
.X_POINTS_PER_INCH 1000
.Y_POINTS_PER_INCH 1000
.POINTS_PER_SECOND 125
.COMMENT CALIB X: 9 Y: -71

.WRITER_INFO
 Name: SAI SHANKAR KUMAR MOHANTY
 WriterId: 23
 Hand: right
 EducationLevel: high school
 Gender: male
 Profession: student
 Region: srikakulam
 Age: 20
 DeviceType: digimemo a402
 SkillDevice: good
 Language: hindi
 Script: indic
 Native: false
 Style: discrete
 UsageFreq: rarely
 Proficiency: good
 Date: 2007-6-14
 WritingInProfession: no

.PEN_DOWN
784 9828 0
782 9825 0
785 9829 0
788 9833 0
789 9838 0
791 9847 0
793 9857 0
794 9867 0
795 9880 0
796 9895 0
797 9910 0
798 9925 0
799 9938 0
800 9948 0
801 9955 0
802 9959 0
802 9954 0
801 9949 0
800 9945 0
798 9942 0
797 9939 0
795 9936 0
792 9933 0
788 9931 0
782 9930 0
771 9930 0
761 9933 0
751 9936 0
743 9940 0
735 9948 0
728 9958 0
722 9971 0
718 9983 0
715 9996 0
714 10010 0
715 10022 0
717 10034 0
721 10046 0
726 10058 0
733 10069 0
742 10080 0
752 10088 0
763 10094 0
775 10097 0
790 10098 0
806 10097 0
823 10093 0
838 10087 0
852 10078 0
864 10067 0
873 10053 0
881 10037 0
886 10021 0
888 10009 0
887 10000 0
883 9994 0
877 9990 0
870 9988 0
861 9988 0
852 9991 0
841 9996 0
831 10004 0
821 10015 0
814 10026 0
809 10036 0
807 10045 0
808 10053 0
811 10059 0
816 10064 0
824 10066 0
833 10065 0
842 10062 0
852 10056 0
.PEN_UP
.PEN_DOWN
708 9809 0
703 9810 0
698 9811 0
695 9812 0
696 9815 0
700 9818 0
707 9820 0
717 9821 0
731 9822 0
748 9822 0
766 9821 0
786 9819 0
810 9815 0
836 9811 0
858 9808 0
874 9806 0
887 9805 0
896 9805 0
.PEN_UP
