.VERSION 1.0 
.HIERARCHY CHARACTER
.COORD X Y T
.SEGMENT CHARACTER 0-1 OK "77"
.H_LINE 6249 7124
.V_LINE 3500 4250
.X_DIM 750
.Y_DIM 875
.X_POINTS_PER_INCH 1000
.Y_POINTS_PER_INCH 1000
.POINTS_PER_SECOND 125
.COMMENT CALIB X: 63 Y: -87

.WRITER_INFO
 Name: SAI SHANKAR KUMAR MOHANTY
 WriterId: 23
 Hand: right
 EducationLevel: high school
 Gender: male
 Profession: student
 Region: srikakulam
 Age: 20
 DeviceType: digimemo a402
 SkillDevice: good
 Language: hindi
 Script: indic
 Native: false
 Style: discrete
 UsageFreq: rarely
 Proficiency: good
 Date: 2007-6-14
 WritingInProfession: no

.PEN_DOWN
3741 6613 0
3738 6613 0
3734 6614 0
3731 6615 0
3736 6617 0
3744 6618 0
3753 6618 0
3763 6616 0
3773 6613 0
3781 6610 0
3788 6607 0
3792 6604 0
3794 6601 0
3792 6598 0
3787 6596 0
3781 6596 0
3773 6596 0
3764 6598 0
3753 6601 0
3738 6605 0
3725 6609 0
3714 6614 0
3703 6621 0
3693 6629 0
3685 6636 0
3681 6642 0
3679 6648 0
3679 6653 0
3680 6656 0
3683 6660 0
3687 6663 0
3695 6665 0
3706 6667 0
3719 6666 0
3733 6665 0
3746 6664 0
3755 6663 0
3762 6663 0
3765 6663 0
3762 6665 0
3758 6666 0
3753 6668 0
3745 6670 0
3734 6674 0
3724 6679 0
3713 6685 0
3702 6692 0
3693 6700 0
3687 6710 0
3682 6719 0
3680 6726 0
3681 6732 0
3684 6736 0
3689 6738 0
3696 6739 0
3707 6737 0
3722 6733 0
3738 6728 0
3756 6719 0
3776 6709 0
3793 6702 0
3805 6694 0
3814 6688 0
3820 6683 0
3823 6679 0
3826 6674 0
3827 6670 0
3828 6666 0
3829 6663 0
3829 6663 0
.PEN_UP
.PEN_DOWN
3631 6563 0
3624 6563 0
3619 6562 0
3616 6562 0
3618 6565 0
3622 6568 0
3627 6570 0
3634 6572 0
3644 6573 0
3658 6572 0
3679 6570 0
3703 6567 0
3729 6563 0
3755 6559 0
3780 6556 0
3801 6553 0
3816 6551 0
3826 6550 0
3833 6549 0
3838 6549 0
3841 6550 0
3843 6560 0
3843 6560 0
.PEN_UP
