.VERSION 1.0 
.HIERARCHY CHARACTER
.COORD X Y T
.SEGMENT CHARACTER 0-2 OK "94"
.H_LINE 1374 2249
.V_LINE 6500 7250
.X_DIM 750
.Y_DIM 874
.X_POINTS_PER_INCH 1000
.Y_POINTS_PER_INCH 1000
.POINTS_PER_SECOND 125
.COMMENT CALIB X: 62 Y: -82

.WRITER_INFO
 Name: SAI SHANKAR KUMAR MOHANTY
 WriterId: 23
 Hand: right
 EducationLevel: high school
 Gender: male
 Profession: student
 Region: srikakulam
 Age: 20
 DeviceType: digimemo a402
 SkillDevice: good
 Language: hindi
 Script: indic
 Native: false
 Style: discrete
 UsageFreq: rarely
 Proficiency: good
 Date: 2007-6-14
 WritingInProfession: no

.PEN_DOWN
6940 1778 0
6940 1781 0
6931 1784 0
6923 1787 0
6915 1790 0
6907 1793 0
6898 1795 0
6888 1796 0
6879 1797 0
6871 1797 0
6864 1798 0
6856 1797 0
6849 1797 0
6842 1795 0
6836 1793 0
6829 1789 0
6823 1785 0
6818 1781 0
6814 1776 0
6811 1772 0
6809 1768 0
6808 1763 0
6808 1758 0
6809 1753 0
6811 1747 0
6814 1742 0
6818 1736 0
6824 1730 0
6832 1725 0
6844 1721 0
6854 1718 0
6864 1717 0
6873 1717 0
6879 1717 0
6882 1719 0
6883 1722 0
6883 1726 0
6881 1730 0
6878 1736 0
6875 1742 0
6872 1747 0
6871 1752 0
6869 1757 0
6867 1762 0
6866 1766 0
6864 1771 0
6861 1776 0
6859 1781 0
6857 1787 0
6852 1793 0
6848 1799 0
6844 1804 0
6840 1810 0
6836 1817 0
6832 1824 0
6828 1831 0
6825 1837 0
6823 1842 0
6821 1846 0
6820 1850 0
6819 1854 0
6818 1858 0
6818 1862 0
6818 1865 0
6818 1868 0
6820 1871 0
6822 1874 0
6825 1876 0
6830 1877 0
6836 1878 0
6847 1877 0
6859 1876 0
6872 1874 0
6885 1871 0
6897 1867 0
6906 1864 0
6911 1861 0
6915 1858 0
6917 1855 0
6918 1852 0
6914 1851 0
6910 1852 0
6905 1854 0
6899 1859 0
6890 1866 0
6880 1873 0
6872 1882 0
6865 1893 0
6860 1905 0
6856 1918 0
6853 1930 0
6851 1941 0
6850 1951 0
6849 1959 0
6848 1966 0
6848 1972 0
6848 1975 0
6848 1975 0
.PEN_UP
.PEN_DOWN
6936 1696 0
6932 1693 0
6929 1692 0
6925 1694 0
6920 1697 0
6915 1702 0
6911 1708 0
6908 1714 0
6906 1721 0
6904 1726 0
6903 1730 0
6904 1733 0
6908 1733 0
6915 1732 0
6923 1729 0
6929 1725 0
6935 1720 0
6939 1714 0
6942 1709 0
6944 1704 0
6944 1700 0
6943 1697 0
6940 1700 0
6941 1703 0
.PEN_UP
.PEN_DOWN
6806 1650 0
6802 1648 0
6798 1646 0
6801 1644 0
6806 1643 0
6816 1641 0
6832 1639 0
6856 1637 0
6885 1635 0
6924 1631 0
6966 1628 0
7004 1624 0
7030 1621 0
7046 1618 0
7055 1616 0
7060 1615 0
7061 1618 0
7059 1621 0
.PEN_UP
