.VERSION 1.0 
.HIERARCHY CHARACTER
.COORD X Y T
.SEGMENT CHARACTER 0-2 OK "97"
.H_LINE 2999 3874
.V_LINE 3500 4250
.X_DIM 750
.Y_DIM 874
.X_POINTS_PER_INCH 1000
.Y_POINTS_PER_INCH 1000
.POINTS_PER_SECOND 125
.COMMENT CALIB X: 29 Y: -77

.WRITER_INFO
 Name: SAI SHANKAR KUMAR MOHANTY
 WriterId: 23
 Hand: right
 EducationLevel: high school
 Gender: male
 Profession: student
 Region: srikakulam
 Age: 20
 DeviceType: digimemo a402
 SkillDevice: good
 Language: hindi
 Script: indic
 Native: false
 Style: discrete
 UsageFreq: rarely
 Proficiency: good
 Date: 2007-6-14
 WritingInProfession: no

.PEN_DOWN
3841 3286 0
3841 3282 0
3842 3279 0
3845 3278 0
3847 3281 0
3850 3287 0
3853 3296 0
3857 3306 0
3860 3318 0
3863 3328 0
3866 3338 0
3869 3348 0
3872 3358 0
3874 3369 0
3876 3377 0
3877 3383 0
3877 3386 0
3875 3383 0
3874 3380 0
3872 3377 0
3870 3374 0
3868 3371 0
3865 3368 0
3860 3366 0
3854 3365 0
3846 3363 0
3838 3364 0
3830 3366 0
3820 3370 0
3811 3375 0
3803 3380 0
3795 3388 0
3789 3397 0
3785 3406 0
3783 3414 0
3782 3421 0
3782 3429 0
3783 3437 0
3786 3444 0
3789 3449 0
3794 3453 0
3801 3454 0
3812 3453 0
3827 3450 0
3848 3445 0
3871 3440 0
3892 3435 0
3912 3430 0
3929 3427 0
3945 3420 0
.PEN_UP
.PEN_DOWN
3867 3449 0
3869 3453 0
3871 3460 0
3872 3470 0
3872 3479 0
3872 3490 0
3872 3501 0
3873 3512 0
3875 3522 0
3877 3531 0
3879 3538 0
3880 3542 0
3879 3539 0
3877 3536 0
3876 3533 0
3874 3530 0
3871 3527 0
3865 3525 0
3858 3523 0
3850 3523 0
3839 3524 0
3827 3526 0
3817 3528 0
3808 3532 0
3799 3538 0
3792 3546 0
3787 3554 0
3784 3560 0
3782 3566 0
3782 3572 0
3784 3577 0
3786 3581 0
3791 3585 0
3798 3587 0
3806 3587 0
3817 3584 0
3832 3580 0
3850 3575 0
3866 3569 0
3880 3562 0
3893 3554 0
.PEN_UP
.PEN_DOWN
3773 3311 0
3766 3311 0
3761 3311 0
3757 3311 0
3762 3312 0
3771 3313 0
3781 3313 0
3795 3312 0
3813 3309 0
3836 3306 0
3861 3302 0
3888 3298 0
3915 3294 0
3938 3292 0
3953 3291 0
3961 3290 0
3965 3290 0
3967 3294 0
3967 3294 0
.PEN_UP
