.VERSION 1.0 
.HIERARCHY CHARACTER
.COORD X Y T
.SEGMENT CHARACTER 0-5 OK "11"
.H_LINE 4624 5499
.V_LINE 1999 2749
.X_DIM 749
.Y_DIM 874
.X_POINTS_PER_INCH 1000
.Y_POINTS_PER_INCH 1000
.POINTS_PER_SECOND 125
.COMMENT CALIB X: -2 Y: -129

.WRITER_INFO
 Name: SANDIP PRADAN
 WriterId: 3
 Hand: right
 EducationLevel: post graduate
 Gender: male
 Profession: student
 Region: darjeeling
 Age: 23
 DeviceType: digimemo a402
 SkillDevice: average
 Language: hindi
 Script: indic
 Native: false
 Style: discrete
 UsageFreq: once a month
 Proficiency: average
 Date: 2007-6-6
 WritingInProfession: no

.PEN_DOWN
2232 4904 0
2232 4901 0
2232 4898 0
2232 4894 0
2230 4890 0
2231 4886 0
2234 4882 0
2239 4880 0
2244 4879 0
2250 4880 0
2255 4884 0
2260 4891 0
2263 4900 0
2265 4913 0
2266 4930 0
2265 4949 0
2261 4968 0
2256 4985 0
2250 4999 0
2242 5009 0
2235 5016 0
2228 5020 0
2223 5022 0
2220 5022 0
2219 5018 0
2221 5014 0
2225 5011 0
2229 5008 0
2235 5006 0
2242 5004 0
2248 5004 0
2256 5006 0
2263 5009 0
2269 5012 0
2275 5018 0
2281 5025 0
2285 5033 0
2286 5042 0
2283 5049 0
2278 5056 0
2272 5061 0
2263 5065 0
2252 5067 0
2239 5066 0
2224 5065 0
2212 5063 0
2206 5061 0
.PEN_UP
.PEN_DOWN
2259 5007 0
2263 5007 0
2268 5007 0
2275 5007 0
2284 5007 0
2292 5007 0
2303 5007 0
2315 4999 0
2326 4994 0
2338 4990 0
2350 4987 0
2359 4984 0
2365 4981 0
2368 4978 0
2369 4975 0
2369 4971 0
2368 4965 0
2368 4956 0
2370 4946 0
2372 4938 0
2374 4930 0
2376 4925 0
2377 4922 0
2378 4928 0
2378 4938 0
2378 4951 0
2377 4967 0
2377 4985 0
2377 5002 0
2377 5019 0
2378 5033 0
2380 5045 0
2383 5057 0
2386 5067 0
2389 5074 0
2391 5079 0
2392 5084 0
2392 5081 0
.PEN_UP
.PEN_DOWN
2477 4925 0
2475 4921 0
2473 4917 0
2470 4914 0
2469 4921 0
2469 4934 0
2469 4951 0
2470 4970 0
2473 4990 0
2476 5010 0
2479 5027 0
2481 5042 0
2483 5056 0
2483 5069 0
2481 5078 0
2479 5085 0
2476 5092 0
2472 5090 0
.PEN_UP
.PEN_DOWN
2435 4787 0
2431 4782 0
2427 4780 0
2423 4779 0
2419 4779 0
2413 4780 0
2405 4782 0
2393 4784 0
2380 4785 0
2367 4785 0
2354 4783 0
2342 4780 0
2332 4776 0
2324 4770 0
2318 4764 0
2314 4758 0
2311 4751 0
2311 4744 0
2313 4736 0
2319 4728 0
2327 4721 0
2336 4718 0
2344 4718 0
2351 4721 0
2358 4728 0
2366 4738 0
2375 4750 0
2388 4766 0
2403 4781 0
2420 4795 0
2436 4812 0
2450 4831 0
2459 4849 0
2466 4866 0
2471 4881 0
2475 4892 0
2477 4896 0
.PEN_UP
.PEN_DOWN
2480 4736 0
2480 4729 0
2480 4725 0
2473 4723 0
2467 4722 0
2461 4722 0
2453 4721 0
2445 4720 0
2436 4719 0
2428 4716 0
2422 4713 0
2418 4708 0
2416 4703 0
2415 4696 0
2417 4688 0
2420 4677 0
2423 4668 0
2426 4662 0
2430 4658 0
2435 4655 0
2443 4653 0
2452 4652 0
2462 4654 0
2472 4662 0
2480 4674 0
2486 4690 0
2489 4712 0
2490 4733 0
2491 4754 0
2492 4771 0
2493 4787 0
2493 4802 0
2492 4816 0
2490 4828 0
2488 4843 0
2487 4848 0
.PEN_UP
.PEN_DOWN
2316 4876 0
2321 4876 0
2333 4876 0
2348 4875 0
2368 4873 0
2394 4871 0
2425 4869 0
2452 4869 0
2474 4869 0
2491 4869 0
2503 4869 0
2511 4869 0
2515 4869 0
2518 4869 0
2519 4865 0
.PEN_UP
