.VERSION 1.0 
.HIERARCHY CHARACTER
.COORD X Y T
.SEGMENT CHARACTER 0-1 OK "12"
.H_LINE 4624 5499
.V_LINE 3500 4250
.X_DIM 750
.Y_DIM 874
.X_POINTS_PER_INCH 1000
.Y_POINTS_PER_INCH 1000
.POINTS_PER_SECOND 125
.COMMENT CALIB X: -1 Y: -127

.WRITER_INFO
 Name: SANDIP PRADAN
 WriterId: 3
 Hand: right
 EducationLevel: post graduate
 Gender: male
 Profession: student
 Region: darjeeling
 Age: 23
 DeviceType: digimemo a402
 SkillDevice: average
 Language: hindi
 Script: indic
 Native: false
 Style: discrete
 UsageFreq: once a month
 Proficiency: average
 Date: 2007-6-6
 WritingInProfession: no

.PEN_DOWN
3940 4903 0
3940 4899 0
3940 4896 0
3940 4893 0
3941 4898 0
3942 4907 0
3943 4922 0
3945 4943 0
3947 4965 0
3949 4989 0
3953 5011 0
3956 5031 0
3958 5048 0
3960 5063 0
3962 5074 0
3963 5081 0
3964 5085 0
3964 5078 0
3964 5069 0
3963 5060 0
3962 5047 0
3960 5036 0
3957 5024 0
3953 5013 0
3947 5001 0
3937 4991 0
3923 4982 0
3907 4975 0
3892 4970 0
3876 4969 0
3860 4971 0
3848 4974 0
3838 4981 0
3828 4989 0
3822 4998 0
3818 5007 0
3815 5017 0
3814 5025 0
3814 5030 0
3815 5034 0
3817 5037 0
3820 5039 0
3823 5040 0
3829 5039 0
3838 5036 0
3852 5032 0
3870 5025 0
3891 5018 0
3909 5011 0
3928 5004 0
3941 4999 0
3949 4996 0
3956 4993 0
3965 4990 0
3976 4988 0
3985 4988 0
3992 4989 0
3998 4992 0
4003 4996 0
4006 5001 0
4009 5008 0
4013 5019 0
4016 5029 0
4019 5039 0
4020 5049 0
4020 5060 0
4020 5071 0
4019 5080 0
4018 5087 0
4017 5092 0
4016 5096 0
4014 5099 0
4010 5103 0
4005 5108 0
4000 5112 0
3996 5115 0
3994 5111 0
.PEN_UP
.PEN_DOWN
3807 4886 0
3810 4883 0
3814 4881 0
3820 4879 0
3827 4877 0
3837 4876 0
3854 4875 0
3875 4876 0
3901 4878 0
3930 4879 0
3959 4879 0
3986 4880 0
4007 4882 0
4023 4883 0
4033 4883 0
4038 4883 0
4032 4881 0
.PEN_UP
