.VERSION 1.0 
.HIERARCHY CHARACTER
.COORD X Y T
.SEGMENT CHARACTER 0-2 OK "97"
.H_LINE 2999 3874
.V_LINE 3500 4250
.X_DIM 750
.Y_DIM 874
.X_POINTS_PER_INCH 1000
.Y_POINTS_PER_INCH 1000
.POINTS_PER_SECOND 125
.COMMENT CALIB X: -9 Y: -121

.WRITER_INFO
 Name: SANDIP PRADAN
 WriterId: 3
 Hand: right
 EducationLevel: post graduate
 Gender: male
 Profession: student
 Region: darjeeling
 Age: 23
 DeviceType: digimemo a402
 SkillDevice: average
 Language: hindi
 Script: indic
 Native: false
 Style: discrete
 UsageFreq: once a month
 Proficiency: average
 Date: 2007-6-6
 WritingInProfession: no

.PEN_DOWN
3872 3243 0
3872 3246 0
3872 3250 0
3872 3256 0
3872 3263 0
3872 3271 0
3872 3278 0
3872 3284 0
3872 3288 0
3872 3284 0
3872 3280 0
3872 3276 0
3863 3274 0
3851 3274 0
3836 3276 0
3821 3280 0
3806 3285 0
3794 3289 0
3786 3295 0
3781 3300 0
3780 3304 0
3782 3308 0
3787 3311 0
3795 3313 0
3809 3314 0
3825 3314 0
3847 3312 0
3871 3310 0
3891 3308 0
3906 3306 0
3915 3305 0
3920 3304 0
3920 3304 0
.PEN_UP
.PEN_DOWN
3846 3317 0
3849 3319 0
3851 3322 0
3853 3326 0
3855 3331 0
3856 3336 0
3857 3341 0
3859 3348 0
3861 3354 0
3863 3359 0
3865 3362 0
3865 3359 0
3865 3356 0
3864 3353 0
3863 3350 0
3861 3347 0
3858 3345 0
3853 3344 0
3845 3344 0
3836 3346 0
3827 3350 0
3819 3355 0
3811 3361 0
3805 3368 0
3801 3377 0
3799 3387 0
3800 3397 0
3802 3408 0
3807 3418 0
3815 3428 0
3827 3434 0
3841 3437 0
3856 3437 0
3874 3435 0
3889 3430 0
3900 3423 0
3908 3420 0
3912 3408 0
.PEN_UP
.PEN_DOWN
3796 3241 0
3795 3235 0
3794 3231 0
3799 3228 0
3803 3227 0
3807 3226 0
3811 3225 0
3817 3224 0
3826 3223 0
3839 3221 0
3856 3220 0
3880 3218 0
3899 3218 0
3910 3218 0
3916 3218 0
3919 3218 0
3921 3224 0
3921 3224 0
.PEN_UP
