.VERSION 1.0 
.HIERARCHY CHARACTER
.COORD X Y T
.SEGMENT CHARACTER 0-3 OK "103"
.H_LINE 4624 5499
.V_LINE 5000 5750
.X_DIM 750
.Y_DIM 874
.X_POINTS_PER_INCH 1000
.Y_POINTS_PER_INCH 1000
.POINTS_PER_SECOND 125
.COMMENT CALIB X: 9 Y: -75

.WRITER_INFO
 Name: SANDIP PRADAN
 WriterId: 3
 Hand: right
 EducationLevel: post graduate
 Gender: male
 Profession: student
 Region: darjeeling
 Age: 23
 DeviceType: digimemo a402
 SkillDevice: average
 Language: hindi
 Script: indic
 Native: false
 Style: discrete
 UsageFreq: once a month
 Proficiency: average
 Date: 2007-6-6
 WritingInProfession: no

.PEN_DOWN
5462 4851 0
5462 4848 0
5462 4845 0
5462 4842 0
5459 4841 0
5458 4847 0
5458 4856 0
5459 4870 0
5462 4889 0
5466 4914 0
5469 4942 0
5472 4968 0
5476 4992 0
5479 5011 0
5482 5025 0
5485 5033 0
5487 5037 0
5485 5033 0
5485 5033 0
.PEN_UP
.PEN_DOWN
5461 4924 0
5459 4921 0
5458 4917 0
5456 4914 0
5453 4910 0
5449 4906 0
5444 4903 0
5436 4901 0
5425 4900 0
5409 4901 0
5387 4905 0
5365 4912 0
5342 4920 0
5324 4928 0
5313 4935 0
5305 4943 0
5300 4951 0
5298 4959 0
5298 4966 0
5299 4973 0
5301 4979 0
5304 4983 0
5309 4986 0
5317 4987 0
5324 4986 0
5332 4983 0
5339 4978 0
5343 4969 0
5345 4960 0
5344 4951 0
5340 4944 0
5335 4938 0
5329 4935 0
5323 4929 0
.PEN_UP
.PEN_DOWN
5454 4972 0
5454 4965 0
5454 4960 0
5460 4957 0
5464 4954 0
5467 4952 0
5470 4950 0
5473 4947 0
5473 4944 0
5470 4942 0
5467 4941 0
5463 4943 0
5455 4948 0
5444 4954 0
5431 4965 0
5413 4980 0
5396 4995 0
5381 5012 0
5366 5029 0
5354 5043 0
5346 5054 0
5342 5062 0
5341 5069 0
5342 5074 0
5345 5078 0
5349 5080 0
5354 5081 0
5359 5081 0
5363 5080 0
5366 5079 0
5367 5074 0
5367 5070 0
5364 5066 0
5359 5062 0
5351 5059 0
5344 5057 0
5338 5056 0
.PEN_UP
.PEN_DOWN
5413 4826 0
5408 4827 0
5400 4827 0
5393 4826 0
5387 4825 0
5382 4825 0
5377 4825 0
5374 4825 0
5370 4826 0
5366 4826 0
5363 4826 0
5368 4827 0
5377 4827 0
5393 4827 0
5412 4825 0
5436 4824 0
5458 4824 0
5478 4823 0
5495 4823 0
5506 4824 0
5512 4825 0
5515 4829 0
5515 4829 0
.PEN_UP
