.VERSION 1.0 
.HIERARCHY CHARACTER
.COORD X Y T
.SEGMENT CHARACTER 0-2 OK "107"
.H_LINE 6249 7124
.V_LINE 3500 4250
.X_DIM 750
.Y_DIM 875
.X_POINTS_PER_INCH 1000
.Y_POINTS_PER_INCH 1000
.POINTS_PER_SECOND 125
.COMMENT CALIB X: 0 Y: -136

.WRITER_INFO
 Name: SANDIP PRADAN
 WriterId: 3
 Hand: right
 EducationLevel: post graduate
 Gender: male
 Profession: student
 Region: darjeeling
 Age: 23
 DeviceType: digimemo a402
 SkillDevice: average
 Language: hindi
 Script: indic
 Native: false
 Style: discrete
 UsageFreq: once a month
 Proficiency: average
 Date: 2007-6-6
 WritingInProfession: no

.PEN_DOWN
3815 6522 0
3812 6518 0
3810 6515 0
3810 6518 0
3810 6522 0
3811 6528 0
3812 6535 0
3814 6543 0
3816 6551 0
3818 6559 0
3820 6564 0
3821 6567 0
3820 6562 0
3818 6558 0
3816 6554 0
3813 6551 0
3807 6549 0
3801 6548 0
3791 6548 0
3782 6549 0
3770 6554 0
3761 6561 0
3753 6569 0
3747 6577 0
3744 6584 0
3744 6592 0
3746 6600 0
3751 6607 0
3759 6614 0
3768 6619 0
3781 6623 0
3796 6626 0
3811 6628 0
3825 6630 0
3837 6632 0
3845 6634 0
3851 6636 0
3855 6640 0
3858 6643 0
3860 6646 0
3862 6649 0
3864 6652 0
3863 6649 0
3861 6646 0
3859 6643 0
3856 6639 0
3851 6635 0
3845 6631 0
3839 6628 0
3830 6626 0
3820 6624 0
3810 6623 0
3801 6625 0
3793 6628 0
3786 6633 0
3780 6640 0
3776 6648 0
3773 6656 0
3772 6665 0
3772 6676 0
3774 6688 0
3778 6699 0
3783 6708 0
3790 6717 0
3799 6724 0
3809 6730 0
3818 6734 0
3824 6737 0
3829 6739 0
3832 6740 0
3832 6737 0
3831 6732 0
.PEN_UP
.PEN_DOWN
3812 6664 0
3815 6659 0
3819 6654 0
3821 6651 0
3822 6648 0
3821 6651 0
3820 6662 0
3815 6675 0
3808 6691 0
3800 6705 0
3794 6718 0
3788 6732 0
3782 6743 0
3778 6752 0
3774 6759 0
3771 6763 0
3771 6763 0
.PEN_UP
.PEN_DOWN
3774 6493 0
3770 6493 0
3767 6492 0
3771 6491 0
3779 6491 0
3792 6491 0
3808 6492 0
3829 6494 0
3854 6496 0
3878 6497 0
3896 6498 0
3910 6498 0
3921 6498 0
3927 6498 0
3930 6498 0
3930 6498 0
.PEN_UP
