.VERSION 1.0 
.HIERARCHY CHARACTER
.COORD X Y T
.SEGMENT CHARACTER 0-1 OK "68"
.H_LINE 2999 3874
.V_LINE 5000 5750
.X_DIM 750
.Y_DIM 874
.X_POINTS_PER_INCH 1000
.Y_POINTS_PER_INCH 1000
.POINTS_PER_SECOND 125
.COMMENT CALIB X: -10 Y: 11

.WRITER_INFO
 Name: SAI KISHORE
 WriterId: 57
 Hand: right
 EducationLevel: post graduate
 Gender: male
 Profession: student
 Region: visakhapatnam
 Age: 22
 DeviceType: digimemo a402
 SkillDevice: average
 Language: hindi
 Script: indic
 Native: false
 Style: discrete
 UsageFreq: once a month
 Proficiency: average
 Date: 2007-6-23
 WritingInProfession: no

.PEN_DOWN
5350 3385 0
5347 3385 0
5344 3385 0
5341 3385 0
5338 3385 0
5335 3385 0
5331 3386 0
5327 3388 0
5323 3391 0
5319 3395 0
5315 3400 0
5313 3405 0
5311 3412 0
5308 3421 0
5306 3429 0
5305 3435 0
5304 3441 0
5304 3445 0
5304 3448 0
5301 3448 0
5296 3449 0
5291 3450 0
5284 3451 0
5277 3452 0
5270 3454 0
5263 3457 0
5258 3459 0
5254 3462 0
5251 3466 0
5248 3469 0
5246 3473 0
5244 3478 0
5243 3483 0
5242 3489 0
5242 3494 0
5243 3499 0
5245 3505 0
5249 3510 0
5255 3515 0
5263 3518 0
5274 3521 0
5287 3522 0
5301 3521 0
5315 3520 0
5329 3519 0
5338 3518 0
5343 3518 0
5340 3519 0
5333 3520 0
5324 3522 0
5314 3525 0
5303 3528 0
5294 3532 0
5287 3536 0
5280 3541 0
5273 3547 0
5268 3552 0
5265 3558 0
5263 3564 0
5262 3569 0
5263 3573 0
5265 3578 0
5271 3583 0
5279 3586 0
5291 3588 0
5307 3589 0
5328 3588 0
5352 3587 0
5374 3584 0
5394 3580 0
5413 3578 0
5426 3575 0
5436 3572 0
5443 3570 0
5448 3568 0
5451 3567 0
5452 3564 0
5452 3561 0
5452 3558 0
.PEN_UP
.PEN_DOWN
5245 3373 0
5248 3374 0
5256 3375 0
5267 3377 0
5285 3378 0
5308 3379 0
5335 3381 0
5362 3381 0
5383 3382 0
5402 3383 0
.PEN_UP
