.VERSION 1.0 
.HIERARCHY CHARACTER
.COORD X Y T
.SEGMENT CHARACTER 0-2 OK "104"
.H_LINE 4624 5499
.V_LINE 6500 7250
.X_DIM 750
.Y_DIM 874
.X_POINTS_PER_INCH 1000
.Y_POINTS_PER_INCH 1000
.POINTS_PER_SECOND 125
.COMMENT CALIB X: 7 Y: 5

.WRITER_INFO
 Name: SAI KISHORE
 WriterId: 57
 Hand: right
 EducationLevel: post graduate
 Gender: male
 Profession: student
 Region: visakhapatnam
 Age: 22
 DeviceType: digimemo a402
 SkillDevice: average
 Language: hindi
 Script: indic
 Native: false
 Style: discrete
 UsageFreq: once a month
 Proficiency: average
 Date: 2007-6-23
 WritingInProfession: no

.PEN_DOWN
6622 5094 0
6616 5094 0
6609 5094 0
6601 5096 0
6592 5098 0
6585 5101 0
6579 5105 0
6574 5109 0
6570 5112 0
6580 5112 0
6597 5109 0
6621 5104 0
6653 5097 0
6685 5087 0
6713 5074 0
6733 5058 0
6746 5042 0
6753 5026 0
6756 5013 0
6755 5003 0
6752 4997 0
6746 4996 0
6736 5000 0
6725 5010 0
6713 5021 0
6703 5033 0
6696 5044 0
6691 5054 0
6689 5062 0
6690 5068 0
6692 5073 0
6699 5078 0
6709 5081 0
6722 5085 0
6736 5089 0
6753 5094 0
6775 5099 0
6803 5103 0
6827 5106 0
6843 5108 0
6851 5109 0
6855 5110 0
6850 5112 0
6840 5115 0
6825 5119 0
6805 5122 0
6785 5127 0
6763 5132 0
6743 5136 0
6728 5138 0
6718 5141 0
6711 5144 0
6708 5146 0
6708 5149 0
6713 5152 0
.PEN_UP
.PEN_DOWN
6834 5077 0
6839 5073 0
6842 5071 0
6845 5073 0
6847 5078 0
6848 5085 0
6849 5093 0
6849 5103 0
6847 5114 0
6845 5126 0
6843 5139 0
6841 5151 0
6838 5162 0
6835 5170 0
6834 5175 0
6834 5178 0
6838 5169 0
.PEN_UP
.PEN_DOWN
6793 5045 0
6796 5045 0
6803 5045 0
6815 5046 0
6833 5047 0
6857 5048 0
6885 5048 0
6913 5047 0
6937 5046 0
6955 5045 0
6968 5045 0
.PEN_UP
