176.0,91.0
176.0,90.0
176.0,88.0
176.0,87.0
178.0,83.0
179.0,81.0
182.0,76.0
183.0,74.0
186.0,70.0
187.0,68.0
190.0,67.0
192.0,66.0
193.0,66.0
194.0,66.0
196.0,66.0
197.0,66.0
199.0,66.0
201.0,66.0
203.0,66.0
204.0,68.0
206.0,70.0
208.0,74.0
210.0,76.0
210.0,79.0
211.0,80.0
211.0,83.0
213.0,88.0
213.0,90.0
213.0,94.0
213.0,97.0
213.0,101.0
213.0,103.0
213.0,107.0
211.0,109.0
210.0,111.0
210.0,113.0
208.0,114.0
208.0,115.0
208.0,114.0
210.0,113.0
211.0,113.0
214.0,113.0
217.0,113.0
221.0,113.0
224.0,113.0
228.0,114.0
231.0,116.0
235.0,120.0
237.0,123.0
239.0,128.0
241.0,130.0
242.0,135.0
242.0,137.0
242.0,141.0
242.0,144.0
242.0,145.0
242.0,148.0
242.0,150.0
239.0,155.0
238.0,159.0
235.0,164.0
232.0,165.0
231.0,168.0
230.0,169.0
227.0,171.0
225.0,171.0
223.0,172.0
220.0,172.0
217.0,174.0
214.0,174.0
213.0,174.0
211.0,174.0
210.0,174.0
206.0,174.0
204.0,174.0
201.0,172.0
199.0,171.0
196.0,170.0
194.0,169.0
193.0,167.0
190.0,164.0
189.0,162.0
189.0,161.0
187.0,158.0
187.0,156.0
186.0,155.0
186.0,154.0
186.0,152.0
185.0,151.0
185.0,150.0
185.0,149.0
185.0,148.0
183.0,148.0
183.0,147.0
183.0,145.0
183.0,144.0
-1.0,-1.0
168.0,70.0
169.0,70.0
172.0,70.0
173.0,69.0
176.0,68.0
178.0,68.0
182.0,67.0
183.0,67.0
186.0,66.0
189.0,66.0
190.0,64.0
192.0,64.0
194.0,64.0
196.0,63.0
200.0,63.0
201.0,62.0
204.0,62.0
207.0,62.0
208.0,61.0
211.0,61.0
213.0,61.0
214.0,61.0
217.0,61.0
218.0,61.0
221.0,61.0
223.0,61.0
225.0,61.0
227.0,61.0
228.0,61.0
230.0,61.0
231.0,61.0
232.0,61.0
234.0,61.0
235.0,61.0
237.0,61.0
-1.0,-1.0
248.0,60.0
249.0,60.0
251.0,60.0
252.0,60.0
-1.0,-1.0
 
