326.0,184.0
328.0,182.0
332.0,181.0
336.0,181.0
341.0,181.0
344.0,181.0
346.0,181.0
348.0,183.0
351.0,187.0
351.0,189.0
349.0,193.0
346.0,197.0
342.0,202.0
340.0,206.0
337.0,208.0
335.0,211.0
336.0,213.0
338.0,214.0
341.0,217.0
343.0,220.0
347.0,222.0
350.0,225.0
353.0,229.0
354.0,233.0
354.0,235.0
354.0,239.0
351.0,241.0
348.0,244.0
341.0,247.0
337.0,248.0
330.0,248.0
327.0,248.0
323.0,245.0
319.0,237.0
316.0,231.0
314.0,227.0
315.0,225.0
-1.0,-1.0
279.0,173.0
283.0,173.0
285.0,171.0
287.0,171.0
291.0,171.0
295.0,171.0
300.0,171.0
306.0,171.0
310.0,171.0
315.0,172.0
323.0,172.0
328.0,170.0
336.0,170.0
343.0,170.0
350.0,170.0
356.0,170.0
361.0,170.0
367.0,170.0
372.0,170.0
377.0,170.0
381.0,170.0
385.0,170.0
389.0,168.0
391.0,168.0
394.0,168.0
396.0,168.0
398.0,168.0
400.0,165.0
-1.0,-1.0
 
