222.0,174.0
223.0,175.0
224.0,175.0
226.0,175.0
227.0,175.0
229.0,176.0
232.0,176.0
233.0,176.0
234.0,176.0
234.0,177.0
236.0,177.0
237.0,178.0
239.0,178.0
239.0,180.0
239.0,181.0
239.0,182.0
239.0,183.0
239.0,184.0
239.0,185.0
239.0,187.0
239.0,188.0
239.0,189.0
239.0,190.0
239.0,191.0
239.0,192.0
239.0,194.0
239.0,195.0
237.0,196.0
237.0,197.0
236.0,197.0
236.0,198.0
234.0,198.0
234.0,197.0
236.0,197.0
237.0,197.0
240.0,197.0
241.0,197.0
244.0,197.0
247.0,197.0
248.0,197.0
251.0,198.0
253.0,200.0
254.0,200.0
255.0,201.0
257.0,203.0
260.0,205.0
260.0,208.0
261.0,210.0
262.0,211.0
262.0,214.0
264.0,218.0
264.0,223.0
264.0,229.0
264.0,232.0
264.0,237.0
264.0,239.0
262.0,244.0
260.0,246.0
257.0,250.0
255.0,252.0
251.0,255.0
250.0,256.0
246.0,256.0
243.0,257.0
236.0,257.0
230.0,257.0
222.0,256.0
219.0,255.0
213.0,252.0
210.0,250.0
206.0,249.0
205.0,248.0
203.0,245.0
202.0,244.0
202.0,243.0
201.0,243.0
201.0,242.0
201.0,241.0
199.0,239.0
199.0,238.0
199.0,237.0
199.0,236.0
-1.0,-1.0
188.0,175.0
192.0,174.0
195.0,174.0
199.0,174.0
203.0,174.0
209.0,174.0
212.0,174.0
217.0,174.0
222.0,174.0
227.0,174.0
230.0,174.0
233.0,174.0
234.0,174.0
239.0,174.0
244.0,174.0
247.0,174.0
253.0,174.0
254.0,174.0
257.0,174.0
258.0,174.0
260.0,174.0
261.0,174.0
262.0,174.0
264.0,174.0
-1.0,-1.0
 
