.VERSION 1.0 
.HIERARCHY CHARACTER
.COORD X Y T
.SEGMENT CHARACTER 0-2 OK "41"
.H_LINE 4624 5499
.V_LINE 1999 2749
.X_DIM 749
.Y_DIM 874
.X_POINTS_PER_INCH 1000
.Y_POINTS_PER_INCH 1000
.POINTS_PER_SECOND 125
.COMMENT CALIB X: 51 Y: -99

.WRITER_INFO
 Name: ABHINAY
 WriterId: 33
 Hand: right
 EducationLevel: primary school
 Gender: male
 Profession: student
 Region: hyderabad
 Age: 14
 DeviceType: digimemo a402
 SkillDevice: good
 Language: hindi
 Script: indic
 Native: false
 Style: discrete
 UsageFreq: every day
 Proficiency: good
 Date: 2007-6-16
 WritingInProfession: yes, but limited

.PEN_DOWN
2358 5056 0
2355 5055 0
2352 5054 0
2347 5054 0
2338 5054 0
2330 5055 0
2317 5055 0
2302 5055 0
2288 5054 0
2272 5052 0
2257 5049 0
2245 5046 0
2237 5043 0
2232 5041 0
2233 5038 0
2238 5032 0
2253 5027 0
2272 5024 0
2292 5023 0
2310 5024 0
2327 5027 0
2340 5031 0
2350 5036 0
2358 5042 0
2363 5051 0
2366 5058 0
2367 5067 0
2366 5075 0
2363 5082 0
2359 5090 0
2353 5098 0
2345 5103 0
2335 5107 0
2322 5108 0
2310 5107 0
2297 5105 0
2287 5101 0
2280 5098 0
2276 5096 0
2279 5096 0
2283 5098 0
2288 5101 0
2294 5105 0
2300 5109 0
2308 5115 0
2314 5122 0
2321 5132 0
2328 5141 0
2333 5150 0
2339 5160 0
2345 5169 0
2350 5178 0
2360 5186 0
2371 5193 0
2383 5196 0
2396 5198 0
.PEN_UP
.PEN_DOWN
2431 5025 0
2431 5030 0
2431 5037 0
2433 5045 0
2434 5053 0
2437 5063 0
2439 5073 0
2441 5084 0
2445 5098 0
2449 5115 0
2452 5131 0
2456 5145 0
2459 5158 0
2467 5162 0
.PEN_UP
.PEN_DOWN
2208 5007 0
2194 5005 0
2184 5004 0
2179 5003 0
2193 5006 0
2218 5009 0
2256 5013 0
2298 5019 0
2341 5022 0
2386 5023 0
2423 5022 0
2458 5018 0
2487 5014 0
.PEN_UP
