.VERSION 1.0 
.HIERARCHY CHARACTER
.COORD X Y T
.SEGMENT CHARACTER 0-1 OK "65"
.H_LINE 2999 3874
.V_LINE 499 1250
.X_DIM 750
.Y_DIM 874
.X_POINTS_PER_INCH 1000
.Y_POINTS_PER_INCH 1000
.POINTS_PER_SECOND 125
.COMMENT CALIB X: 30 Y: -127

.WRITER_INFO
 Name: ABHINAY
 WriterId: 33
 Hand: right
 EducationLevel: primary school
 Gender: male
 Profession: student
 Region: hyderabad
 Age: 14
 DeviceType: digimemo a402
 SkillDevice: good
 Language: hindi
 Script: indic
 Native: false
 Style: discrete
 UsageFreq: every day
 Proficiency: good
 Date: 2007-6-16
 WritingInProfession: yes, but limited

.PEN_DOWN
792 3347 0
791 3344 0
789 3339 0
788 3336 0
788 3341 0
789 3347 0
791 3355 0
793 3368 0
795 3383 0
796 3398 0
797 3410 0
797 3423 0
797 3438 0
797 3455 0
796 3467 0
796 3477 0
796 3485 0
796 3492 0
796 3501 0
796 3508 0
796 3514 0
797 3519 0
797 3522 0
798 3518 0
799 3513 0
799 3507 0
798 3497 0
797 3486 0
797 3479 0
797 3473 0
796 3468 0
796 3464 0
794 3460 0
793 3455 0
791 3449 0
789 3443 0
785 3434 0
781 3427 0
778 3421 0
774 3415 0
768 3409 0
764 3405 0
760 3401 0
754 3398 0
748 3396 0
743 3395 0
739 3395 0
734 3396 0
728 3399 0
721 3403 0
714 3407 0
709 3412 0
705 3418 0
702 3423 0
699 3428 0
698 3431 0
698 3434 0
699 3437 0
701 3440 0
705 3443 0
710 3446 0
715 3449 0
720 3450 0
725 3452 0
730 3452 0
736 3453 0
744 3454 0
752 3454 0
761 3454 0
769 3453 0
777 3451 0
785 3450 0
792 3450 0
796 3449 0
799 3448 0
802 3447 0
805 3445 0
809 3440 0
814 3434 0
822 3427 0
829 3421 0
837 3416 0
847 3412 0
856 3410 0
863 3408 0
868 3407 0
871 3407 0
869 3413 0
.PEN_UP
.PEN_DOWN
685 3337 0
682 3336 0
691 3335 0
708 3335 0
729 3334 0
754 3332 0
778 3330 0
803 3328 0
830 3325 0
854 3322 0
873 3319 0
888 3317 0
897 3316 0
901 3316 0
.PEN_UP
