.VERSION 1.0 
.HIERARCHY CHARACTER
.COORD X Y T
.SEGMENT CHARACTER 0-2 OK "66"
.H_LINE 2999 3874
.V_LINE 1999 2749
.X_DIM 749
.Y_DIM 874
.X_POINTS_PER_INCH 1000
.Y_POINTS_PER_INCH 1000
.POINTS_PER_SECOND 125
.COMMENT CALIB X: 72 Y: -124

.WRITER_INFO
 Name: ABHINAY
 WriterId: 33
 Hand: right
 EducationLevel: primary school
 Gender: male
 Profession: student
 Region: hyderabad
 Age: 14
 DeviceType: digimemo a402
 SkillDevice: good
 Language: hindi
 Script: indic
 Native: false
 Style: discrete
 UsageFreq: every day
 Proficiency: good
 Date: 2007-6-16
 WritingInProfession: yes, but limited

.PEN_DOWN
2305 3364 0
2305 3361 0
2309 3357 0
2316 3354 0
2324 3354 0
2335 3356 0
2346 3361 0
2358 3366 0
2368 3373 0
2379 3381 0
2386 3389 0
2391 3397 0
2394 3405 0
2394 3414 0
2391 3425 0
2386 3433 0
2380 3441 0
2370 3449 0
2358 3455 0
2342 3460 0
2325 3464 0
2308 3465 0
2292 3466 0
2278 3466 0
2270 3465 0
2266 3465 0
2270 3466 0
2278 3468 0
2287 3470 0
2294 3472 0
2300 3474 0
2305 3478 0
2312 3484 0
2318 3491 0
2323 3497 0
2328 3504 0
2335 3511 0
2341 3517 0
2347 3523 0
2355 3528 0
2363 3532 0
2371 3535 0
2379 3537 0
2391 3538 0
2404 3539 0
2418 3539 0
2431 3539 0
2447 3538 0
2462 3536 0
2472 3535 0
2483 3533 0
.PEN_UP
.PEN_DOWN
2461 3417 0
2456 3416 0
2452 3415 0
2449 3414 0
2448 3418 0
2447 3425 0
2445 3435 0
2443 3447 0
2443 3460 0
2445 3472 0
2450 3480 0
2456 3486 0
2465 3491 0
2478 3493 0
2492 3494 0
2508 3492 0
2521 3488 0
2534 3482 0
2545 3475 0
2553 3467 0
2559 3459 0
2561 3450 0
2561 3439 0
2559 3426 0
2554 3416 0
2546 3407 0
2535 3400 0
2521 3399 0
2504 3405 0
.PEN_UP
.PEN_DOWN
2304 3330 0
2302 3327 0
2307 3325 0
2316 3324 0
2330 3323 0
2352 3323 0
2382 3325 0
2423 3324 0
2468 3326 0
2511 3325 0
.PEN_UP
