.VERSION 1.0 
.HIERARCHY CHARACTER
.COORD X Y T
.SEGMENT CHARACTER 0-1 OK "76"
.H_LINE 6249 7124
.V_LINE 1999 2749
.X_DIM 749
.Y_DIM 875
.X_POINTS_PER_INCH 1000
.Y_POINTS_PER_INCH 1000
.POINTS_PER_SECOND 125
.COMMENT CALIB X: 47 Y: -90

.WRITER_INFO
 Name: ABHINAY
 WriterId: 33
 Hand: right
 EducationLevel: primary school
 Gender: male
 Profession: student
 Region: hyderabad
 Age: 14
 DeviceType: digimemo a402
 SkillDevice: good
 Language: hindi
 Script: indic
 Native: false
 Style: discrete
 UsageFreq: every day
 Proficiency: good
 Date: 2007-6-16
 WritingInProfession: yes, but limited

.PEN_DOWN
2239 6644 0
2244 6643 0
2254 6643 0
2270 6642 0
2288 6641 0
2305 6639 0
2322 6637 0
2340 6635 0
2356 6633 0
2369 6632 0
2378 6632 0
2385 6632 0
2390 6632 0
2395 6633 0
2399 6634 0
2403 6635 0
2408 6636 0
2412 6636 0
2415 6629 0
.PEN_UP
.PEN_DOWN
2310 6750 0
2306 6751 0
2301 6752 0
2296 6752 0
2289 6752 0
2284 6751 0
2280 6750 0
2277 6748 0
2275 6744 0
2275 6740 0
2275 6735 0
2276 6731 0
2277 6728 0
2279 6725 0
2284 6724 0
2289 6724 0
2295 6724 0
2300 6725 0
2304 6727 0
2309 6729 0
2312 6732 0
2314 6736 0
2316 6741 0
2318 6747 0
2320 6754 0
2321 6760 0
2322 6764 0
2322 6769 0
2320 6774 0
2318 6778 0
2315 6784 0
2310 6790 0
2306 6794 0
2302 6796 0
2298 6798 0
2294 6800 0
2291 6803 0
2290 6806 0
2290 6810 0
2290 6814 0
2291 6818 0
2293 6822 0
2296 6825 0
2299 6828 0
2302 6831 0
2305 6834 0
2309 6837 0
2312 6838 0
2315 6839 0
2319 6840 0
2325 6841 0
2332 6841 0
2337 6840 0
2341 6838 0
2346 6837 0
2351 6836 0
2357 6832 0
2366 6829 0
2374 6826 0
2381 6824 0
2387 6819 0
.PEN_UP
