.VERSION 1.0 
.HIERARCHY CHARACTER
.COORD X Y T
.SEGMENT CHARACTER 0-3 OK "101"
.H_LINE 4624 5499
.V_LINE 1999 2749
.X_DIM 749
.Y_DIM 874
.X_POINTS_PER_INCH 1000
.Y_POINTS_PER_INCH 1000
.POINTS_PER_SECOND 125
.COMMENT CALIB X: 81 Y: -126

.WRITER_INFO
 Name: ABHINAY
 WriterId: 33
 Hand: right
 EducationLevel: primary school
 Gender: male
 Profession: student
 Region: hyderabad
 Age: 14
 DeviceType: digimemo a402
 SkillDevice: good
 Language: hindi
 Script: indic
 Native: false
 Style: discrete
 UsageFreq: every day
 Proficiency: good
 Date: 2007-6-16
 WritingInProfession: yes, but limited

.PEN_DOWN
2347 4961 0
2344 4960 0
2339 4962 0
2330 4966 0
2319 4972 0
2306 4978 0
2295 4986 0
2285 4993 0
2279 4999 0
2276 5005 0
2276 5010 0
2282 5016 0
2295 5023 0
2312 5026 0
2327 5030 0
2340 5031 0
2351 5031 0
2359 5031 0
2363 5030 0
2357 5031 0
2347 5033 0
2341 5035 0
2334 5039 0
2327 5042 0
2322 5044 0
2319 5048 0
2318 5052 0
2320 5056 0
2323 5061 0
2328 5065 0
2334 5069 0
2341 5073 0
2347 5075 0
2352 5075 0
2359 5074 0
2363 5073 0
2366 5071 0
2370 5069 0
2377 5067 0
2387 5064 0
2397 5061 0
2407 5058 0
2417 5056 0
2426 5053 0
2432 5051 0
2436 5046 0
2439 5041 0
2440 5037 0
2441 5031 0
2440 5024 0
2439 5015 0
2438 5005 0
2437 4995 0
2436 4986 0
2435 4979 0
2434 4974 0
2434 4971 0
2432 4976 0
2432 4983 0
2432 4991 0
2432 5001 0
2433 5013 0
2435 5025 0
2437 5038 0
2439 5050 0
2442 5065 0
2446 5083 0
2450 5101 0
2454 5117 0
2460 5132 0
2463 5140 0
.PEN_UP
.PEN_DOWN
2328 4887 0
2330 4892 0
2333 4902 0
2337 4917 0
2340 4933 0
2343 4951 0
2346 4967 0
.PEN_UP
.PEN_DOWN
2186 4885 0
2179 4884 0
2176 4884 0
2191 4888 0
2226 4893 0
2274 4898 0
2323 4903 0
2381 4906 0
2443 4906 0
2495 4905 0
2534 4903 0
2561 4901 0
2575 4901 0
2581 4903 0
.PEN_UP
.PEN_DOWN
2444 4902 0
2445 4905 0
2446 4911 0
2446 4921 0
2447 4938 0
2446 4958 0
2446 4981 0
2451 5003 0
2461 5015 0
.PEN_UP
