367.0,93.0
367.0,97.0
367.0,101.0
366.0,108.0
366.0,113.0
366.0,125.0
366.0,133.0
366.0,147.0
366.0,156.0
366.0,165.0
366.0,170.0
366.0,174.0
366.0,179.0
366.0,183.0
366.0,185.0
366.0,187.0
366.0,190.0
366.0,192.0
366.0,193.0
-1.0,-1.0
359.0,142.0
357.0,142.0
353.0,142.0
350.0,143.0
346.0,144.0
343.0,145.0
338.0,146.0
336.0,147.0
332.0,149.0
331.0,149.0
328.0,150.0
325.0,151.0
322.0,152.0
321.0,152.0
319.0,153.0
317.0,153.0
315.0,154.0
314.0,156.0
311.0,156.0
310.0,157.0
308.0,157.0
307.0,158.0
305.0,158.0
303.0,159.0
301.0,160.0
300.0,160.0
300.0,162.0
300.0,163.0
300.0,164.0
300.0,166.0
300.0,169.0
300.0,170.0
300.0,172.0
300.0,174.0
300.0,179.0
300.0,181.0
300.0,185.0
300.0,187.0
300.0,190.0
300.0,192.0
303.0,194.0
304.0,198.0
307.0,200.0
308.0,201.0
310.0,203.0
310.0,204.0
311.0,205.0
311.0,206.0
312.0,206.0
-1.0,-1.0
314.0,90.0
317.0,90.0
321.0,90.0
325.0,90.0
332.0,90.0
338.0,90.0
346.0,90.0
350.0,90.0
356.0,90.0
359.0,90.0
363.0,90.0
366.0,90.0
370.0,90.0
373.0,90.0
376.0,90.0
377.0,90.0
379.0,90.0
380.0,90.0
381.0,90.0
384.0,90.0
386.0,90.0
387.0,90.0
388.0,90.0
390.0,90.0
391.0,90.0
-1.0,-1.0
 
