403.0,66.0
403.0,70.0
403.0,72.0
403.0,75.0
403.0,78.0
403.0,82.0
403.0,90.0
403.0,96.0
403.0,99.0
403.0,101.0
403.0,105.0
403.0,111.0
403.0,114.0
403.0,119.0
403.0,121.0
403.0,126.0
403.0,128.0
403.0,133.0
403.0,135.0
403.0,140.0
403.0,142.0
403.0,145.0
403.0,147.0
404.0,149.0
404.0,150.0
404.0,153.0
404.0,154.0
404.0,156.0
404.0,158.0
404.0,159.0
404.0,160.0
404.0,159.0
404.0,158.0
404.0,156.0
404.0,155.0
404.0,154.0
404.0,153.0
404.0,152.0
404.0,148.0
404.0,146.0
404.0,141.0
404.0,138.0
404.0,133.0
404.0,131.0
404.0,127.0
404.0,126.0
404.0,123.0
404.0,122.0
404.0,121.0
403.0,120.0
403.0,119.0
403.0,118.0
403.0,116.0
403.0,115.0
401.0,115.0
400.0,115.0
398.0,115.0
395.0,114.0
393.0,114.0
388.0,113.0
386.0,113.0
381.0,113.0
379.0,113.0
374.0,113.0
372.0,113.0
367.0,113.0
363.0,113.0
360.0,113.0
357.0,113.0
355.0,113.0
352.0,114.0
349.0,115.0
348.0,115.0
345.0,116.0
343.0,118.0
341.0,120.0
339.0,121.0
338.0,121.0
338.0,122.0
336.0,123.0
335.0,125.0
334.0,125.0
334.0,126.0
334.0,127.0
334.0,128.0
334.0,129.0
334.0,131.0
334.0,132.0
334.0,135.0
334.0,138.0
334.0,142.0
334.0,146.0
335.0,150.0
335.0,153.0
338.0,156.0
339.0,159.0
342.0,162.0
343.0,163.0
345.0,166.0
348.0,167.0
350.0,168.0
352.0,168.0
355.0,169.0
356.0,169.0
357.0,170.0
359.0,170.0
360.0,170.0
362.0,170.0
363.0,170.0
-1.0,-1.0
353.0,62.0
356.0,62.0
359.0,62.0
365.0,62.0
369.0,62.0
375.0,62.0
377.0,62.0
383.0,62.0
387.0,62.0
393.0,62.0
396.0,62.0
401.0,62.0
406.0,62.0
411.0,62.0
414.0,62.0
418.0,62.0
421.0,62.0
425.0,62.0
427.0,62.0
429.0,62.0
431.0,62.0
432.0,62.0
-1.0,-1.0
 
