385.0,48.0
385.0,52.0
385.0,56.0
385.0,64.0
385.0,69.0
385.0,77.0
385.0,81.0
385.0,83.0
385.0,86.0
385.0,91.0
383.0,98.0
383.0,103.0
383.0,109.0
383.0,112.0
383.0,117.0
383.0,119.0
383.0,120.0
383.0,123.0
382.0,125.0
382.0,127.0
382.0,130.0
382.0,132.0
382.0,135.0
382.0,137.0
382.0,139.0
382.0,142.0
382.0,144.0
382.0,146.0
382.0,149.0
382.0,151.0
382.0,153.0
382.0,154.0
382.0,157.0
382.0,158.0
382.0,159.0
382.0,160.0
382.0,162.0
382.0,163.0
382.0,164.0
382.0,166.0
382.0,169.0
382.0,172.0
382.0,174.0
382.0,178.0
382.0,181.0
382.0,185.0
382.0,188.0
382.0,193.0
382.0,197.0
382.0,200.0
382.0,201.0
382.0,203.0
382.0,204.0
382.0,203.0
382.0,201.0
382.0,200.0
382.0,198.0
382.0,196.0
382.0,191.0
382.0,187.0
382.0,181.0
382.0,178.0
382.0,171.0
382.0,166.0
382.0,162.0
382.0,160.0
382.0,159.0
382.0,158.0
382.0,156.0
380.0,153.0
379.0,151.0
378.0,149.0
376.0,146.0
376.0,144.0
373.0,143.0
372.0,142.0
371.0,139.0
369.0,139.0
366.0,137.0
365.0,137.0
362.0,135.0
359.0,135.0
355.0,132.0
352.0,131.0
347.0,130.0
342.0,129.0
335.0,127.0
331.0,127.0
324.0,126.0
320.0,126.0
313.0,126.0
309.0,126.0
306.0,126.0
303.0,126.0
297.0,126.0
289.0,126.0
285.0,129.0
278.0,131.0
275.0,132.0
271.0,133.0
269.0,136.0
265.0,138.0
264.0,139.0
261.0,140.0
261.0,142.0
259.0,144.0
258.0,145.0
258.0,146.0
258.0,147.0
258.0,149.0
258.0,151.0
258.0,153.0
258.0,157.0
258.0,160.0
258.0,164.0
258.0,167.0
258.0,173.0
258.0,178.0
259.0,185.0
262.0,190.0
266.0,198.0
269.0,201.0
272.0,205.0
273.0,207.0
276.0,208.0
278.0,210.0
279.0,211.0
281.0,211.0
282.0,212.0
283.0,213.0
286.0,215.0
288.0,217.0
289.0,217.0
289.0,218.0
290.0,219.0
292.0,220.0
293.0,220.0
293.0,221.0
295.0,221.0
-1.0,-1.0
286.0,56.0
289.0,56.0
293.0,55.0
297.0,55.0
303.0,53.0
307.0,53.0
314.0,52.0
318.0,52.0
327.0,52.0
331.0,52.0
341.0,52.0
345.0,52.0
349.0,52.0
353.0,52.0
358.0,52.0
368.0,52.0
375.0,52.0
383.0,52.0
386.0,52.0
391.0,52.0
394.0,52.0
400.0,52.0
403.0,52.0
407.0,52.0
410.0,52.0
413.0,52.0
414.0,52.0
417.0,52.0
418.0,52.0
420.0,52.0
421.0,52.0
424.0,52.0
425.0,52.0
428.0,52.0
429.0,52.0
431.0,52.0
432.0,52.0
-1.0,-1.0
 
