390.0,141.0
390.0,145.0
390.0,150.0
390.0,154.0
390.0,161.0
391.0,167.0
392.0,169.0
392.0,176.0
393.0,180.0
394.0,184.0
394.0,190.0
394.0,192.0
394.0,196.0
394.0,200.0
394.0,204.0
394.0,207.0
395.0,210.0
395.0,212.0
395.0,214.0
395.0,217.0
395.0,219.0
395.0,215.0
393.0,212.0
393.0,210.0
391.0,206.0
391.0,204.0
389.0,200.0
389.0,197.0
387.0,195.0
387.0,193.0
384.0,189.0
381.0,185.0
379.0,183.0
377.0,181.0
375.0,178.0
372.0,177.0
370.0,176.0
368.0,176.0
364.0,174.0
361.0,174.0
359.0,172.0
357.0,172.0
354.0,172.0
352.0,172.0
350.0,172.0
347.0,172.0
343.0,173.0
341.0,173.0
339.0,175.0
336.0,175.0
334.0,177.0
330.0,180.0
327.0,184.0
326.0,188.0
324.0,190.0
323.0,193.0
323.0,195.0
323.0,197.0
323.0,200.0
323.0,202.0
324.0,206.0
324.0,210.0
325.0,212.0
325.0,214.0
326.0,217.0
327.0,219.0
330.0,223.0
330.0,226.0
331.0,228.0
332.0,222.0
-1.0,-1.0
341.0,139.0
345.0,139.0
347.0,139.0
351.0,139.0
355.0,139.0
359.0,139.0
363.0,139.0
367.0,139.0
370.0,139.0
376.0,139.0
381.0,137.0
384.0,137.0
388.0,137.0
393.0,137.0
395.0,137.0
398.0,137.0
401.0,137.0
404.0,137.0
406.0,138.0
408.0,138.0
412.0,138.0
416.0,138.0
419.0,136.0
421.0,136.0
-1.0,-1.0
 
