355.0,138.0
355.0,141.0
355.0,143.0
355.0,147.0
355.0,151.0
355.0,155.0
356.0,159.0
356.0,162.0
357.0,166.0
358.0,170.0
358.0,174.0
358.0,179.0
359.0,183.0
359.0,189.0
360.0,193.0
360.0,195.0
361.0,199.0
361.0,201.0
362.0,204.0
362.0,206.0
362.0,208.0
363.0,212.0
363.0,209.0
363.0,207.0
361.0,204.0
361.0,202.0
361.0,200.0
361.0,198.0
361.0,195.0
359.0,193.0
359.0,189.0
357.0,185.0
356.0,183.0
353.0,178.0
352.0,176.0
349.0,172.0
347.0,169.0
344.0,168.0
340.0,168.0
338.0,168.0
336.0,168.0
332.0,168.0
328.0,168.0
324.0,168.0
322.0,168.0
318.0,168.0
316.0,168.0
314.0,168.0
310.0,169.0
307.0,170.0
305.0,170.0
302.0,171.0
298.0,173.0
296.0,176.0
295.0,178.0
293.0,181.0
292.0,185.0
291.0,189.0
291.0,191.0
291.0,195.0
292.0,197.0
293.0,200.0
294.0,202.0
297.0,205.0
298.0,207.0
299.0,210.0
301.0,214.0
303.0,216.0
304.0,219.0
306.0,224.0
308.0,228.0
310.0,231.0
311.0,233.0
311.0,234.0
-1.0,-1.0
300.0,144.0
305.0,145.0
308.0,145.0
310.0,145.0
314.0,145.0
316.0,146.0
320.0,146.0
324.0,146.0
328.0,144.0
335.0,144.0
339.0,144.0
343.0,144.0
345.0,144.0
349.0,145.0
351.0,145.0
357.0,145.0
361.0,145.0
365.0,145.0
368.0,145.0
374.0,145.0
376.0,145.0
380.0,145.0
382.0,143.0
385.0,144.0
387.0,144.0
389.0,144.0
392.0,144.0
393.0,142.0
-1.0,-1.0
 
