458.0,68.0
458.0,69.0
458.0,70.0
458.0,72.0
458.0,75.0
458.0,79.0
458.0,83.0
458.0,89.0
458.0,93.0
458.0,98.0
458.0,100.0
458.0,105.0
459.0,110.0
459.0,115.0
459.0,118.0
459.0,124.0
461.0,127.0
461.0,132.0
461.0,136.0
461.0,140.0
462.0,144.0
462.0,147.0
462.0,150.0
462.0,153.0
462.0,156.0
462.0,158.0
462.0,159.0
462.0,160.0
463.0,162.0
463.0,164.0
463.0,165.0
463.0,166.0
463.0,167.0
463.0,169.0
463.0,170.0
463.0,169.0
463.0,167.0
463.0,166.0
463.0,164.0
463.0,162.0
463.0,158.0
463.0,153.0
462.0,147.0
462.0,144.0
461.0,139.0
461.0,138.0
459.0,136.0
459.0,135.0
458.0,133.0
458.0,132.0
458.0,131.0
458.0,130.0
456.0,127.0
456.0,125.0
455.0,122.0
454.0,119.0
454.0,118.0
452.0,117.0
452.0,116.0
451.0,116.0
451.0,115.0
449.0,115.0
449.0,113.0
448.0,113.0
447.0,112.0
445.0,112.0
444.0,111.0
441.0,110.0
438.0,110.0
435.0,109.0
431.0,109.0
427.0,108.0
423.0,108.0
418.0,106.0
413.0,106.0
409.0,106.0
403.0,105.0
399.0,105.0
394.0,105.0
390.0,105.0
385.0,105.0
380.0,106.0
375.0,108.0
372.0,109.0
368.0,111.0
363.0,112.0
361.0,116.0
358.0,117.0
355.0,120.0
352.0,123.0
349.0,127.0
349.0,130.0
347.0,132.0
347.0,135.0
345.0,137.0
345.0,139.0
345.0,140.0
345.0,142.0
345.0,143.0
345.0,145.0
345.0,147.0
345.0,150.0
345.0,152.0
345.0,154.0
348.0,159.0
349.0,162.0
352.0,165.0
355.0,167.0
356.0,170.0
359.0,171.0
361.0,173.0
362.0,174.0
365.0,176.0
366.0,177.0
368.0,178.0
371.0,179.0
372.0,181.0
373.0,181.0
375.0,183.0
376.0,184.0
378.0,185.0
382.0,187.0
385.0,190.0
389.0,192.0
392.0,194.0
396.0,197.0
397.0,199.0
401.0,201.0
404.0,204.0
409.0,206.0
410.0,208.0
411.0,210.0
413.0,210.0
414.0,211.0
416.0,212.0
-1.0,-1.0
361.0,73.0
366.0,73.0
370.0,71.0
374.0,71.0
378.0,71.0
382.0,71.0
387.0,71.0
392.0,71.0
397.0,71.0
401.0,71.0
405.0,71.0
411.0,71.0
413.0,71.0
419.0,71.0
423.0,71.0
428.0,73.0
430.0,73.0
436.0,74.0
439.0,74.0
444.0,75.0
447.0,75.0
453.0,75.0
456.0,75.0
460.0,75.0
463.0,75.0
467.0,75.0
468.0,75.0
473.0,75.0
474.0,76.0
477.0,76.0
480.0,76.0
482.0,76.0
485.0,76.0
487.0,76.0
488.0,76.0
491.0,76.0
494.0,77.0
495.0,77.0
498.0,77.0
501.0,77.0
504.0,77.0
505.0,77.0
506.0,77.0
508.0,77.0
509.0,77.0
509.0,78.0
511.0,78.0
-1.0,-1.0
 
