132.0,253.0
132.0,252.0
132.0,250.0
132.0,246.0
131.0,242.0
131.0,240.0
131.0,235.0
131.0,231.0
131.0,226.0
130.0,224.0
130.0,220.0
130.0,219.0
130.0,218.0
130.0,217.0
130.0,214.0
130.0,211.0
130.0,208.0
130.0,205.0
131.0,204.0
131.0,203.0
131.0,201.0
132.0,199.0
134.0,198.0
135.0,197.0
137.0,196.0
138.0,193.0
139.0,192.0
142.0,190.0
144.0,187.0
147.0,185.0
149.0,184.0
151.0,183.0
152.0,183.0
154.0,180.0
158.0,179.0
161.0,178.0
165.0,176.0
168.0,174.0
173.0,173.0
177.0,172.0
185.0,170.0
189.0,169.0
196.0,167.0
200.0,167.0
208.0,165.0
214.0,165.0
223.0,163.0
227.0,163.0
232.0,162.0
237.0,162.0
244.0,162.0
246.0,160.0
253.0,160.0
259.0,160.0
265.0,160.0
268.0,160.0
273.0,160.0
276.0,160.0
280.0,160.0
283.0,160.0
284.0,160.0
287.0,160.0
289.0,160.0
293.0,162.0
296.0,163.0
300.0,164.0
303.0,165.0
306.0,167.0
308.0,169.0
310.0,169.0
311.0,170.0
313.0,172.0
317.0,174.0
320.0,178.0
324.0,181.0
325.0,184.0
328.0,186.0
330.0,189.0
331.0,192.0
331.0,194.0
332.0,198.0
332.0,199.0
334.0,203.0
334.0,205.0
334.0,208.0
334.0,211.0
334.0,216.0
334.0,218.0
334.0,220.0
334.0,221.0
334.0,223.0
334.0,221.0
334.0,219.0
334.0,218.0
334.0,214.0
332.0,212.0
332.0,207.0
331.0,204.0
330.0,198.0
330.0,194.0
328.0,185.0
328.0,180.0
328.0,171.0
328.0,166.0
328.0,157.0
328.0,152.0
328.0,147.0
328.0,146.0
328.0,143.0
328.0,142.0
328.0,138.0
328.0,135.0
328.0,131.0
328.0,129.0
328.0,127.0
328.0,126.0
328.0,125.0
328.0,124.0
328.0,122.0
328.0,119.0
328.0,116.0
328.0,115.0
328.0,112.0
328.0,111.0
328.0,110.0
328.0,109.0
328.0,108.0
328.0,106.0
328.0,104.0
328.0,102.0
330.0,101.0
330.0,98.0
330.0,95.0
330.0,93.0
330.0,92.0
330.0,91.0
330.0,90.0
330.0,89.0
-1.0,-1.0
223.0,92.0
227.0,92.0
233.0,92.0
241.0,92.0
247.0,92.0
265.0,92.0
283.0,90.0
313.0,88.0
329.0,88.0
371.0,86.0
405.0,84.0
441.0,82.0
450.0,82.0
458.0,82.0
462.0,82.0
466.0,82.0
470.0,80.0
475.0,80.0
478.0,80.0
480.0,80.0
482.0,80.0
485.0,80.0
487.0,80.0
490.0,80.0
492.0,80.0
493.0,80.0
494.0,80.0
496.0,80.0
497.0,80.0
499.0,80.0
500.0,80.0
501.0,80.0
-1.0,-1.0
 
