.VERSION 1.0 
.HIERARCHY CHARACTER
.COORD X Y T
.SEGMENT CHARACTER 0-2 OK "6"
.H_LINE 2999 3874
.V_LINE 1999 2749
.X_DIM 749
.Y_DIM 874
.X_POINTS_PER_INCH 1000
.Y_POINTS_PER_INCH 1000
.POINTS_PER_SECOND 125
.COMMENT CALIB X: -76 Y: -102

.WRITER_INFO
 Name: GARVIT
 WriterId: 36
 Hand: right
 EducationLevel: primary school
 Gender: male
 Profession: student
 Region: meerut
 Age: 14
 DeviceType: digimemo a402
 SkillDevice: average
 Language: hindi
 Script: indic
 Native: true
 Style: discrete
 UsageFreq: every day
 Proficiency: average
 Date: 2007-6-16
 WritingInProfession: yes, but limited

.PEN_DOWN
2183 3466 0
2185 3462 0
2189 3459 0
2193 3456 0
2198 3454 0
2204 3452 0
2212 3451 0
2220 3453 0
2228 3455 0
2234 3458 0
2239 3462 0
2246 3467 0
2250 3472 0
2254 3478 0
2257 3483 0
2259 3489 0
2260 3495 0
2261 3502 0
2261 3508 0
2260 3513 0
2257 3519 0
2253 3525 0
2247 3530 0
2239 3534 0
2231 3536 0
2223 3539 0
2216 3541 0
2210 3542 0
2204 3542 0
2199 3542 0
2205 3540 0
2213 3539 0
2221 3539 0
2227 3541 0
2233 3544 0
2238 3548 0
2245 3553 0
2252 3557 0
2257 3561 0
2260 3567 0
2263 3574 0
2265 3580 0
2265 3589 0
2263 3599 0
2260 3610 0
2255 3621 0
2249 3632 0
2244 3641 0
2239 3649 0
2233 3655 0
2228 3661 0
2223 3667 0
2218 3671 0
2212 3675 0
2206 3678 0
2201 3680 0
2197 3681 0
2194 3681 0
2188 3680 0
2182 3678 0
2175 3676 0
2165 3672 0
2155 3665 0
2144 3657 0
2133 3648 0
2124 3638 0
2115 3627 0
2108 3616 0
2102 3607 0
2097 3601 0
2094 3597 0
2092 3593 0
2091 3590 0
2091 3587 0
2091 3583 0
2092 3580 0
2092 3577 0
2097 3573 0
.PEN_UP
.PEN_DOWN
2247 3547 0
2250 3546 0
2254 3545 0
2261 3545 0
2269 3545 0
2277 3546 0
2284 3547 0
2290 3549 0
2296 3552 0
2300 3555 0
2304 3557 0
2307 3560 0
2310 3563 0
2312 3567 0
2314 3572 0
2317 3576 0
2318 3582 0
2318 3590 0
2317 3599 0
2315 3608 0
2314 3618 0
2312 3627 0
2311 3635 0
2311 3643 0
2312 3649 0
2314 3655 0
2317 3661 0
2321 3666 0
2324 3670 0
2328 3674 0
2333 3678 0
2342 3681 0
2350 3682 0
2356 3682 0
2361 3682 0
2364 3681 0
2366 3678 0
2368 3675 0
2370 3671 0
2372 3667 0
.PEN_UP
.PEN_DOWN
2111 3439 0
2107 3439 0
2111 3440 0
2119 3440 0
2131 3441 0
2148 3442 0
2168 3444 0
2189 3447 0
2217 3450 0
2250 3452 0
2285 3454 0
2317 3456 0
2341 3458 0
2357 3460 0
2366 3461 0
2370 3461 0
2373 3460 0
.PEN_UP
