.VERSION 1.0 
.HIERARCHY CHARACTER
.COORD X Y T
.SEGMENT CHARACTER 0-2 OK "16"
.H_LINE 6249 7124
.V_LINE 1999 2749
.X_DIM 749
.Y_DIM 875
.X_POINTS_PER_INCH 1000
.Y_POINTS_PER_INCH 1000
.POINTS_PER_SECOND 125
.COMMENT CALIB X: 57 Y: -122

.WRITER_INFO
 Name: GARVIT
 WriterId: 36
 Hand: right
 EducationLevel: primary school
 Gender: male
 Profession: student
 Region: meerut
 Age: 14
 DeviceType: digimemo a402
 SkillDevice: average
 Language: hindi
 Script: indic
 Native: true
 Style: discrete
 UsageFreq: every day
 Proficiency: average
 Date: 2007-6-16
 WritingInProfession: yes, but limited

.PEN_DOWN
2250 6571 0
2249 6574 0
2248 6577 0
2248 6580 0
2248 6585 0
2248 6591 0
2248 6599 0
2248 6609 0
2248 6618 0
2248 6628 0
2248 6640 0
2247 6653 0
2247 6666 0
2247 6677 0
2247 6684 0
2247 6689 0
2247 6693 0
2247 6690 0
2247 6686 0
2247 6681 0
2246 6676 0
2245 6672 0
2245 6669 0
2244 6666 0
2243 6663 0
2241 6659 0
2238 6654 0
2234 6650 0
2229 6646 0
2222 6642 0
2216 6639 0
2210 6637 0
2203 6635 0
2193 6635 0
2182 6636 0
2170 6639 0
2160 6642 0
2152 6645 0
2144 6648 0
2137 6651 0
2131 6654 0
2126 6656 0
2121 6659 0
2117 6662 0
2113 6664 0
2110 6668 0
2107 6674 0
2104 6680 0
2101 6683 0
2099 6686 0
2098 6689 0
2099 6692 0
2099 6695 0
2099 6698 0
2100 6701 0
2100 6704 0
2101 6707 0
2102 6710 0
2105 6714 0
2110 6718 0
2117 6722 0
2125 6726 0
2133 6729 0
2140 6730 0
2147 6731 0
2155 6732 0
2163 6734 0
2171 6735 0
2178 6737 0
2184 6739 0
2190 6741 0
2196 6743 0
2200 6745 0
2203 6747 0
2206 6748 0
2209 6751 0
2213 6755 0
2216 6758 0
2218 6761 0
2221 6765 0
2223 6769 0
2226 6773 0
2228 6778 0
2229 6781 0
2230 6784 0
2231 6787 0
2232 6790 0
2233 6793 0
2234 6796 0
2234 6800 0
2234 6803 0
2233 6806 0
2231 6809 0
2228 6812 0
2225 6814 0
2222 6816 0
2219 6817 0
2215 6819 0
2212 6821 0
2206 6822 0
2198 6823 0
2192 6824 0
2186 6826 0
2177 6828 0
2167 6830 0
2159 6831 0
2154 6831 0
2150 6832 0
2147 6832 0
2144 6832 0
2141 6831 0
2138 6829 0
2134 6827 0
2129 6824 0
2123 6821 0
2116 6818 0
2110 6815 0
2106 6811 0
2101 6808 0
2096 6803 0
2091 6797 0
2086 6792 0
2083 6788 0
2080 6784 0
2079 6781 0
2080 6776 0
2083 6766 0
2090 6766 0
.PEN_UP
.PEN_DOWN
2305 6727 0
2305 6723 0
2305 6723 0
.PEN_UP
.PEN_DOWN
2090 6569 0
2095 6569 0
2103 6570 0
2117 6572 0
2135 6572 0
2156 6572 0
2179 6573 0
2201 6575 0
2226 6576 0
2248 6578 0
2268 6579 0
2282 6580 0
2290 6580 0
2295 6581 0
2296 6570 0
2294 6574 0
.PEN_UP
