.VERSION 1.0 
.HIERARCHY CHARACTER
.COORD X Y T
.SEGMENT CHARACTER 0-2 OK "26"
.H_LINE 9500 10374
.V_LINE 1999 2749
.X_DIM 749
.Y_DIM 874
.X_POINTS_PER_INCH 1000
.Y_POINTS_PER_INCH 1000
.POINTS_PER_SECOND 125
.COMMENT CALIB X: -147 Y: 122

.WRITER_INFO
 Name: GARVIT
 WriterId: 36
 Hand: right
 EducationLevel: primary school
 Gender: male
 Profession: student
 Region: meerut
 Age: 14
 DeviceType: digimemo a402
 SkillDevice: average
 Language: hindi
 Script: indic
 Native: true
 Style: discrete
 UsageFreq: every day
 Proficiency: average
 Date: 2007-6-16
 WritingInProfession: yes, but limited

.PEN_DOWN
2108 10035 0
2106 10038 0
2105 10043 0
2103 10048 0
2100 10054 0
2098 10062 0
2095 10071 0
2093 10080 0
2091 10091 0
2090 10103 0
2088 10114 0
2087 10124 0
2086 10133 0
2085 10142 0
2084 10150 0
2083 10156 0
2082 10161 0
2082 10165 0
2078 10163 0
2070 10160 0
2061 10154 0
2051 10145 0
2037 10135 0
2024 10126 0
2014 10119 0
2005 10111 0
1996 10104 0
1988 10098 0
1981 10091 0
1976 10085 0
1972 10080 0
1968 10075 0
1966 10071 0
1965 10066 0
1964 10063 0
1965 10060 0
1966 10057 0
1967 10053 0
1970 10050 0
1972 10047 0
1977 10044 0
1984 10042 0
.PEN_UP
.PEN_DOWN
2173 10030 0
2172 10035 0
2171 10041 0
2169 10046 0
2167 10051 0
2166 10059 0
2164 10068 0
2162 10077 0
2161 10087 0
2160 10097 0
2159 10106 0
2158 10116 0
2158 10127 0
2157 10139 0
2157 10150 0
2158 10161 0
2158 10172 0
2158 10182 0
2158 10191 0
2158 10200 0
2158 10208 0
2157 10215 0
2157 10222 0
2157 10229 0
2156 10234 0
2156 10239 0
2156 10244 0
2155 10248 0
2155 10251 0
2155 10254 0
2154 10257 0
2152 10252 0
.PEN_UP
.PEN_DOWN
1879 9997 0
1882 9997 0
1887 9996 0
1894 9995 0
1902 9993 0
1911 9993 0
1923 9993 0
1938 9993 0
1957 9993 0
1980 9994 0
2005 9995 0
2033 9997 0
2060 9999 0
2085 10001 0
2107 10004 0
2127 10006 0
2144 10007 0
2158 10008 0
2173 10008 0
2184 10007 0
2193 10006 0
2199 10005 0
2205 10004 0
2210 10003 0
2215 10002 0
2219 10001 0
2222 10001 0
2225 10001 0
2231 10002 0
2239 10003 0
2247 10003 0
2252 10003 0
2255 10003 0
2258 10004 0
2257 10007 0
.PEN_UP
