.VERSION 1.0 
.HIERARCHY CHARACTER
.COORD X Y T
.SEGMENT CHARACTER 0-2 OK "8"
.H_LINE 2999 3874
.V_LINE 5000 5750
.X_DIM 750
.Y_DIM 874
.X_POINTS_PER_INCH 1000
.Y_POINTS_PER_INCH 1000
.POINTS_PER_SECOND 125
.COMMENT CALIB X: -20 Y: -29

.WRITER_INFO
 Name: NAGARAJU
 WriterId: 2
 Hand: right
 EducationLevel: post graduate
 Gender: male
 Profession: student
 Region: warangal
 Age: 23
 DeviceType: digimemo a402
 SkillDevice: average
 Language: hindi
 Script: indic
 Native: false
 Style: discrete
 UsageFreq: rarely
 Proficiency: good
 Date: 2007-6-6
 WritingInProfession: no

.PEN_DOWN
5235 3410 0
5235 3414 0
5235 3420 0
5235 3427 0
5235 3436 0
5235 3446 0
5235 3456 0
5235 3466 0
5234 3476 0
5234 3486 0
5233 3495 0
5232 3504 0
5231 3512 0
5230 3520 0
5229 3527 0
5228 3532 0
5227 3536 0
5226 3539 0
5225 3542 0
5228 3543 0
5231 3544 0
5234 3545 0
5238 3547 0
5242 3549 0
5247 3551 0
5252 3554 0
5256 3556 0
5259 3558 0
5262 3561 0
5265 3564 0
5268 3568 0
5271 3571 0
5274 3575 0
5277 3580 0
5281 3586 0
5285 3592 0
5291 3597 0
5296 3602 0
5300 3606 0
5304 3609 0
5308 3611 0
5311 3614 0
5313 3617 0
5314 3620 0
5314 3620 0
.PEN_UP
.PEN_DOWN
5372 3404 0
5371 3408 0
5370 3413 0
5371 3418 0
5373 3425 0
5376 3434 0
5378 3444 0
5380 3454 0
5382 3465 0
5383 3476 0
5383 3485 0
5383 3493 0
5381 3499 0
5376 3505 0
5368 3510 0
5361 3514 0
5352 3516 0
5342 3517 0
5337 3518 0
.PEN_UP
.PEN_DOWN
5186 3387 0
5179 3387 0
5175 3387 0
5180 3387 0
5189 3387 0
5199 3383 0
5210 3381 0
5222 3380 0
5234 3380 0
5245 3381 0
5260 3382 0
5278 3383 0
5297 3383 0
5317 3383 0
5338 3384 0
5359 3384 0
5378 3384 0
5395 3384 0
5409 3384 0
5418 3384 0
5425 3383 0
5430 3383 0
5433 3383 0
5433 3383 0
.PEN_UP
