.VERSION 1.0 
.HIERARCHY CHARACTER
.COORD X Y T
.SEGMENT CHARACTER 0-6 OK "11"
.H_LINE 4624 5499
.V_LINE 1999 2749
.X_DIM 749
.Y_DIM 874
.X_POINTS_PER_INCH 1000
.Y_POINTS_PER_INCH 1000
.POINTS_PER_SECOND 125
.COMMENT CALIB X: -27 Y: -1

.WRITER_INFO
 Name: NAGARAJU
 WriterId: 2
 Hand: right
 EducationLevel: post graduate
 Gender: male
 Profession: student
 Region: warangal
 Age: 23
 DeviceType: digimemo a402
 SkillDevice: average
 Language: hindi
 Script: indic
 Native: false
 Style: discrete
 UsageFreq: rarely
 Proficiency: good
 Date: 2007-6-6
 WritingInProfession: no

.PEN_DOWN
2188 5059 0
2192 5056 0
2195 5053 0
2198 5050 0
2202 5048 0
2205 5046 0
2209 5044 0
2214 5044 0
2220 5044 0
2225 5045 0
2229 5046 0
2232 5049 0
2236 5053 0
2240 5057 0
2244 5060 0
2247 5063 0
2250 5066 0
2252 5070 0
2254 5074 0
2255 5077 0
2255 5081 0
2255 5085 0
2254 5090 0
2253 5095 0
2252 5099 0
2251 5103 0
2250 5107 0
2248 5111 0
2245 5114 0
2242 5117 0
2238 5121 0
2234 5125 0
2231 5128 0
2228 5131 0
2225 5133 0
2221 5135 0
2217 5137 0
2213 5139 0
2210 5140 0
2213 5139 0
2216 5138 0
2219 5138 0
2222 5138 0
2225 5139 0
2228 5140 0
2231 5141 0
2236 5143 0
2240 5145 0
2243 5147 0
2246 5149 0
2249 5153 0
2252 5156 0
2255 5159 0
2257 5162 0
2259 5165 0
2261 5168 0
2262 5171 0
2264 5174 0
2265 5177 0
2265 5180 0
2265 5183 0
2265 5186 0
2264 5190 0
2262 5194 0
2260 5198 0
2258 5201 0
2255 5204 0
2252 5207 0
2248 5210 0
2245 5212 0
2242 5214 0
2238 5215 0
2235 5216 0
2232 5217 0
2228 5218 0
2224 5218 0
2220 5218 0
2216 5218 0
2212 5217 0
2209 5216 0
2206 5214 0
2203 5212 0
2200 5210 0
2197 5208 0
2193 5205 0
2188 5201 0
2184 5198 0
2179 5194 0
2174 5191 0
2169 5189 0
2165 5187 0
2165 5187 0
.PEN_UP
.PEN_DOWN
2246 5140 0
2247 5143 0
2250 5145 0
2255 5146 0
2262 5145 0
2270 5144 0
2280 5142 0
2291 5140 0
2301 5138 0
2311 5135 0
2321 5133 0
2331 5130 0
2340 5127 0
2348 5123 0
2355 5119 0
2360 5114 0
2364 5108 0
2368 5103 0
.PEN_UP
.PEN_DOWN
2374 5051 0
2375 5048 0
2376 5045 0
2376 5041 0
2376 5038 0
2377 5042 0
2377 5047 0
2378 5053 0
2379 5061 0
2381 5070 0
2383 5079 0
2385 5088 0
2386 5097 0
2387 5106 0
2388 5115 0
2389 5123 0
2389 5130 0
2389 5138 0
2389 5146 0
2389 5153 0
2389 5160 0
2388 5167 0
2387 5172 0
2386 5176 0
2386 5180 0
2386 5185 0
2386 5190 0
2385 5194 0
2384 5198 0
2384 5202 0
2383 5206 0
2382 5210 0
2382 5213 0
2382 5216 0
2382 5208 0
.PEN_UP
.PEN_DOWN
2487 5020 0
2488 5024 0
2489 5028 0
2490 5032 0
2490 5038 0
2490 5045 0
2490 5053 0
2490 5061 0
2490 5071 0
2490 5081 0
2490 5090 0
2489 5100 0
2489 5110 0
2489 5118 0
2489 5125 0
2488 5133 0
2487 5140 0
2486 5147 0
2486 5153 0
2485 5159 0
2485 5164 0
2485 5169 0
2485 5173 0
2485 5177 0
2485 5181 0
2485 5184 0
2485 5188 0
2485 5192 0
2485 5197 0
2485 5202 0
2485 5206 0
2487 5201 0
.PEN_UP
.PEN_DOWN
2385 4916 0
2380 4918 0
2373 4921 0
2363 4923 0
2354 4924 0
2345 4925 0
2337 4926 0
2330 4926 0
2325 4925 0
2322 4922 0
2320 4919 0
2320 4916 0
2321 4913 0
2326 4910 0
2332 4907 0
2338 4905 0
2344 4903 0
2350 4902 0
2357 4903 0
2363 4904 0
2369 4906 0
2377 4908 0
2384 4912 0
2391 4916 0
2398 4921 0
2405 4925 0
2410 4930 0
2415 4936 0
2421 4944 0
2428 4951 0
2434 4957 0
2440 4964 0
2445 4970 0
2449 4975 0
2452 4981 0
2455 4987 0
2457 4991 0
2459 4994 0
2462 4996 0
2462 4996 0
.PEN_UP
.PEN_DOWN
2475 4901 0
2473 4897 0
2472 4893 0
2471 4888 0
2472 4884 0
2474 4880 0
2476 4876 0
2479 4872 0
2483 4870 0
2487 4867 0
2491 4866 0
2494 4866 0
2497 4867 0
2499 4870 0
2501 4874 0
2502 4879 0
2503 4885 0
2504 4890 0
2505 4895 0
2505 4900 0
2505 4906 0
2503 4911 0
2502 4917 0
2500 4923 0
2498 4929 0
2496 4934 0
2494 4940 0
2492 4945 0
2490 4951 0
2486 4959 0
2483 4967 0
2480 4974 0
2477 4981 0
2474 4987 0
2471 4992 0
2469 4995 0
2467 4998 0
2465 5001 0
2462 5008 0
2459 5012 0
.PEN_UP
.PEN_DOWN
2327 5044 0
2328 5041 0
2332 5039 0
2336 5038 0
2340 5036 0
2345 5035 0
2350 5034 0
2359 5033 0
2369 5033 0
2378 5033 0
2388 5032 0
2399 5031 0
2411 5029 0
2423 5028 0
2434 5027 0
2443 5026 0
2452 5025 0
2461 5024 0
2469 5023 0
2478 5023 0
2485 5022 0
2491 5021 0
2498 5020 0
2507 5019 0
2516 5018 0
2523 5016 0
2529 5015 0
2533 5014 0
2537 5013 0
2540 5013 0
2543 5012 0
2546 5012 0
2549 5012 0
2552 5012 0
2558 5010 0
.PEN_UP
