.VERSION 1.0 
.HIERARCHY CHARACTER
.COORD X Y T
.SEGMENT CHARACTER 0-2 OK "12"
.H_LINE 4624 5499
.V_LINE 3500 4250
.X_DIM 750
.Y_DIM 874
.X_POINTS_PER_INCH 1000
.Y_POINTS_PER_INCH 1000
.POINTS_PER_SECOND 125
.COMMENT CALIB X: -25 Y: -7

.WRITER_INFO
 Name: NAGARAJU
 WriterId: 2
 Hand: right
 EducationLevel: post graduate
 Gender: male
 Profession: student
 Region: warangal
 Age: 23
 DeviceType: digimemo a402
 SkillDevice: average
 Language: hindi
 Script: indic
 Native: false
 Style: discrete
 UsageFreq: rarely
 Proficiency: good
 Date: 2007-6-6
 WritingInProfession: no

.PEN_DOWN
3838 4987 0
3834 4987 0
3831 4991 0
3829 4996 0
3828 5002 0
3828 5009 0
3828 5017 0
3829 5026 0
3830 5036 0
3830 5048 0
3829 5060 0
3829 5072 0
3828 5084 0
3827 5095 0
3826 5104 0
3826 5113 0
3826 5121 0
3826 5128 0
3826 5134 0
3826 5140 0
3826 5146 0
3826 5152 0
3826 5158 0
3826 5164 0
3827 5171 0
3827 5178 0
3827 5184 0
3827 5190 0
3826 5195 0
3826 5199 0
3826 5203 0
3826 5206 0
3825 5209 0
3825 5212 0
3827 5207 0
.PEN_UP
.PEN_DOWN
3822 5106 0
3821 5103 0
3818 5099 0
3815 5096 0
3812 5093 0
3809 5090 0
3805 5087 0
3801 5084 0
3797 5081 0
3792 5077 0
3787 5073 0
3783 5070 0
3779 5067 0
3775 5064 0
3770 5063 0
3766 5062 0
3761 5062 0
3756 5063 0
3751 5064 0
3747 5065 0
3741 5068 0
3737 5071 0
3733 5074 0
3730 5079 0
3726 5084 0
3722 5089 0
3718 5094 0
3715 5099 0
3712 5105 0
3710 5110 0
3709 5115 0
3708 5121 0
3707 5126 0
3707 5130 0
3707 5135 0
3708 5139 0
3709 5143 0
3710 5147 0
3712 5150 0
3715 5153 0
3718 5156 0
3722 5158 0
3726 5159 0
3730 5160 0
3734 5161 0
3738 5161 0
3741 5161 0
3744 5160 0
3748 5159 0
3751 5159 0
3755 5158 0
3760 5156 0
3765 5155 0
3769 5152 0
3774 5149 0
3778 5146 0
3782 5143 0
3787 5139 0
3792 5135 0
3796 5131 0
3800 5127 0
3804 5122 0
3809 5117 0
3814 5112 0
3820 5107 0
3825 5103 0
3829 5100 0
3832 5097 0
3835 5094 0
3839 5091 0
3843 5088 0
3848 5085 0
3856 5083 0
3865 5082 0
3874 5081 0
3883 5080 0
3891 5080 0
3897 5080 0
3902 5080 0
3906 5081 0
3911 5082 0
3915 5084 0
3920 5086 0
3925 5089 0
3931 5091 0
3936 5093 0
3939 5095 0
3942 5099 0
3945 5102 0
3948 5106 0
3950 5109 0
3952 5112 0
3954 5115 0
3955 5118 0
3955 5122 0
3955 5125 0
3955 5128 0
3954 5131 0
3954 5134 0
3952 5138 0
3951 5142 0
3948 5146 0
3945 5149 0
3942 5151 0
3938 5153 0
3935 5155 0
3931 5156 0
.PEN_UP
.PEN_DOWN
3730 4971 0
3733 4970 0
3738 4969 0
3743 4968 0
3749 4966 0
3755 4965 0
3762 4964 0
3770 4963 0
3781 4962 0
3794 4961 0
3808 4960 0
3821 4959 0
3834 4958 0
3846 4957 0
3860 4956 0
3874 4956 0
3888 4955 0
3901 4955 0
3912 4955 0
3919 4955 0
3925 4955 0
3929 4954 0
3932 4954 0
3935 4953 0
3938 4958 0
3938 4958 0
.PEN_UP
