.VERSION 1.0 
.HIERARCHY CHARACTER
.COORD X Y T
.SEGMENT CHARACTER 0-2 OK "16"
.H_LINE 6249 7124
.V_LINE 1999 2749
.X_DIM 749
.Y_DIM 875
.X_POINTS_PER_INCH 1000
.Y_POINTS_PER_INCH 1000
.POINTS_PER_SECOND 125
.COMMENT CALIB X: -46 Y: 1

.WRITER_INFO
 Name: NAGARAJU
 WriterId: 2
 Hand: right
 EducationLevel: post graduate
 Gender: male
 Profession: student
 Region: warangal
 Age: 23
 DeviceType: digimemo a402
 SkillDevice: average
 Language: hindi
 Script: indic
 Native: false
 Style: discrete
 UsageFreq: rarely
 Proficiency: good
 Date: 2007-6-6
 WritingInProfession: no

.PEN_DOWN
2280 6636 0
2282 6639 0
2283 6643 0
2284 6648 0
2285 6655 0
2286 6662 0
2287 6669 0
2287 6674 0
2287 6678 0
2286 6682 0
2285 6685 0
2284 6688 0
2281 6688 0
2276 6685 0
2271 6683 0
2267 6682 0
2264 6681 0
2261 6680 0
2257 6680 0
2253 6680 0
2249 6680 0
2245 6680 0
2241 6681 0
2237 6682 0
2234 6683 0
2231 6684 0
2228 6685 0
2225 6687 0
2220 6690 0
2216 6693 0
2213 6696 0
2211 6700 0
2209 6703 0
2208 6706 0
2207 6709 0
2207 6712 0
2209 6716 0
2210 6719 0
2212 6722 0
2216 6725 0
2219 6728 0
2223 6731 0
2227 6734 0
2231 6737 0
2234 6739 0
2237 6740 0
2240 6740 0
2244 6741 0
2248 6742 0
2253 6744 0
2258 6746 0
2264 6748 0
2269 6749 0
2273 6751 0
2276 6753 0
2279 6755 0
2283 6757 0
2287 6759 0
2291 6762 0
2295 6765 0
2299 6769 0
2302 6772 0
2305 6775 0
2307 6778 0
2308 6781 0
2309 6784 0
2311 6787 0
2312 6792 0
2313 6796 0
2314 6800 0
2314 6805 0
2314 6809 0
2313 6813 0
2312 6817 0
2311 6821 0
2309 6824 0
2308 6827 0
2307 6830 0
2305 6834 0
2303 6837 0
2301 6840 0
2298 6843 0
2295 6846 0
2290 6849 0
2285 6852 0
2280 6855 0
2275 6857 0
2270 6860 0
2266 6862 0
2262 6863 0
2259 6863 0
2256 6863 0
2253 6863 0
2249 6863 0
2245 6863 0
2241 6863 0
2237 6863 0
2234 6863 0
2230 6863 0
2227 6863 0
2224 6861 0
2222 6858 0
2218 6855 0
2214 6853 0
2211 6850 0
2207 6846 0
2204 6843 0
2203 6839 0
2200 6835 0
2198 6831 0
2195 6828 0
2193 6825 0
2192 6822 0
2192 6818 0
.PEN_UP
.PEN_DOWN
2351 6721 0
2348 6723 0
2345 6725 0
2342 6725 0
2339 6726 0
2336 6727 0
2339 6727 0
2340 6730 0
2339 6733 0
2336 6736 0
2333 6738 0
2330 6739 0
2329 6735 0
2335 6731 0
.PEN_UP
.PEN_DOWN
2180 6630 0
2184 6630 0
2189 6630 0
2193 6630 0
2199 6629 0
2204 6627 0
2209 6626 0
2213 6625 0
2219 6624 0
2225 6623 0
2231 6622 0
2238 6621 0
2246 6621 0
2255 6620 0
2266 6618 0
2276 6617 0
2284 6616 0
2292 6615 0
2300 6614 0
2307 6614 0
2314 6614 0
2320 6613 0
2324 6613 0
2327 6613 0
2330 6612 0
2333 6611 0
2336 6611 0
2339 6615 0
.PEN_UP
