.VERSION 1.0 
.HIERARCHY CHARACTER
.COORD X Y T
.SEGMENT CHARACTER 0-1 OK "25"
.H_LINE 9500 10374
.V_LINE 499 1250
.X_DIM 750
.Y_DIM 874
.X_POINTS_PER_INCH 1000
.Y_POINTS_PER_INCH 1000
.POINTS_PER_SECOND 125
.COMMENT CALIB X: -86 Y: 3

.WRITER_INFO
 Name: NAGARAJU
 WriterId: 2
 Hand: right
 EducationLevel: post graduate
 Gender: male
 Profession: student
 Region: warangal
 Age: 23
 DeviceType: digimemo a402
 SkillDevice: average
 Language: hindi
 Script: indic
 Native: false
 Style: discrete
 UsageFreq: rarely
 Proficiency: good
 Date: 2007-6-6
 WritingInProfession: no

.PEN_DOWN
798 9846 0
798 9851 0
798 9857 0
798 9865 0
798 9874 0
798 9882 0
794 9890 0
792 9897 0
791 9903 0
790 9908 0
790 9912 0
789 9915 0
786 9916 0
783 9916 0
780 9916 0
776 9915 0
770 9915 0
765 9915 0
761 9915 0
758 9915 0
754 9915 0
748 9916 0
741 9917 0
735 9918 0
731 9919 0
727 9919 0
724 9919 0
720 9921 0
716 9923 0
712 9924 0
708 9926 0
704 9927 0
700 9929 0
696 9931 0
693 9932 0
690 9934 0
687 9936 0
684 9937 0
682 9940 0
679 9944 0
677 9947 0
675 9951 0
674 9955 0
673 9959 0
672 9963 0
671 9967 0
670 9973 0
670 9977 0
670 9981 0
670 9985 0
670 9988 0
670 9992 0
671 9996 0
672 9999 0
673 10002 0
675 10006 0
679 10010 0
682 10014 0
686 10017 0
690 10020 0
694 10023 0
698 10025 0
703 10027 0
708 10029 0
713 10031 0
718 10033 0
723 10035 0
729 10037 0
735 10038 0
743 10038 0
750 10038 0
758 10038 0
766 10038 0
775 10037 0
784 10036 0
791 10035 0
797 10034 0
801 10033 0
804 10032 0
808 10030 0
812 10027 0
817 10023 0
822 10019 0
826 10015 0
829 10012 0
830 10009 0
831 10005 0
832 10000 0
833 9996 0
834 9992 0
834 9989 0
833 9986 0
829 9984 0
824 9983 0
816 9983 0
805 9984 0
796 9985 0
787 9988 0
778 9993 0
770 9998 0
764 10004 0
759 10010 0
755 10016 0
753 10022 0
751 10032 0
745 10034 0
.PEN_UP
.PEN_DOWN
680 9834 0
684 9834 0
690 9833 0
700 9832 0
715 9832 0
732 9832 0
749 9831 0
766 9830 0
782 9829 0
798 9829 0
813 9828 0
829 9827 0
843 9825 0
855 9824 0
864 9823 0
871 9823 0
877 9823 0
882 9823 0
886 9823 0
889 9823 0
889 9823 0
.PEN_UP
