.VERSION 1.0 
.HIERARCHY CHARACTER
.COORD X Y T
.SEGMENT CHARACTER 0-2 OK "33"
.H_LINE 1374 2249
.V_LINE 5000 5750
.X_DIM 750
.Y_DIM 874
.X_POINTS_PER_INCH 1000
.Y_POINTS_PER_INCH 1000
.POINTS_PER_SECOND 125
.COMMENT CALIB X: 4 Y: -32

.WRITER_INFO
 Name: NAGARAJU
 WriterId: 2
 Hand: right
 EducationLevel: post graduate
 Gender: male
 Profession: student
 Region: warangal
 Age: 23
 DeviceType: digimemo a402
 SkillDevice: average
 Language: hindi
 Script: indic
 Native: false
 Style: discrete
 UsageFreq: rarely
 Proficiency: good
 Date: 2007-6-6
 WritingInProfession: no

.PEN_DOWN
5300 1748 0
5298 1751 0
5295 1755 0
5292 1760 0
5290 1768 0
5289 1777 0
5288 1786 0
5288 1797 0
5287 1808 0
5287 1817 0
5288 1826 0
5290 1833 0
5293 1840 0
5297 1845 0
5303 1849 0
5309 1852 0
5316 1854 0
5325 1854 0
5335 1854 0
5346 1854 0
5358 1852 0
5370 1850 0
5382 1846 0
5394 1841 0
5404 1835 0
5413 1828 0
5422 1821 0
5429 1812 0
5435 1802 0
5439 1792 0
5442 1782 0
5444 1772 0
5445 1763 0
5445 1755 0
5445 1749 0
5446 1745 0
5446 1741 0
5446 1738 0
5444 1741 0
5443 1746 0
5442 1752 0
5442 1761 0
5442 1770 0
5443 1780 0
5444 1790 0
5445 1799 0
5446 1810 0
5446 1821 0
5446 1833 0
5447 1845 0
5448 1856 0
5448 1866 0
5448 1874 0
5449 1882 0
5449 1889 0
5449 1896 0
5449 1902 0
5449 1907 0
5449 1911 0
5449 1914 0
5449 1914 0
.PEN_UP
.PEN_DOWN
5504 1792 0
5509 1791 0
5513 1791 0
5517 1793 0
5520 1796 0
5523 1799 0
5526 1804 0
5529 1809 0
5531 1814 0
5533 1820 0
5535 1827 0
5536 1833 0
5536 1840 0
5536 1848 0
5536 1854 0
5535 1860 0
5534 1866 0
5532 1871 0
5531 1876 0
5529 1879 0
5528 1882 0
5526 1886 0
5526 1886 0
.PEN_UP
.PEN_DOWN
5256 1683 0
5253 1683 0
5256 1684 0
5260 1684 0
5267 1684 0
5275 1683 0
5286 1681 0
5301 1680 0
5320 1678 0
5343 1677 0
5367 1676 0
5388 1675 0
5409 1675 0
5431 1675 0
5450 1674 0
5468 1674 0
5484 1674 0
5500 1675 0
5514 1676 0
5528 1676 0
5541 1676 0
5552 1676 0
5560 1675 0
5565 1675 0
5568 1675 0
5570 1672 0
5570 1672 0
.PEN_UP
