.VERSION 1.0 
.HIERARCHY CHARACTER
.COORD X Y T
.SEGMENT CHARACTER 0-2 OK "35"
.H_LINE 2999 3874
.V_LINE 499 1250
.X_DIM 750
.Y_DIM 874
.X_POINTS_PER_INCH 1000
.Y_POINTS_PER_INCH 1000
.POINTS_PER_SECOND 125
.COMMENT CALIB X: -38 Y: -3

.WRITER_INFO
 Name: NAGARAJU
 WriterId: 2
 Hand: right
 EducationLevel: post graduate
 Gender: male
 Profession: student
 Region: warangal
 Age: 23
 DeviceType: digimemo a402
 SkillDevice: average
 Language: hindi
 Script: indic
 Native: false
 Style: discrete
 UsageFreq: rarely
 Proficiency: good
 Date: 2007-6-6
 WritingInProfession: no

.PEN_DOWN
776 3458 0
773 3456 0
770 3454 0
766 3451 0
762 3447 0
758 3442 0
754 3437 0
750 3433 0
747 3430 0
745 3427 0
744 3424 0
744 3421 0
748 3418 0
753 3417 0
759 3416 0
767 3416 0
778 3415 0
790 3415 0
802 3414 0
815 3413 0
827 3413 0
837 3412 0
844 3411 0
850 3411 0
855 3410 0
859 3409 0
862 3408 0
866 3406 0
869 3404 0
872 3403 0
874 3407 0
875 3412 0
875 3417 0
875 3422 0
875 3426 0
875 3432 0
875 3440 0
874 3449 0
874 3457 0
873 3466 0
873 3475 0
872 3483 0
871 3492 0
870 3502 0
870 3511 0
870 3520 0
870 3528 0
870 3536 0
870 3544 0
870 3550 0
870 3554 0
870 3557 0
866 3556 0
861 3553 0
854 3549 0
847 3544 0
839 3539 0
830 3535 0
821 3531 0
812 3528 0
804 3525 0
798 3522 0
793 3520 0
790 3518 0
788 3514 0
788 3511 0
789 3508 0
794 3505 0
799 3502 0
805 3501 0
815 3499 0
828 3498 0
846 3496 0
864 3494 0
882 3492 0
898 3490 0
913 3488 0
926 3485 0
936 3482 0
945 3478 0
953 3474 0
960 3470 0
966 3466 0
966 3466 0
.PEN_UP
.PEN_DOWN
984 3421 0
984 3418 0
984 3415 0
984 3412 0
984 3409 0
984 3406 0
984 3403 0
983 3406 0
983 3410 0
982 3414 0
982 3420 0
982 3427 0
983 3436 0
983 3446 0
983 3455 0
983 3466 0
983 3479 0
983 3492 0
983 3505 0
982 3518 0
981 3534 0
981 3549 0
980 3561 0
980 3571 0
980 3579 0
981 3584 0
981 3588 0
981 3591 0
982 3594 0
982 3589 0
.PEN_UP
.PEN_DOWN
947 3399 0
950 3399 0
957 3399 0
965 3398 0
975 3397 0
986 3396 0
998 3395 0
1009 3394 0
.PEN_UP
