.VERSION 1.0 
.HIERARCHY CHARACTER
.COORD X Y T
.SEGMENT CHARACTER 0-2 OK "49"
.H_LINE 6249 7124
.V_LINE 6500 7250
.X_DIM 750
.Y_DIM 875
.X_POINTS_PER_INCH 1000
.Y_POINTS_PER_INCH 1000
.POINTS_PER_SECOND 125
.COMMENT CALIB X: 3 Y: -46

.WRITER_INFO
 Name: NAGARAJU
 WriterId: 2
 Hand: right
 EducationLevel: post graduate
 Gender: male
 Profession: student
 Region: warangal
 Age: 23
 DeviceType: digimemo a402
 SkillDevice: average
 Language: hindi
 Script: indic
 Native: false
 Style: discrete
 UsageFreq: rarely
 Proficiency: good
 Date: 2007-6-6
 WritingInProfession: no

.PEN_DOWN
6711 6607 0
6710 6611 0
6709 6614 0
6709 6618 0
6709 6623 0
6709 6628 0
6709 6632 0
6709 6637 0
6708 6643 0
6708 6650 0
6707 6658 0
6706 6665 0
6705 6672 0
6705 6678 0
6705 6685 0
6705 6693 0
6705 6700 0
6705 6706 0
6705 6712 0
6705 6719 0
6705 6726 0
6705 6732 0
6705 6740 0
6705 6749 0
6705 6757 0
6705 6764 0
6705 6771 0
6705 6779 0
6704 6786 0
6704 6792 0
6704 6796 0
6704 6799 0
6704 6802 0
6705 6805 0
6705 6802 0
6704 6794 0
6708 6781 0
.PEN_UP
.PEN_DOWN
6725 6586 0
6722 6585 0
6719 6584 0
6715 6582 0
6711 6579 0
6708 6577 0
6704 6574 0
6699 6571 0
6695 6567 0
6691 6563 0
6687 6559 0
6684 6554 0
6682 6549 0
6679 6543 0
6677 6536 0
6675 6530 0
6673 6524 0
6672 6519 0
6671 6514 0
6671 6508 0
6671 6502 0
6671 6496 0
6672 6491 0
6674 6486 0
6676 6480 0
6679 6474 0
6682 6468 0
6686 6462 0
6691 6457 0
6695 6452 0
6701 6447 0
6707 6442 0
6714 6437 0
6721 6432 0
6728 6428 0
6733 6424 0
6739 6421 0
6745 6418 0
6750 6415 0
6756 6412 0
6762 6410 0
6768 6409 0
6774 6408 0
6780 6408 0
6786 6408 0
6791 6409 0
6796 6410 0
6800 6410 0
6806 6411 0
6813 6413 0
6821 6415 0
6830 6417 0
6838 6419 0
6844 6422 0
6849 6424 0
6854 6427 0
6858 6430 0
6862 6433 0
6866 6437 0
6870 6442 0
6875 6447 0
6881 6453 0
6887 6459 0
6892 6464 0
6896 6469 0
6899 6474 0
6901 6480 0
6903 6484 0
6905 6488 0
6906 6492 0
6907 6496 0
6907 6500 0
6907 6504 0
6907 6508 0
6908 6512 0
6908 6515 0
6908 6519 0
6908 6524 0
6907 6529 0
6906 6534 0
6904 6539 0
6901 6544 0
6895 6546 0
.PEN_UP
.PEN_DOWN
6618 6606 0
6621 6606 0
6624 6605 0
6627 6604 0
6630 6603 0
6633 6602 0
6636 6601 0
6639 6601 0
6642 6599 0
6645 6598 0
6648 6597 0
6651 6596 0
6655 6596 0
6658 6595 0
6661 6595 0
6665 6595 0
6671 6595 0
6677 6595 0
6685 6594 0
6691 6593 0
6698 6592 0
6705 6591 0
6710 6591 0
6716 6591 0
6721 6591 0
6726 6591 0
6730 6590 0
6734 6589 0
6738 6589 0
6743 6589 0
6748 6589 0
6754 6589 0
6758 6589 0
6761 6589 0
6764 6589 0
6768 6589 0
6773 6590 0
6779 6591 0
6786 6592 0
.PEN_UP
