.VERSION 1.0 
.HIERARCHY CHARACTER
.COORD X Y T
.SEGMENT CHARACTER 0-1 OK "68"
.H_LINE 2999 3874
.V_LINE 5000 5750
.X_DIM 750
.Y_DIM 874
.X_POINTS_PER_INCH 1000
.Y_POINTS_PER_INCH 1000
.POINTS_PER_SECOND 125
.COMMENT CALIB X: -21 Y: -10

.WRITER_INFO
 Name: NAGARAJU
 WriterId: 2
 Hand: right
 EducationLevel: post graduate
 Gender: male
 Profession: student
 Region: warangal
 Age: 23
 DeviceType: digimemo a402
 SkillDevice: average
 Language: hindi
 Script: indic
 Native: false
 Style: discrete
 UsageFreq: rarely
 Proficiency: good
 Date: 2007-6-6
 WritingInProfession: no

.PEN_DOWN
5212 3431 0
5209 3433 0
5205 3435 0
5202 3438 0
5200 3441 0
5197 3443 0
5194 3446 0
5192 3450 0
5190 3453 0
5189 3456 0
5188 3460 0
5187 3464 0
5186 3468 0
5186 3472 0
5187 3476 0
5188 3480 0
5189 3483 0
5193 3486 0
5196 3489 0
5200 3490 0
5205 3491 0
5209 3492 0
5214 3492 0
5219 3493 0
5224 3493 0
5229 3494 0
5233 3494 0
5236 3494 0
5239 3494 0
5235 3497 0
5232 3499 0
5229 3503 0
5226 3507 0
5223 3510 0
5221 3513 0
5220 3517 0
5219 3520 0
5218 3523 0
5217 3526 0
5217 3531 0
5216 3536 0
5216 3542 0
5216 3547 0
5216 3551 0
5217 3555 0
5218 3558 0
5219 3561 0
5220 3565 0
5221 3568 0
5223 3571 0
5226 3574 0
5229 3577 0
5232 3579 0
5237 3581 0
5242 3582 0
5247 3583 0
5253 3583 0
5258 3583 0
5263 3583 0
5269 3582 0
5275 3582 0
5280 3581 0
5287 3579 0
5293 3577 0
5299 3575 0
5305 3573 0
5311 3570 0
5316 3568 0
5321 3566 0
5326 3563 0
5331 3560 0
5334 3558 0
5337 3557 0
5339 3554 0
5340 3550 0
5340 3550 0
.PEN_UP
.PEN_DOWN
5145 3426 0
5142 3426 0
5139 3425 0
5142 3425 0
5147 3424 0
5154 3424 0
5163 3424 0
5174 3424 0
5187 3425 0
5199 3426 0
5211 3426 0
5222 3426 0
5232 3426 0
5239 3426 0
5244 3426 0
5247 3426 0
5250 3425 0
5253 3420 0
.PEN_UP
