.VERSION 1.0 
.HIERARCHY CHARACTER
.COORD X Y T
.SEGMENT CHARACTER 0-1 OK "79"
.H_LINE 6249 7124
.V_LINE 6500 7250
.X_DIM 750
.Y_DIM 875
.X_POINTS_PER_INCH 1000
.Y_POINTS_PER_INCH 1000
.POINTS_PER_SECOND 125
.COMMENT CALIB X: 3 Y: -46

.WRITER_INFO
 Name: NAGARAJU
 WriterId: 2
 Hand: right
 EducationLevel: post graduate
 Gender: male
 Profession: student
 Region: warangal
 Age: 23
 DeviceType: digimemo a402
 SkillDevice: average
 Language: hindi
 Script: indic
 Native: false
 Style: discrete
 UsageFreq: rarely
 Proficiency: good
 Date: 2007-6-6
 WritingInProfession: no

.PEN_DOWN
6703 6683 0
6702 6686 0
6701 6690 0
6700 6694 0
6699 6698 0
6698 6702 0
6697 6707 0
6695 6713 0
6693 6719 0
6692 6725 0
6691 6731 0
6691 6735 0
6690 6741 0
6690 6747 0
6690 6752 0
6690 6756 0
6690 6760 0
6690 6764 0
6690 6768 0
6690 6772 0
6690 6777 0
6691 6782 0
6691 6786 0
6693 6790 0
6694 6794 0
6695 6797 0
6697 6800 0
6700 6802 0
6703 6804 0
6706 6806 0
6709 6808 0
6712 6811 0
6716 6813 0
6721 6815 0
6725 6816 0
6729 6817 0
6733 6818 0
6739 6818 0
6745 6819 0
6749 6820 0
6753 6820 0
6756 6820 0
6759 6820 0
6763 6819 0
6767 6818 0
6771 6816 0
6775 6815 0
6779 6813 0
6782 6812 0
6785 6811 0
6788 6810 0
6792 6808 0
6795 6806 0
6798 6805 0
.PEN_UP
.PEN_DOWN
6628 6676 0
6632 6675 0
6637 6674 0
6643 6674 0
6651 6674 0
6659 6674 0
6669 6675 0
6679 6676 0
6689 6676 0
6698 6676 0
6705 6675 0
6712 6674 0
6718 6673 0
6724 6672 0
6728 6671 0
6733 6671 0
6738 6672 0
6742 6672 0
6746 6672 0
6750 6672 0
6754 6672 0
6757 6672 0
6760 6672 0
6764 6672 0
6767 6672 0
6770 6672 0
6773 6672 0
6776 6671 0
6779 6671 0
6782 6671 0
6785 6671 0
6788 6671 0
6792 6670 0
6796 6669 0
6799 6668 0
6794 6668 0
.PEN_UP
