.VERSION 1.0 
.HIERARCHY CHARACTER
.COORD X Y T
.SEGMENT CHARACTER 0-2 OK "91"
.H_LINE 1374 2249
.V_LINE 1999 2749
.X_DIM 749
.Y_DIM 874
.X_POINTS_PER_INCH 1000
.Y_POINTS_PER_INCH 1000
.POINTS_PER_SECOND 125
.COMMENT CALIB X: -22 Y: -4

.WRITER_INFO
 Name: NAGARAJU
 WriterId: 2
 Hand: right
 EducationLevel: post graduate
 Gender: male
 Profession: student
 Region: warangal
 Age: 23
 DeviceType: digimemo a402
 SkillDevice: average
 Language: hindi
 Script: indic
 Native: false
 Style: discrete
 UsageFreq: rarely
 Proficiency: good
 Date: 2007-6-6
 WritingInProfession: no

.PEN_DOWN
2247 1800 0
2247 1805 0
2246 1810 0
2246 1815 0
2246 1820 0
2246 1826 0
2246 1832 0
2245 1837 0
2244 1842 0
2244 1847 0
2244 1854 0
2242 1859 0
2241 1864 0
2241 1870 0
2241 1875 0
2241 1879 0
2242 1884 0
2243 1889 0
2244 1894 0
2245 1899 0
2246 1902 0
2247 1905 0
2249 1908 0
2251 1911 0
2254 1913 0
2257 1915 0
2263 1916 0
2269 1916 0
2274 1916 0
2278 1916 0
2283 1916 0
2288 1916 0
2293 1915 0
2297 1914 0
2302 1914 0
2306 1914 0
2310 1913 0
2314 1913 0
2318 1912 0
2321 1912 0
2324 1912 0
2327 1911 0
2330 1910 0
2334 1910 0
2338 1909 0
2341 1908 0
2341 1908 0
.PEN_UP
.PEN_DOWN
2268 1827 0
2271 1830 0
2273 1833 0
2275 1836 0
2276 1839 0
2278 1842 0
2280 1845 0
2283 1848 0
2286 1852 0
2289 1856 0
2293 1860 0
2297 1864 0
2301 1868 0
2305 1872 0
2309 1876 0
2312 1880 0
2314 1884 0
2317 1887 0
2319 1890 0
2322 1893 0
2325 1896 0
2328 1899 0
2331 1901 0
2334 1903 0
2337 1904 0
2340 1906 0
2343 1907 0
2343 1907 0
.PEN_UP
.PEN_DOWN
2207 1803 0
2210 1802 0
2215 1802 0
2220 1801 0
2225 1801 0
2230 1801 0
2235 1801 0
2242 1801 0
2249 1801 0
2255 1800 0
2260 1800 0
2266 1798 0
2273 1796 0
2281 1795 0
2288 1794 0
2294 1793 0
2300 1792 0
2305 1792 0
2309 1792 0
2313 1792 0
2316 1792 0
2319 1792 0
2323 1792 0
2326 1792 0
2330 1792 0
2334 1792 0
2338 1792 0
2341 1792 0
2346 1792 0
.PEN_UP
