.VERSION 1.0 
.HIERARCHY CHARACTER
.COORD X Y T
.SEGMENT CHARACTER 0-3 OK "107"
.H_LINE 6249 7124
.V_LINE 3500 4250
.X_DIM 750
.Y_DIM 875
.X_POINTS_PER_INCH 1000
.Y_POINTS_PER_INCH 1000
.POINTS_PER_SECOND 125
.COMMENT CALIB X: -35 Y: -43

.WRITER_INFO
 Name: NAGARAJU
 WriterId: 2
 Hand: right
 EducationLevel: post graduate
 Gender: male
 Profession: student
 Region: warangal
 Age: 23
 DeviceType: digimemo a402
 SkillDevice: average
 Language: hindi
 Script: indic
 Native: false
 Style: discrete
 UsageFreq: rarely
 Proficiency: good
 Date: 2007-6-6
 WritingInProfession: no

.PEN_DOWN
3818 6533 0
3817 6538 0
3816 6545 0
3815 6551 0
3815 6559 0
3815 6567 0
3815 6574 0
3814 6580 0
3814 6584 0
3813 6587 0
3810 6585 0
3806 6582 0
3802 6578 0
3797 6575 0
3791 6572 0
3785 6570 0
3778 6569 0
3771 6569 0
3764 6570 0
3757 6572 0
3751 6575 0
3745 6580 0
3740 6586 0
3736 6592 0
3733 6599 0
3731 6607 0
3731 6613 0
3731 6618 0
3732 6621 0
3734 6624 0
3737 6626 0
3740 6628 0
3744 6629 0
3749 6629 0
3756 6630 0
3764 6630 0
3775 6630 0
3787 6631 0
3798 6631 0
3808 6632 0
3817 6633 0
3826 6634 0
3834 6636 0
3842 6639 0
3851 6642 0
3859 6644 0
3865 6648 0
3869 6653 0
3873 6657 0
3876 6661 0
3879 6665 0
3881 6670 0
3882 6676 0
3882 6681 0
3882 6687 0
3881 6693 0
3878 6699 0
3874 6704 0
3871 6708 0
3867 6711 0
3862 6713 0
3857 6715 0
3855 6712 0
.PEN_UP
.PEN_DOWN
3807 6663 0
3803 6655 0
3798 6657 0
3793 6661 0
3788 6666 0
3783 6672 0
3778 6678 0
3774 6668 0
.PEN_UP
.PEN_DOWN
3744 6635 0
3741 6635 0
3738 6636 0
3735 6636 0
3731 6637 0
3727 6639 0
3723 6641 0
3719 6644 0
3715 6648 0
3712 6653 0
3708 6658 0
3704 6663 0
3701 6668 0
3698 6675 0
3696 6682 0
3693 6690 0
3691 6698 0
3689 6705 0
3688 6712 0
3688 6720 0
3688 6728 0
3688 6736 0
3689 6744 0
3690 6753 0
3691 6760 0
3693 6766 0
3695 6772 0
3697 6777 0
3699 6782 0
3702 6787 0
3706 6792 0
3711 6798 0
3716 6803 0
3722 6808 0
3729 6812 0
3737 6814 0
3746 6816 0
3756 6817 0
3767 6817 0
3778 6814 0
3791 6809 0
.PEN_UP
.PEN_DOWN
3732 6483 0
3735 6484 0
3741 6485 0
3751 6485 0
3762 6485 0
3777 6485 0
3792 6485 0
3809 6485 0
3826 6485 0
3845 6485 0
3862 6485 0
3878 6482 0
.PEN_UP
