.VERSION 1.0 
.HIERARCHY CHARACTER
.COORD X Y T
.SEGMENT CHARACTER 0-1 OK "109"
.H_LINE 6249 7124
.V_LINE 6500 7250
.X_DIM 750
.Y_DIM 875
.X_POINTS_PER_INCH 1000
.Y_POINTS_PER_INCH 1000
.POINTS_PER_SECOND 125
.COMMENT CALIB X: -14 Y: -39

.WRITER_INFO
 Name: NAGARAJU
 WriterId: 2
 Hand: right
 EducationLevel: post graduate
 Gender: male
 Profession: student
 Region: warangal
 Age: 23
 DeviceType: digimemo a402
 SkillDevice: average
 Language: hindi
 Script: indic
 Native: false
 Style: discrete
 UsageFreq: rarely
 Proficiency: good
 Date: 2007-6-6
 WritingInProfession: no

.PEN_DOWN
6858 6730 0
6866 6729 0
6876 6728 0
6886 6727 0
6896 6726 0
6906 6725 0
6913 6725 0
6918 6725 0
6921 6725 0
6925 6723 0
.PEN_UP
.PEN_DOWN
6975 6745 0
6975 6753 0
6975 6760 0
6975 6765 0
6965 6768 0
6958 6770 0
6952 6771 0
6947 6771 0
6942 6771 0
6937 6771 0
6932 6770 0
6927 6768 0
6923 6765 0
6920 6761 0
6917 6756 0
6915 6751 0
6913 6746 0
6912 6741 0
6911 6735 0
6911 6730 0
6912 6725 0
6914 6721 0
6916 6718 0
6918 6715 0
6921 6713 0
6925 6712 0
6931 6711 0
6938 6710 0
6945 6709 0
6951 6708 0
6957 6708 0
6963 6708 0
6967 6708 0
6970 6709 0
6974 6710 0
6979 6712 0
6984 6714 0
6989 6717 0
6994 6721 0
6998 6724 0
7001 6728 0
7004 6731 0
7006 6735 0
7008 6739 0
7010 6743 0
7012 6748 0
7015 6753 0
7018 6758 0
7021 6764 0
7024 6768 0
7027 6772 0
7030 6776 0
7032 6780 0
7034 6783 0
7038 6787 0
7042 6790 0
7045 6792 0
7048 6793 0
7051 6796 0
7054 6800 0
7056 6803 0
7059 6805 0
7062 6806 0
7064 6809 0
7066 6812 0
7068 6815 0
7070 6818 0
7073 6821 0
7073 6821 0
.PEN_UP
