.VERSION 1.0 
.HIERARCHY CHARACTER
.COORD X Y T
.SEGMENT CHARACTER 0-3 OK "2"
.H_LINE 1374 2249
.V_LINE 3500 4250
.X_DIM 750
.Y_DIM 874
.X_POINTS_PER_INCH 1000
.Y_POINTS_PER_INCH 1000
.POINTS_PER_SECOND 125
.COMMENT CALIB X: -4 Y: -41

.WRITER_INFO
 Name: KALYAN SAI PREM
 WriterId: 27
 Hand: right
 EducationLevel: college graduate
 Gender: male
 Profession: student
 Region: hyderabad
 Age: 23
 DeviceType: digimemo a402
 SkillDevice: average
 Language: hindi
 Script: indic
 Native: false
 Style: discrete
 UsageFreq: once a month
 Proficiency: average
 Date: 2007-6-14
 WritingInProfession: no

.PEN_DOWN
3589 1719 0
3587 1716 0
3592 1713 0
3601 1710 0
3617 1708 0
3636 1706 0
3657 1705 0
3675 1706 0
3688 1708 0
3696 1712 0
3700 1717 0
3701 1725 0
3698 1734 0
3692 1744 0
3682 1756 0
3668 1766 0
3656 1774 0
3645 1780 0
3637 1784 0
3632 1786 0
3636 1785 0
3642 1783 0
3651 1782 0
3663 1782 0
3677 1784 0
3690 1787 0
3701 1793 0
3709 1799 0
3714 1805 0
3716 1813 0
3716 1820 0
3714 1827 0
3710 1832 0
3702 1837 0
3692 1839 0
3681 1840 0
3668 1840 0
3652 1840 0
3636 1838 0
3622 1837 0
3612 1835 0
3605 1833 0
3602 1832 0
3603 1827 0
3611 1820 0
.PEN_UP
.PEN_DOWN
3665 1760 0
3671 1762 0
3679 1763 0
3688 1765 0
3699 1766 0
3713 1766 0
3728 1764 0
3742 1761 0
3756 1755 0
3769 1749 0
3782 1742 0
3792 1735 0
3799 1726 0
3803 1718 0
3805 1711 0
3805 1706 0
3804 1703 0
3802 1708 0
3800 1717 0
3798 1730 0
3796 1742 0
3795 1755 0
3793 1768 0
3791 1783 0
3791 1795 0
3791 1805 0
3791 1813 0
3792 1819 0
3796 1823 0
.PEN_UP
.PEN_DOWN
3866 1701 0
3865 1698 0
3864 1701 0
3864 1708 0
3863 1721 0
3862 1736 0
3861 1755 0
3861 1773 0
3861 1789 0
3862 1802 0
3862 1812 0
3861 1819 0
3864 1824 0
.PEN_UP
.PEN_DOWN
3757 1711 0
3763 1708 0
3775 1705 0
3795 1701 0
3826 1695 0
3868 1689 0
.PEN_UP
