.VERSION 1.0 
.HIERARCHY CHARACTER
.COORD X Y T
.SEGMENT CHARACTER 0-3 OK "71"
.H_LINE 4624 5499
.V_LINE 1999 2749
.X_DIM 749
.Y_DIM 874
.X_POINTS_PER_INCH 1000
.Y_POINTS_PER_INCH 1000
.POINTS_PER_SECOND 125
.COMMENT CALIB X: 16 Y: -71

.WRITER_INFO
 Name: KALYAN SAI PREM
 WriterId: 27
 Hand: right
 EducationLevel: college graduate
 Gender: male
 Profession: student
 Region: hyderabad
 Age: 23
 DeviceType: digimemo a402
 SkillDevice: average
 Language: hindi
 Script: indic
 Native: false
 Style: discrete
 UsageFreq: once a month
 Proficiency: average
 Date: 2007-6-14
 WritingInProfession: no

.PEN_DOWN
2308 5105 0
2313 5106 0
2319 5108 0
2326 5110 0
2335 5112 0
2344 5114 0
2351 5113 0
2356 5115 0
2359 5117 0
2355 5118 0
2347 5120 0
2337 5122 0
2327 5124 0
2318 5127 0
2309 5131 0
2301 5136 0
2295 5143 0
2290 5150 0
2287 5156 0
2286 5161 0
2287 5166 0
2289 5169 0
2293 5171 0
2298 5173 0
2306 5176 0
2315 5179 0
2325 5183 0
2333 5188 0
2340 5194 0
2346 5201 0
2349 5208 0
2350 5215 0
2348 5223 0
2341 5230 0
2332 5237 0
2321 5244 0
2309 5248 0
2299 5251 0
2290 5252 0
2283 5252 0
2280 5251 0
2279 5248 0
2279 5245 0
2281 5240 0
2284 5235 0
2288 5231 0
2294 5228 0
2300 5227 0
2307 5227 0
2313 5230 0
2318 5234 0
2321 5239 0
2324 5246 0
2327 5254 0
2330 5262 0
2333 5269 0
2336 5276 0
2340 5280 0
2343 5284 0
2346 5287 0
2349 5289 0
2345 5289 0
.PEN_UP
.PEN_DOWN
2350 5216 0
2353 5214 0
2359 5211 0
2367 5208 0
2377 5204 0
2387 5201 0
2398 5199 0
2403 5198 0
.PEN_UP
.PEN_DOWN
2206 5072 0
2199 5071 0
2192 5071 0
2187 5070 0
2190 5072 0
2196 5074 0
2207 5075 0
2226 5074 0
2248 5073 0
2274 5071 0
2307 5069 0
2349 5067 0
2393 5066 0
2435 5066 0
.PEN_UP
.PEN_DOWN
2301 5066 0
2298 5065 0
2298 5070 0
2301 5075 0
2305 5082 0
2311 5087 0
2321 5092 0
.PEN_UP
