.VERSION 1.0 
.HIERARCHY CHARACTER
.COORD X Y T
.SEGMENT CHARACTER 0-6 OK "11"
.H_LINE 4624 5499
.V_LINE 1999 2749
.X_DIM 749
.Y_DIM 874
.X_POINTS_PER_INCH 1000
.Y_POINTS_PER_INCH 1000
.POINTS_PER_SECOND 125
.COMMENT CALIB X: -76 Y: -37

.WRITER_INFO
 Name: S GANESH
 WriterId: 85
 Hand: right
 EducationLevel: college graduate
 Gender: male
 Profession: student
 Region: chennai
 Age: 21
 DeviceType: digimemo a402
 SkillDevice: average
 Language: hindi
 Script: indic
 Native: false
 Style: discrete
 UsageFreq: once a month
 Proficiency: average
 Date: 2007-6-30
 WritingInProfession: no

.PEN_DOWN
2193 5063 0
2198 5062 0
2204 5062 0
2212 5062 0
2221 5063 0
2231 5063 0
2239 5064 0
2246 5066 0
2251 5067 0
2253 5070 0
2253 5076 0
2251 5082 0
2248 5089 0
2245 5095 0
2241 5102 0
2235 5109 0
2228 5114 0
2219 5118 0
2211 5121 0
2203 5125 0
2196 5127 0
2192 5128 0
2194 5125 0
2196 5122 0
2199 5119 0
2203 5117 0
2212 5115 0
2223 5114 0
2236 5113 0
2250 5114 0
2265 5116 0
2277 5120 0
2286 5126 0
2291 5133 0
2293 5140 0
2293 5149 0
2292 5160 0
2287 5169 0
2280 5182 0
2268 5193 0
2253 5203 0
2235 5212 0
2216 5219 0
2197 5224 0
2177 5225 0
2162 5222 0
2151 5216 0
2145 5209 0
2142 5201 0
2143 5193 0
2149 5189 0
.PEN_UP
.PEN_DOWN
2251 5119 0
2253 5116 0
2260 5114 0
2273 5114 0
2290 5113 0
2312 5111 0
2334 5109 0
2355 5106 0
2371 5103 0
2381 5101 0
2386 5099 0
2388 5089 0
.PEN_UP
.PEN_DOWN
2405 5066 0
2405 5072 0
2405 5082 0
2403 5095 0
2403 5110 0
2404 5126 0
2406 5143 0
2407 5159 0
2408 5175 0
2396 5189 0
.PEN_UP
.PEN_DOWN
2441 5063 0
2441 5060 0
2444 5063 0
2448 5069 0
2453 5079 0
2456 5093 0
2459 5110 0
2461 5126 0
2462 5142 0
2462 5157 0
2462 5171 0
2461 5182 0
2460 5187 0
.PEN_UP
.PEN_DOWN
2312 4989 0
2312 4983 0
2312 4979 0
2306 4976 0
2301 4974 0
2296 4974 0
2289 4975 0
2279 4978 0
2267 4981 0
2256 4984 0
2247 4986 0
2234 4988 0
2217 4988 0
2200 4987 0
2186 4984 0
2176 4978 0
2170 4973 0
2167 4968 0
2166 4962 0
2168 4958 0
2171 4954 0
2180 4952 0
2194 4951 0
2213 4953 0
2236 4958 0
2267 4966 0
2301 4976 0
2333 4987 0
2359 4999 0
2378 5009 0
2392 5019 0
2400 5027 0
2405 5033 0
2408 5038 0
2412 5040 0
2417 5043 0
.PEN_UP
.PEN_DOWN
2365 4887 0
2360 4890 0
2355 4891 0
2348 4890 0
2341 4888 0
2335 4886 0
2332 4884 0
2332 4881 0
2333 4878 0
2337 4874 0
2344 4871 0
2357 4870 0
2372 4873 0
2388 4883 0
2402 4900 0
2417 4926 0
2433 4953 0
2446 4976 0
2456 4995 0
2462 5010 0
2465 5023 0
2465 5035 0
2464 5044 0
2464 5050 0
2464 5054 0
2465 5057 0
2465 5057 0
.PEN_UP
.PEN_DOWN
2232 5057 0
2235 5056 0
2238 5054 0
2241 5055 0
2247 5056 0
2257 5056 0
2276 5056 0
2305 5057 0
2340 5059 0
2377 5060 0
2411 5061 0
2445 5062 0
2476 5062 0
2501 5062 0
2519 5062 0
2528 5062 0
2531 5062 0
2528 5060 0
2528 5060 0
.PEN_UP
