.VERSION 1.0 
.HIERARCHY CHARACTER
.COORD X Y T
.SEGMENT CHARACTER 0-4 OK "10"
.H_LINE 4624 5499
.V_LINE 499 1250
.X_DIM 750
.Y_DIM 874
.X_POINTS_PER_INCH 1000
.Y_POINTS_PER_INCH 1000
.POINTS_PER_SECOND 125
.COMMENT CALIB X: 25 Y: -104

.WRITER_INFO
 Name: BVK BHARADWAJ
 WriterId: 38
 Hand: right
 EducationLevel: post graduate
 Gender: male
 Profession: research scholar
 Region: bhadrachalam
 Age: 23
 DeviceType: digimemo a402
 SkillDevice: average
 Language: hindi
 Script: indic
 Native: false
 Style: discrete
 UsageFreq: once a month
 Proficiency: good
 Date: 2007-6-18
 WritingInProfession: no

.PEN_DOWN
756 4930 0
753 4929 0
750 4927 0
749 4924 0
753 4923 0
759 4924 0
766 4926 0
774 4928 0
784 4933 0
795 4940 0
806 4950 0
815 4961 0
820 4973 0
822 4986 0
817 5001 0
809 5016 0
800 5028 0
792 5040 0
786 5049 0
781 5055 0
779 5060 0
778 5065 0
778 5069 0
779 5072 0
782 5077 0
787 5082 0
793 5088 0
801 5096 0
809 5104 0
816 5114 0
821 5125 0
823 5136 0
821 5148 0
817 5159 0
809 5171 0
796 5181 0
784 5188 0
770 5192 0
757 5193 0
748 5189 0
745 5180 0
.PEN_UP
.PEN_DOWN
819 5030 0
823 5030 0
831 5029 0
841 5027 0
853 5024 0
866 5019 0
879 5013 0
890 5006 0
897 4999 0
901 4992 0
904 4985 0
904 4977 0
903 4970 0
900 4965 0
897 4963 0
895 4966 0
894 4974 0
891 4987 0
888 5005 0
885 5024 0
884 5041 0
883 5057 0
881 5075 0
877 5091 0
874 5107 0
872 5123 0
871 5135 0
873 5141 0
.PEN_UP
.PEN_DOWN
992 4958 0
991 4955 0
992 4959 0
992 4971 0
993 4987 0
992 5006 0
990 5025 0
988 5043 0
985 5058 0
983 5072 0
981 5086 0
980 5099 0
980 5110 0
980 5118 0
.PEN_UP
.PEN_DOWN
992 4927 0
989 4922 0
987 4912 0
984 4901 0
981 4886 0
977 4869 0
970 4851 0
960 4831 0
943 4812 0
922 4792 0
902 4771 0
881 4752 0
863 4737 0
850 4728 0
843 4724 0
840 4726 0
841 4735 0
843 4751 0
.PEN_UP
.PEN_DOWN
797 4948 0
803 4944 0
816 4941 0
838 4937 0
868 4933 0
905 4930 0
944 4926 0
978 4921 0
.PEN_UP
