.VERSION 1.0 
.HIERARCHY CHARACTER
.COORD X Y T
.SEGMENT CHARACTER 0-1 OK "17"
.H_LINE 6249 7124
.V_LINE 3500 4250
.X_DIM 750
.Y_DIM 875
.X_POINTS_PER_INCH 1000
.Y_POINTS_PER_INCH 1000
.POINTS_PER_SECOND 125
.COMMENT CALIB X: 36 Y: -140

.WRITER_INFO
 Name: BVK BHARADWAJ
 WriterId: 38
 Hand: right
 EducationLevel: post graduate
 Gender: male
 Profession: research scholar
 Region: bhadrachalam
 Age: 23
 DeviceType: digimemo a402
 SkillDevice: average
 Language: hindi
 Script: indic
 Native: false
 Style: discrete
 UsageFreq: once a month
 Proficiency: good
 Date: 2007-6-18
 WritingInProfession: no

.PEN_DOWN
3587 6565 0
3584 6565 0
3581 6565 0
3578 6565 0
3582 6564 0
3591 6564 0
3605 6564 0
3623 6563 0
3645 6563 0
3669 6563 0
3692 6563 0
3710 6564 0
3725 6564 0
3739 6563 0
3750 6563 0
3757 6563 0
3760 6563 0
3756 6563 0
3753 6563 0
3750 6564 0
3747 6566 0
3740 6568 0
3734 6572 0
3727 6576 0
3720 6581 0
3715 6586 0
3710 6592 0
3707 6598 0
3705 6605 0
3702 6615 0
3697 6624 0
3694 6634 0
3691 6645 0
3688 6656 0
3685 6666 0
3681 6677 0
3678 6688 0
3676 6698 0
3675 6706 0
3675 6713 0
3675 6719 0
3678 6724 0
3681 6728 0
3683 6732 0
3687 6735 0
3691 6737 0
3696 6738 0
3702 6739 0
3711 6738 0
3723 6737 0
3738 6735 0
3754 6732 0
3768 6727 0
3780 6721 0
3791 6709 0
3802 6694 0
3812 6675 0
3823 6653 0
3834 6631 0
3843 6610 0
3850 6590 0
3856 6574 0
3859 6562 0
3861 6553 0
3863 6546 0
3863 6538 0
3863 6533 0
3863 6529 0
3861 6532 0
3858 6540 0
3853 6554 0
3846 6571 0
3839 6592 0
3832 6616 0
3826 6643 0
3821 6669 0
3816 6690 0
3813 6710 0
3810 6726 0
3809 6740 0
3808 6751 0
3806 6758 0
3805 6763 0
3804 6758 0
3803 6742 0
.PEN_UP
.PEN_DOWN
3717 6522 0
3718 6519 0
3723 6516 0
3735 6513 0
3754 6510 0
3776 6507 0
3803 6506 0
3838 6505 0
3881 6505 0
3925 6505 0
3963 6505 0
3991 6504 0
4010 6503 0
4021 6501 0
4027 6495 0
4030 6494 0
.PEN_UP
