.VERSION 1.0 
.HIERARCHY CHARACTER
.COORD X Y T
.SEGMENT CHARACTER 0-3 OK "41"
.H_LINE 4624 5499
.V_LINE 1999 2749
.X_DIM 749
.Y_DIM 874
.X_POINTS_PER_INCH 1000
.Y_POINTS_PER_INCH 1000
.POINTS_PER_SECOND 125
.COMMENT CALIB X: 60 Y: -109

.WRITER_INFO
 Name: BVK BHARADWAJ
 WriterId: 38
 Hand: right
 EducationLevel: post graduate
 Gender: male
 Profession: research scholar
 Region: bhadrachalam
 Age: 23
 DeviceType: digimemo a402
 SkillDevice: average
 Language: hindi
 Script: indic
 Native: false
 Style: discrete
 UsageFreq: once a month
 Proficiency: good
 Date: 2007-6-18
 WritingInProfession: no

.PEN_DOWN
2280 4919 0
2280 4916 0
2281 4913 0
2280 4919 0
2278 4930 0
2275 4945 0
2271 4961 0
2267 4976 0
2263 4990 0
2259 5001 0
2256 5009 0
2254 5014 0
2253 5017 0
2256 5013 0
2261 5009 0
2269 5004 0
2280 5001 0
2293 4999 0
2304 5000 0
2312 5003 0
2319 5011 0
2324 5022 0
2328 5033 0
2330 5045 0
2331 5056 0
2329 5065 0
2323 5076 0
2313 5086 0
2298 5095 0
2278 5102 0
2254 5107 0
2232 5110 0
2211 5110 0
2197 5109 0
2189 5108 0
2186 5106 0
2190 5103 0
2200 5100 0
2214 5099 0
2231 5097 0
2249 5099 0
2266 5103 0
2279 5109 0
2289 5116 0
2298 5124 0
2305 5130 0
2301 5194 0
.PEN_UP
.PEN_DOWN
2308 4918 0
2306 4915 0
2305 4912 0
2303 4909 0
2300 4906 0
2296 4903 0
2292 4901 0
2287 4900 0
2284 4899 0
2281 4900 0
2276 4903 0
2269 4908 0
2261 4914 0
2252 4921 0
2242 4932 0
2232 4945 0
2224 4956 0
2220 4966 0
2219 4975 0
2220 4983 0
2223 4991 0
2228 4998 0
2235 5003 0
2246 5005 0
2264 5005 0
.PEN_UP
.PEN_DOWN
2437 4947 0
2437 4951 0
2436 4959 0
2435 4972 0
2433 4989 0
2431 5007 0
2428 5025 0
2427 5042 0
2425 5057 0
2423 5070 0
2422 5082 0
2420 5093 0
2418 5103 0
2415 5111 0
2413 5116 0
2411 5125 0
.PEN_UP
.PEN_DOWN
2252 4905 0
2256 4901 0
2263 4898 0
2276 4895 0
2296 4892 0
2323 4890 0
2362 4887 0
2411 4884 0
2460 4883 0
2500 4882 0
2529 4882 0
.PEN_UP
