.VERSION 1.0 
.HIERARCHY CHARACTER
.COORD X Y T
.SEGMENT CHARACTER 0-1 OK "99"
.H_LINE 2999 3874
.V_LINE 6500 7250
.X_DIM 750
.Y_DIM 874
.X_POINTS_PER_INCH 1000
.Y_POINTS_PER_INCH 1000
.POINTS_PER_SECOND 125
.COMMENT CALIB X: 91 Y: -120

.WRITER_INFO
 Name: BVK BHARADWAJ
 WriterId: 38
 Hand: right
 EducationLevel: post graduate
 Gender: male
 Profession: research scholar
 Region: bhadrachalam
 Age: 23
 DeviceType: digimemo a402
 SkillDevice: average
 Language: hindi
 Script: indic
 Native: false
 Style: discrete
 UsageFreq: once a month
 Proficiency: good
 Date: 2007-6-18
 WritingInProfession: no

.PEN_DOWN
6792 3312 0
6795 3312 0
6796 3317 0
6797 3323 0
6798 3333 0
6798 3344 0
6797 3354 0
6796 3364 0
6795 3374 0
6793 3385 0
6791 3393 0
6790 3399 0
6789 3403 0
6788 3400 0
6787 3396 0
6786 3391 0
6784 3385 0
6780 3377 0
6774 3369 0
6766 3363 0
6757 3359 0
6746 3357 0
6733 3356 0
6721 3357 0
6708 3361 0
6695 3369 0
6682 3380 0
6671 3391 0
6664 3402 0
6661 3413 0
6660 3424 0
6661 3436 0
6667 3447 0
6676 3457 0
6687 3466 0
6703 3473 0
6722 3479 0
6739 3484 0
6755 3488 0
6769 3490 0
6781 3491 0
6789 3491 0
6796 3490 0
6801 3489 0
6804 3489 0
6801 3491 0
6795 3493 0
6790 3495 0
6787 3497 0
6784 3500 0
6780 3505 0
6775 3511 0
6770 3517 0
6763 3523 0
6759 3528 0
6755 3533 0
6751 3539 0
6748 3544 0
6747 3550 0
6746 3555 0
6747 3561 0
6749 3567 0
6753 3572 0
6757 3577 0
6762 3581 0
6767 3583 0
6771 3585 0
6775 3586 0
6782 3586 0
6791 3585 0
6800 3584 0
6806 3582 0
6810 3578 0
6814 3574 0
6817 3568 0
6820 3562 0
6822 3554 0
6823 3548 0
6823 3545 0
6820 3545 0
6817 3547 0
6813 3551 0
6808 3555 0
6804 3559 0
6802 3565 0
6800 3574 0
6799 3584 0
6799 3595 0
6799 3608 0
6800 3623 0
6802 3639 0
6804 3655 0
6808 3673 0
6813 3688 0
6820 3701 0
6830 3710 0
6842 3716 0
6855 3723 0
6867 3715 0
.PEN_UP
.PEN_DOWN
6706 3271 0
6705 3268 0
6709 3265 0
6719 3262 0
6741 3260 0
6773 3258 0
6809 3257 0
6843 3257 0
.PEN_UP
