.VERSION 1.0 
.HIERARCHY CHARACTER
.COORD X Y T
.SEGMENT CHARACTER 0-2 OK "1"
.H_LINE 1374 2249
.V_LINE 1999 2749
.X_DIM 749
.Y_DIM 874
.X_POINTS_PER_INCH 1000
.Y_POINTS_PER_INCH 1000
.POINTS_PER_SECOND 125
.COMMENT CALIB X: -23 Y: -145

.WRITER_INFO
 Name: SAI GIRIDHAR
 WriterId: 42
 Hand: right
 EducationLevel: post graduate
 Gender: male
 Profession: research scholar
 Region: chennai
 Age: 24
 DeviceType: digimemo a402
 SkillDevice: good
 Language: hindi
 Script: indic
 Native: false
 Style: discrete
 UsageFreq: once a week
 Proficiency: good
 Date: 2007-6-19
 WritingInProfession: no

.PEN_DOWN
2170 1762 0
2167 1762 0
2164 1760 0
2162 1757 0
2161 1754 0
2161 1751 0
2163 1748 0
2165 1745 0
2168 1743 0
2172 1740 0
2176 1738 0
2182 1736 0
2188 1734 0
2195 1732 0
2201 1731 0
2207 1731 0
2213 1731 0
2219 1732 0
2224 1733 0
2229 1735 0
2232 1737 0
2235 1741 0
2237 1745 0
2240 1750 0
2242 1755 0
2243 1760 0
2244 1766 0
2244 1771 0
2243 1776 0
2241 1782 0
2238 1786 0
2234 1791 0
2229 1796 0
2224 1800 0
2219 1804 0
2215 1807 0
2212 1809 0
2209 1810 0
2206 1811 0
2203 1811 0
2206 1810 0
2211 1809 0
2216 1807 0
2221 1806 0
2226 1806 0
2231 1806 0
2235 1807 0
2240 1808 0
2244 1809 0
2248 1812 0
2251 1815 0
2254 1818 0
2256 1822 0
2258 1827 0
2259 1832 0
2261 1840 0
2263 1849 0
2264 1858 0
2265 1866 0
2266 1874 0
2266 1880 0
2265 1885 0
2264 1891 0
2261 1897 0
2258 1903 0
2255 1908 0
2252 1912 0
2249 1915 0
2244 1916 0
2238 1917 0
2232 1917 0
2224 1916 0
2214 1914 0
2202 1910 0
2188 1907 0
2175 1902 0
2164 1898 0
2155 1895 0
2149 1892 0
2145 1890 0
2145 1884 0
.PEN_UP
.PEN_DOWN
2249 1808 0
2248 1805 0
2252 1804 0
2256 1804 0
2261 1804 0
2267 1804 0
2274 1805 0
2282 1805 0
2292 1805 0
2302 1806 0
2313 1806 0
2324 1805 0
2335 1804 0
2345 1803 0
2354 1801 0
2362 1800 0
2367 1799 0
2371 1798 0
2374 1797 0
2376 1793 0
2378 1789 0
2379 1786 0
2379 1783 0
2380 1777 0
2379 1772 0
2379 1767 0
2379 1762 0
2378 1757 0
2377 1752 0
2376 1748 0
2375 1745 0
2374 1742 0
2373 1739 0
2372 1736 0
2370 1739 0
2369 1744 0
2369 1751 0
2370 1759 0
2372 1768 0
2373 1779 0
2373 1790 0
2373 1802 0
2374 1814 0
2375 1825 0
2376 1834 0
2377 1842 0
2378 1848 0
2379 1853 0
2380 1857 0
2380 1860 0
2380 1863 0
2380 1863 0
.PEN_UP
.PEN_DOWN
2284 1728 0
2289 1727 0
2295 1727 0
2303 1726 0
2313 1725 0
2327 1724 0
2344 1723 0
2363 1722 0
2381 1720 0
2398 1717 0
2413 1714 0
2426 1711 0
2437 1709 0
2446 1707 0
2453 1706 0
2457 1705 0
2458 1708 0
.PEN_UP
