.VERSION 1.0 
.HIERARCHY CHARACTER
.COORD X Y T
.SEGMENT CHARACTER 0-2 OK "4"
.H_LINE 1374 2249
.V_LINE 6500 7250
.X_DIM 750
.Y_DIM 874
.X_POINTS_PER_INCH 1000
.Y_POINTS_PER_INCH 1000
.POINTS_PER_SECOND 125
.COMMENT CALIB X: 76 Y: -112

.WRITER_INFO
 Name: SAI GIRIDHAR
 WriterId: 42
 Hand: right
 EducationLevel: post graduate
 Gender: male
 Profession: research scholar
 Region: chennai
 Age: 24
 DeviceType: digimemo a402
 SkillDevice: good
 Language: hindi
 Script: indic
 Native: false
 Style: discrete
 UsageFreq: once a week
 Proficiency: good
 Date: 2007-6-19
 WritingInProfession: no

.PEN_DOWN
6809 1745 0
6809 1742 0
6811 1739 0
6811 1746 0
6811 1756 0
6811 1767 0
6810 1778 0
6810 1789 0
6810 1798 0
6810 1805 0
6810 1811 0
6810 1817 0
6811 1821 0
6811 1824 0
6810 1821 0
6807 1818 0
6803 1816 0
6796 1816 0
6787 1816 0
6777 1817 0
6765 1818 0
6751 1820 0
6736 1823 0
6722 1827 0
6708 1833 0
6696 1839 0
6687 1844 0
6681 1850 0
6677 1856 0
6675 1862 0
6675 1867 0
6677 1874 0
6683 1879 0
6692 1885 0
6704 1889 0
6719 1893 0
6736 1897 0
6753 1901 0
6769 1905 0
6783 1909 0
6795 1913 0
6804 1917 0
6811 1922 0
6816 1928 0
6819 1933 0
6821 1940 0
6822 1946 0
6823 1952 0
6822 1960 0
6821 1969 0
6820 1977 0
6818 1985 0
6815 1993 0
6811 2000 0
6807 2006 0
6800 2012 0
6791 2017 0
6780 2020 0
6769 2022 0
6758 2022 0
6747 2021 0
6734 2019 0
6719 2015 0
6706 2011 0
6695 2006 0
6686 2001 0
6680 1997 0
6676 1994 0
6678 1991 0
6684 1989 0
6692 1988 0
6703 1988 0
6717 1989 0
6734 1992 0
6749 1997 0
6762 2003 0
6773 2010 0
6782 2018 0
6790 2027 0
6796 2035 0
6801 2043 0
6805 2049 0
6808 2046 0
6810 2051 0
.PEN_UP
.PEN_DOWN
6819 1730 0
6818 1727 0
6817 1724 0
6814 1719 0
6811 1714 0
6806 1707 0
6799 1698 0
6789 1687 0
6779 1676 0
6769 1665 0
6760 1655 0
6751 1647 0
6745 1640 0
6741 1634 0
6740 1628 0
6741 1622 0
6746 1617 0
6755 1612 0
6766 1608 0
6780 1605 0
6797 1602 0
6813 1601 0
6826 1600 0
6838 1601 0
6849 1602 0
6860 1603 0
6869 1606 0
6876 1609 0
.PEN_UP
.PEN_DOWN
6627 1747 0
6630 1747 0
6638 1746 0
6652 1746 0
6675 1745 0
6705 1744 0
6740 1743 0
6774 1742 0
6802 1741 0
6825 1738 0
6848 1734 0
6871 1730 0
6892 1727 0
6905 1725 0
6909 1726 0
.PEN_UP
