.VERSION 1.0 
.HIERARCHY CHARACTER
.COORD X Y T
.SEGMENT CHARACTER 0-2 OK "6"
.H_LINE 2999 3874
.V_LINE 1999 2749
.X_DIM 749
.Y_DIM 874
.X_POINTS_PER_INCH 1000
.Y_POINTS_PER_INCH 1000
.POINTS_PER_SECOND 125
.COMMENT CALIB X: 8 Y: -116

.WRITER_INFO
 Name: SAI GIRIDHAR
 WriterId: 42
 Hand: right
 EducationLevel: post graduate
 Gender: male
 Profession: research scholar
 Region: chennai
 Age: 24
 DeviceType: digimemo a402
 SkillDevice: good
 Language: hindi
 Script: indic
 Native: false
 Style: discrete
 UsageFreq: once a week
 Proficiency: good
 Date: 2007-6-19
 WritingInProfession: no

.PEN_DOWN
2236 3486 0
2233 3484 0
2231 3480 0
2230 3477 0
2230 3473 0
2231 3469 0
2233 3465 0
2236 3460 0
2241 3455 0
2247 3452 0
2254 3448 0
2262 3446 0
2271 3445 0
2279 3446 0
2287 3448 0
2295 3452 0
2300 3458 0
2302 3466 0
2302 3476 0
2297 3487 0
2291 3498 0
2284 3508 0
2276 3518 0
2269 3524 0
2265 3529 0
2262 3532 0
2261 3535 0
2263 3539 0
2266 3542 0
2271 3545 0
2277 3549 0
2283 3552 0
2290 3556 0
2298 3560 0
2305 3564 0
2311 3569 0
2318 3575 0
2323 3581 0
2327 3587 0
2329 3592 0
2328 3597 0
2324 3603 0
2317 3609 0
2306 3614 0
2295 3619 0
2280 3624 0
2266 3627 0
2251 3629 0
2234 3630 0
2216 3631 0
2200 3631 0
2188 3631 0
2180 3631 0
2180 3631 0
.PEN_UP
.PEN_DOWN
2298 3542 0
2298 3537 0
2300 3532 0
2303 3528 0
2308 3524 0
2316 3519 0
2327 3515 0
2342 3512 0
2360 3509 0
2382 3508 0
2402 3508 0
2419 3510 0
2433 3513 0
2442 3517 0
2448 3523 0
2452 3530 0
2455 3539 0
2456 3549 0
2455 3557 0
2454 3565 0
2453 3572 0
2452 3578 0
2451 3583 0
2449 3586 0
2447 3589 0
.PEN_UP
.PEN_DOWN
2191 3408 0
2200 3406 0
2214 3405 0
2233 3404 0
2254 3404 0
2280 3404 0
2312 3404 0
2347 3403 0
2383 3402 0
2414 3402 0
2439 3401 0
2459 3400 0
2475 3400 0
.PEN_UP
