.VERSION 1.0 
.HIERARCHY CHARACTER
.COORD X Y T
.SEGMENT CHARACTER 0-1 OK "12"
.H_LINE 4624 5499
.V_LINE 3500 4250
.X_DIM 750
.Y_DIM 874
.X_POINTS_PER_INCH 1000
.Y_POINTS_PER_INCH 1000
.POINTS_PER_SECOND 125
.COMMENT CALIB X: -31 Y: -61

.WRITER_INFO
 Name: SAI GIRIDHAR
 WriterId: 42
 Hand: right
 EducationLevel: post graduate
 Gender: male
 Profession: research scholar
 Region: chennai
 Age: 24
 DeviceType: digimemo a402
 SkillDevice: good
 Language: hindi
 Script: indic
 Native: false
 Style: discrete
 UsageFreq: once a week
 Proficiency: good
 Date: 2007-6-19
 WritingInProfession: no

.PEN_DOWN
3751 5031 0
3750 5035 0
3749 5040 0
3748 5048 0
3746 5059 0
3745 5074 0
3744 5090 0
3743 5107 0
3743 5126 0
3744 5146 0
3744 5166 0
3745 5183 0
3746 5198 0
3746 5209 0
3746 5215 0
3746 5218 0
3745 5213 0
3743 5206 0
3740 5198 0
3738 5188 0
3734 5174 0
3730 5162 0
3725 5151 0
3719 5142 0
3711 5136 0
3701 5132 0
3688 5130 0
3673 5130 0
3656 5132 0
3638 5136 0
3620 5140 0
3607 5143 0
3598 5147 0
3594 5150 0
3592 5153 0
3595 5155 0
3602 5155 0
3613 5154 0
3627 5151 0
3642 5148 0
3659 5144 0
3676 5139 0
3694 5133 0
3711 5128 0
3727 5124 0
3742 5120 0
3757 5117 0
3772 5115 0
3787 5114 0
3801 5114 0
3816 5114 0
3829 5115 0
3839 5117 0
3846 5119 0
3851 5123 0
3855 5127 0
3857 5132 0
3856 5137 0
3853 5142 0
3848 5147 0
3840 5151 0
3828 5154 0
3814 5157 0
3798 5159 0
3783 5161 0
3771 5162 0
.PEN_UP
.PEN_DOWN
3610 5048 0
3616 5045 0
3625 5043 0
3641 5040 0
3665 5035 0
3693 5031 0
3721 5028 0
3750 5025 0
3780 5023 0
3809 5020 0
3836 5016 0
3863 5014 0
.PEN_UP
