.VERSION 1.0 
.HIERARCHY CHARACTER
.COORD X Y T
.SEGMENT CHARACTER 0-1 OK "17"
.H_LINE 6249 7124
.V_LINE 3500 4250
.X_DIM 750
.Y_DIM 875
.X_POINTS_PER_INCH 1000
.Y_POINTS_PER_INCH 1000
.POINTS_PER_SECOND 125
.COMMENT CALIB X: 28 Y: -130

.WRITER_INFO
 Name: SAI GIRIDHAR
 WriterId: 42
 Hand: right
 EducationLevel: post graduate
 Gender: male
 Profession: research scholar
 Region: chennai
 Age: 24
 DeviceType: digimemo a402
 SkillDevice: good
 Language: hindi
 Script: indic
 Native: false
 Style: discrete
 UsageFreq: once a week
 Proficiency: good
 Date: 2007-6-19
 WritingInProfession: no

.PEN_DOWN
3681 6717 0
3678 6716 0
3677 6713 0
3682 6710 0
3690 6708 0
3700 6707 0
3711 6707 0
3725 6708 0
3739 6709 0
3752 6710 0
3762 6711 0
3770 6712 0
3776 6714 0
3780 6716 0
3782 6719 0
3782 6723 0
3780 6728 0
3776 6733 0
3771 6738 0
3766 6744 0
3762 6748 0
3759 6753 0
3757 6757 0
3755 6762 0
3754 6767 0
3755 6771 0
3757 6775 0
3760 6778 0
3765 6780 0
3772 6781 0
3780 6782 0
3789 6781 0
3799 6779 0
3812 6776 0
3828 6770 0
3845 6763 0
3862 6754 0
3880 6742 0
3897 6728 0
3912 6711 0
3924 6693 0
3931 6674 0
3934 6658 0
3934 6645 0
3931 6634 0
3928 6628 0
3924 6624 0
3920 6623 0
3917 6624 0
3912 6629 0
3907 6637 0
3904 6647 0
3901 6660 0
3898 6677 0
3895 6698 0
3892 6719 0
3890 6739 0
3889 6756 0
3889 6769 0
3890 6779 0
3893 6787 0
3897 6792 0
3900 6795 0
3900 6795 0
.PEN_UP
.PEN_DOWN
3738 6630 0
3739 6627 0
3743 6625 0
3749 6622 0
3759 6619 0
3773 6616 0
3792 6612 0
3821 6607 0
3860 6603 0
3903 6600 0
3943 6597 0
3976 6593 0
4001 6590 0
4019 6588 0
4030 6587 0
4036 6585 0
.PEN_UP
