.VERSION 1.0 
.HIERARCHY CHARACTER
.COORD X Y T
.SEGMENT CHARACTER 0-1 OK "24"
.H_LINE 7874 8750
.V_LINE 6500 7250
.X_DIM 750
.Y_DIM 875
.X_POINTS_PER_INCH 1000
.Y_POINTS_PER_INCH 1000
.POINTS_PER_SECOND 125
.COMMENT CALIB X: -16 Y: -67

.WRITER_INFO
 Name: SAI GIRIDHAR
 WriterId: 42
 Hand: right
 EducationLevel: post graduate
 Gender: male
 Profession: research scholar
 Region: chennai
 Age: 24
 DeviceType: digimemo a402
 SkillDevice: good
 Language: hindi
 Script: indic
 Native: false
 Style: discrete
 UsageFreq: once a week
 Proficiency: good
 Date: 2007-6-19
 WritingInProfession: no

.PEN_DOWN
6769 8285 0
6769 8290 0
6770 8295 0
6771 8301 0
6772 8309 0
6773 8317 0
6774 8326 0
6776 8334 0
6778 8340 0
6780 8345 0
6782 8348 0
6779 8347 0
6775 8347 0
6771 8348 0
6766 8349 0
6760 8350 0
6750 8354 0
6739 8357 0
6729 8359 0
6721 8362 0
6714 8365 0
6708 8368 0
6703 8371 0
6699 8374 0
6696 8378 0
6694 8382 0
6692 8386 0
6689 8390 0
6687 8393 0
6686 8396 0
6685 8399 0
6687 8403 0
6691 8406 0
6695 8408 0
6701 8410 0
6709 8413 0
6716 8415 0
6724 8418 0
6732 8420 0
6739 8422 0
6746 8424 0
6753 8426 0
6759 8426 0
6764 8426 0
6768 8427 0
6771 8427 0
6774 8428 0
6777 8429 0
6780 8431 0
6783 8433 0
6786 8435 0
6789 8437 0
6793 8441 0
6796 8444 0
6798 8447 0
6800 8450 0
6801 8453 0
6801 8457 0
6801 8462 0
6800 8467 0
6799 8474 0
6798 8481 0
6796 8488 0
6794 8493 0
6791 8498 0
6788 8503 0
6784 8507 0
6779 8511 0
6772 8514 0
6766 8516 0
6760 8517 0
6755 8517 0
6747 8517 0
6739 8516 0
6730 8514 0
6721 8512 0
6712 8510 0
6704 8507 0
6696 8504 0
6690 8501 0
6688 8498 0
.PEN_UP
.PEN_DOWN
6668 8313 0
6672 8310 0
6677 8307 0
6685 8304 0
6697 8299 0
6714 8294 0
6733 8290 0
6755 8286 0
6781 8283 0
6810 8280 0
6839 8277 0
6865 8274 0
6884 8271 0
6896 8269 0
6902 8269 0
.PEN_UP
