.VERSION 1.0 
.HIERARCHY CHARACTER
.COORD X Y T
.SEGMENT CHARACTER 0-1 OK "30"
.H_LINE 1374 2249
.V_LINE 499 1250
.X_DIM 750
.Y_DIM 874
.X_POINTS_PER_INCH 1000
.Y_POINTS_PER_INCH 1000
.POINTS_PER_SECOND 125
.COMMENT CALIB X: 8 Y: -109

.WRITER_INFO
 Name: SAI GIRIDHAR
 WriterId: 42
 Hand: right
 EducationLevel: post graduate
 Gender: male
 Profession: research scholar
 Region: chennai
 Age: 24
 DeviceType: digimemo a402
 SkillDevice: good
 Language: hindi
 Script: indic
 Native: false
 Style: discrete
 UsageFreq: once a week
 Proficiency: good
 Date: 2007-6-19
 WritingInProfession: no

.PEN_DOWN
717 1733 0
719 1736 0
722 1739 0
725 1740 0
728 1740 0
731 1739 0
734 1737 0
737 1735 0
740 1733 0
742 1730 0
745 1729 0
749 1726 0
752 1723 0
755 1719 0
757 1714 0
759 1709 0
760 1704 0
761 1697 0
761 1690 0
761 1684 0
760 1679 0
759 1676 0
756 1674 0
753 1673 0
750 1673 0
745 1673 0
741 1673 0
737 1674 0
733 1676 0
728 1681 0
724 1686 0
719 1692 0
715 1699 0
710 1707 0
705 1715 0
701 1723 0
697 1731 0
694 1738 0
692 1744 0
691 1749 0
691 1754 0
692 1758 0
694 1762 0
697 1767 0
699 1771 0
702 1776 0
705 1780 0
707 1785 0
709 1790 0
711 1794 0
712 1797 0
714 1800 0
717 1802 0
720 1803 0
723 1804 0
728 1805 0
732 1806 0
736 1806 0
741 1806 0
746 1805 0
751 1804 0
756 1803 0
760 1801 0
764 1799 0
767 1796 0
771 1793 0
774 1790 0
777 1786 0
780 1783 0
782 1780 0
785 1777 0
786 1774 0
785 1777 0
784 1780 0
783 1784 0
782 1787 0
781 1791 0
780 1796 0
779 1801 0
778 1805 0
777 1808 0
777 1812 0
778 1815 0
781 1818 0
784 1820 0
789 1821 0
796 1820 0
803 1820 0
811 1818 0
820 1814 0
832 1810 0
843 1805 0
855 1798 0
867 1790 0
878 1779 0
890 1766 0
901 1752 0
909 1739 0
914 1727 0
916 1718 0
915 1711 0
913 1705 0
911 1701 0
909 1698 0
906 1702 0
903 1709 0
900 1719 0
896 1731 0
892 1745 0
889 1760 0
886 1775 0
884 1788 0
883 1798 0
883 1808 0
883 1816 0
884 1823 0
885 1829 0
886 1834 0
888 1838 0
888 1838 0
.PEN_UP
.PEN_DOWN
807 1693 0
813 1693 0
826 1691 0
846 1688 0
874 1684 0
904 1679 0
934 1675 0
960 1672 0
980 1668 0
995 1664 0
1006 1661 0
.PEN_UP
