.VERSION 1.0 
.HIERARCHY CHARACTER
.COORD X Y T
.SEGMENT CHARACTER 0-2 OK "71"
.H_LINE 4624 5499
.V_LINE 1999 2749
.X_DIM 749
.Y_DIM 874
.X_POINTS_PER_INCH 1000
.Y_POINTS_PER_INCH 1000
.POINTS_PER_SECOND 125
.COMMENT CALIB X: 3 Y: -107

.WRITER_INFO
 Name: SAI GIRIDHAR
 WriterId: 42
 Hand: right
 EducationLevel: post graduate
 Gender: male
 Profession: research scholar
 Region: chennai
 Age: 24
 DeviceType: digimemo a402
 SkillDevice: good
 Language: hindi
 Script: indic
 Native: false
 Style: discrete
 UsageFreq: once a week
 Proficiency: good
 Date: 2007-6-19
 WritingInProfession: no

.PEN_DOWN
2280 5018 0
2280 5015 0
2280 5012 0
2280 5009 0
2280 5012 0
2280 5018 0
2281 5025 0
2281 5033 0
2282 5042 0
2282 5050 0
2283 5057 0
2284 5063 0
2285 5068 0
2287 5071 0
2289 5074 0
2286 5072 0
2282 5071 0
2278 5070 0
2273 5070 0
2267 5071 0
2260 5073 0
2251 5075 0
2244 5078 0
2238 5081 0
2234 5084 0
2231 5086 0
2230 5089 0
2229 5092 0
2230 5095 0
2231 5098 0
2233 5102 0
2237 5105 0
2243 5109 0
2250 5113 0
2257 5117 0
2264 5122 0
2272 5128 0
2279 5135 0
2285 5142 0
2289 5150 0
2292 5159 0
2294 5168 0
2295 5177 0
2295 5186 0
2293 5194 0
2290 5201 0
2285 5207 0
2280 5212 0
2272 5216 0
2263 5219 0
2253 5221 0
2242 5222 0
2230 5221 0
2219 5219 0
2210 5217 0
2203 5215 0
2199 5213 0
2197 5210 0
2198 5207 0
2202 5204 0
2208 5201 0
2216 5198 0
2226 5196 0
2237 5195 0
2247 5196 0
2254 5199 0
2259 5203 0
2264 5208 0
2268 5213 0
2271 5219 0
2273 5225 0
2276 5231 0
2278 5237 0
2281 5242 0
2284 5246 0
2287 5252 0
.PEN_UP
.PEN_DOWN
2310 5158 0
2313 5156 0
2318 5154 0
2324 5152 0
2333 5150 0
2345 5148 0
2360 5146 0
2377 5144 0
2392 5143 0
2404 5144 0
2410 5144 0
.PEN_UP
.PEN_DOWN
2224 4998 0
2232 4995 0
2242 4991 0
2256 4987 0
2272 4983 0
2292 4980 0
2315 4978 0
2337 4977 0
2358 4977 0
2376 4978 0
.PEN_UP
