.VERSION 1.0 
.HIERARCHY CHARACTER
.COORD X Y T
.SEGMENT CHARACTER 0-1 OK "88"
.H_LINE 9500 10374
.V_LINE 5000 5750
.X_DIM 750
.Y_DIM 874
.X_POINTS_PER_INCH 1000
.Y_POINTS_PER_INCH 1000
.POINTS_PER_SECOND 125
.COMMENT CALIB X: -41 Y: -88

.WRITER_INFO
 Name: SAI GIRIDHAR
 WriterId: 42
 Hand: right
 EducationLevel: post graduate
 Gender: male
 Profession: research scholar
 Region: chennai
 Age: 24
 DeviceType: digimemo a402
 SkillDevice: good
 Language: hindi
 Script: indic
 Native: false
 Style: discrete
 UsageFreq: once a week
 Proficiency: good
 Date: 2007-6-19
 WritingInProfession: no

.PEN_DOWN
5199 9866 0
5193 9866 0
5188 9866 0
5184 9866 0
5181 9866 0
5178 9866 0
5175 9866 0
5180 9864 0
5187 9862 0
5198 9859 0
5213 9856 0
5231 9853 0
5254 9851 0
5278 9849 0
5302 9847 0
5321 9846 0
5334 9846 0
5341 9846 0
5344 9846 0
5341 9848 0
5338 9851 0
5336 9855 0
.PEN_UP
.PEN_DOWN
5201 10090 0
5198 10088 0
5196 10085 0
5193 10081 0
5190 10077 0
5188 10071 0
5185 10065 0
5183 10060 0
5181 10056 0
5179 10053 0
5178 10050 0
5178 10047 0
5178 10044 0
5179 10039 0
5180 10035 0
5181 10031 0
5182 10027 0
5184 10022 0
5187 10016 0
5191 10010 0
5195 10005 0
5199 10000 0
5202 9996 0
5205 9993 0
5208 9990 0
5211 9988 0
5214 9987 0
5217 9987 0
5221 9989 0
5225 9992 0
5228 9995 0
5230 9998 0
5232 10001 0
5236 10005 0
5239 10008 0
5241 10011 0
5243 10014 0
5244 10017 0
5245 10020 0
5246 10023 0
5248 10026 0
5249 10029 0
5249 10032 0
5249 10035 0
5249 10039 0
5249 10042 0
5248 10045 0
5248 10048 0
5248 10044 0
5249 10040 0
5250 10036 0
5250 10032 0
5251 10029 0
5250 10026 0
5250 10022 0
5250 10018 0
5250 10014 0
5251 10009 0
5251 10005 0
5251 10002 0
5253 9999 0
5255 9996 0
5257 9992 0
5260 9989 0
5265 9985 0
5271 9982 0
5276 9979 0
5281 9977 0
5286 9975 0
5290 9973 0
5294 9972 0
5298 9971 0
5302 9970 0
5306 9969 0
5311 9968 0
5316 9967 0
5321 9966 0
5326 9965 0
5329 9965 0
5332 9965 0
5332 9968 0
5333 9971 0
5334 9974 0
5334 9974 0
.PEN_UP
