.VERSION 1.0 
.HIERARCHY CHARACTER
.COORD X Y T
.SEGMENT CHARACTER 0-1 OK "97"
.H_LINE 2999 3874
.V_LINE 3500 4250
.X_DIM 750
.Y_DIM 874
.X_POINTS_PER_INCH 1000
.Y_POINTS_PER_INCH 1000
.POINTS_PER_SECOND 125
.COMMENT CALIB X: 23 Y: -119

.WRITER_INFO
 Name: SAI GIRIDHAR
 WriterId: 42
 Hand: right
 EducationLevel: post graduate
 Gender: male
 Profession: research scholar
 Region: chennai
 Age: 24
 DeviceType: digimemo a402
 SkillDevice: good
 Language: hindi
 Script: indic
 Native: false
 Style: discrete
 UsageFreq: once a week
 Proficiency: good
 Date: 2007-6-19
 WritingInProfession: no

.PEN_DOWN
3826 3281 0
3825 3284 0
3825 3288 0
3825 3292 0
3825 3296 0
3826 3302 0
3826 3308 0
3827 3317 0
3828 3327 0
3829 3338 0
3830 3349 0
3831 3358 0
3832 3365 0
3833 3370 0
3831 3367 0
3826 3365 0
3819 3365 0
3811 3367 0
3804 3370 0
3798 3373 0
3791 3379 0
3784 3386 0
3778 3393 0
3773 3400 0
3770 3407 0
3769 3414 0
3768 3422 0
3767 3431 0
3768 3439 0
3770 3447 0
3773 3455 0
3776 3462 0
3780 3467 0
3786 3472 0
3793 3475 0
3803 3476 0
3813 3477 0
3822 3477 0
3830 3477 0
3836 3477 0
3840 3477 0
3840 3480 0
3840 3483 0
3840 3489 0
3840 3497 0
3839 3505 0
3838 3513 0
3837 3522 0
3836 3529 0
3836 3535 0
3837 3539 0
3837 3543 0
3837 3546 0
3834 3545 0
3831 3545 0
3828 3545 0
3823 3546 0
3816 3548 0
3807 3551 0
3798 3555 0
3789 3560 0
3783 3565 0
3779 3571 0
3777 3578 0
3776 3584 0
3777 3591 0
3781 3598 0
3789 3604 0
3802 3608 0
3819 3609 0
3838 3608 0
3856 3607 0
3873 3604 0
3886 3598 0
.PEN_UP
.PEN_DOWN
3704 3275 0
3709 3274 0
3718 3273 0
3732 3272 0
3750 3271 0
3768 3270 0
3788 3269 0
3810 3268 0
3835 3267 0
3858 3266 0
.PEN_UP
