.VERSION 1.0 
.HIERARCHY CHARACTER
.COORD X Y T
.SEGMENT CHARACTER 0-2 OK "100"
.H_LINE 4624 5499
.V_LINE 499 1250
.X_DIM 750
.Y_DIM 874
.X_POINTS_PER_INCH 1000
.Y_POINTS_PER_INCH 1000
.POINTS_PER_SECOND 125
.COMMENT CALIB X: -35 Y: -122

.WRITER_INFO
 Name: SAI GIRIDHAR
 WriterId: 42
 Hand: right
 EducationLevel: post graduate
 Gender: male
 Profession: research scholar
 Region: chennai
 Age: 24
 DeviceType: digimemo a402
 SkillDevice: good
 Language: hindi
 Script: indic
 Native: false
 Style: discrete
 UsageFreq: once a week
 Proficiency: good
 Date: 2007-6-19
 WritingInProfession: no

.PEN_DOWN
706 4922 0
703 4924 0
710 4920 0
718 4916 0
730 4913 0
746 4911 0
764 4910 0
788 4909 0
815 4908 0
845 4906 0
875 4902 0
903 4899 0
924 4896 0
939 4895 0
948 4895 0
952 4897 0
953 4902 0
951 4910 0
946 4920 0
940 4930 0
935 4936 0
.PEN_UP
.PEN_DOWN
838 4912 0
837 4917 0
837 4924 0
837 4932 0
838 4943 0
840 4956 0
842 4967 0
845 4978 0
847 4990 0
850 5002 0
852 5014 0
854 5023 0
854 5030 0
855 5035 0
855 5039 0
852 5037 0
849 5036 0
846 5033 0
843 5031 0
840 5030 0
837 5028 0
833 5027 0
830 5026 0
827 5025 0
824 5024 0
820 5024 0
816 5024 0
813 5024 0
810 5024 0
807 5025 0
803 5027 0
798 5029 0
793 5032 0
787 5034 0
783 5036 0
779 5038 0
775 5040 0
771 5042 0
767 5044 0
764 5046 0
761 5048 0
759 5051 0
758 5054 0
756 5058 0
754 5062 0
752 5066 0
750 5070 0
749 5074 0
748 5078 0
747 5083 0
746 5088 0
746 5092 0
745 5097 0
745 5101 0
746 5106 0
747 5112 0
748 5117 0
750 5123 0
752 5128 0
754 5132 0
756 5135 0
758 5138 0
761 5141 0
764 5144 0
768 5147 0
774 5149 0
779 5150 0
784 5151 0
788 5152 0
792 5151 0
797 5150 0
802 5148 0
807 5144 0
816 5139 0
825 5135 0
832 5131 0
836 5128 0
839 5126 0
842 5123 0
844 5120 0
845 5117 0
845 5114 0
845 5111 0
844 5108 0
843 5105 0
841 5102 0
838 5100 0
837 5103 0
836 5106 0
837 5110 0
838 5114 0
839 5119 0
840 5123 0
841 5128 0
842 5133 0
845 5139 0
848 5145 0
852 5152 0
857 5160 0
864 5171 0
871 5181 0
878 5189 0
885 5195 0
891 5202 0
897 5208 0
903 5213 0
907 5217 0
911 5219 0
910 5227 0
909 5218 0
.PEN_UP
.PEN_DOWN
789 5169 0
783 5167 0
780 5165 0
777 5164 0
774 5166 0
771 5171 0
767 5179 0
762 5186 0
758 5194 0
755 5202 0
753 5209 0
752 5216 0
752 5223 0
753 5230 0
756 5238 0
761 5243 0
767 5248 0
775 5252 0
784 5254 0
793 5256 0
801 5256 0
809 5255 0
818 5252 0
830 5247 0
846 5240 0
862 5233 0
876 5228 0
.PEN_UP
