295.0,115.0
295.0,117.0
296.0,126.0
297.0,130.0
297.0,133.0
297.0,136.0
297.0,140.0
297.0,142.0
297.0,144.0
297.0,147.0
298.0,149.0
296.0,151.0
295.0,148.0
292.0,145.0
290.0,144.0
288.0,143.0
284.0,142.0
280.0,143.0
277.0,143.0
274.0,143.0
271.0,144.0
269.0,145.0
267.0,147.0
267.0,150.0
267.0,154.0
268.0,158.0
271.0,162.0
273.0,164.0
277.0,165.0
281.0,167.0
283.0,167.0
286.0,167.0
290.0,168.0
292.0,169.0
296.0,170.0
299.0,173.0
300.0,177.0
301.0,181.0
301.0,183.0
301.0,187.0
298.0,185.0
297.0,183.0
296.0,180.0
294.0,178.0
293.0,175.0
293.0,173.0
291.0,171.0
289.0,168.0
286.0,167.0
284.0,167.0
282.0,167.0
278.0,169.0
276.0,172.0
274.0,176.0
272.0,180.0
271.0,182.0
271.0,186.0
272.0,188.0
272.0,191.0
274.0,195.0
278.0,197.0
279.0,200.0
282.0,201.0
284.0,202.0
288.0,204.0
291.0,205.0
293.0,206.0
297.0,209.0
300.0,210.0
302.0,211.0
302.0,208.0
-1.0,-1.0
261.0,115.0
265.0,115.0
269.0,115.0
271.0,116.0
277.0,116.0
282.0,117.0
286.0,117.0
289.0,118.0
292.0,118.0
296.0,118.0
300.0,119.0
306.0,119.0
308.0,117.0
312.0,118.0
314.0,118.0
317.0,118.0
319.0,118.0
321.0,118.0
322.0,116.0
-1.0,-1.0
 
