392.0,104.0
396.0,105.0
398.0,106.0
401.0,107.0
405.0,110.0
407.0,111.0
410.0,114.0
412.0,116.0
412.0,119.0
413.0,121.0
411.0,124.0
410.0,126.0
408.0,127.0
404.0,129.0
400.0,130.0
397.0,131.0
395.0,131.0
392.0,132.0
390.0,133.0
388.0,134.0
385.0,137.0
384.0,139.0
384.0,142.0
382.0,144.0
382.0,146.0
382.0,149.0
383.0,151.0
385.0,154.0
388.0,155.0
390.0,156.0
393.0,156.0
395.0,156.0
397.0,156.0
399.0,156.0
405.0,156.0
407.0,156.0
409.0,156.0
413.0,157.0
416.0,158.0
418.0,161.0
421.0,163.0
425.0,166.0
425.0,168.0
426.0,172.0
426.0,176.0
427.0,178.0
424.0,176.0
424.0,174.0
421.0,173.0
418.0,170.0
416.0,169.0
414.0,168.0
412.0,165.0
410.0,164.0
407.0,161.0
405.0,161.0
403.0,162.0
400.0,162.0
398.0,163.0
394.0,164.0
392.0,164.0
389.0,165.0
387.0,166.0
384.0,167.0
381.0,171.0
379.0,174.0
378.0,176.0
375.0,179.0
375.0,181.0
375.0,183.0
375.0,186.0
376.0,190.0
377.0,192.0
377.0,194.0
379.0,197.0
382.0,200.0
384.0,200.0
386.0,201.0
389.0,202.0
391.0,203.0
395.0,203.0
399.0,204.0
401.0,204.0
407.0,205.0
409.0,205.0
412.0,205.0
414.0,205.0
416.0,205.0
420.0,205.0
422.0,205.0
426.0,206.0
429.0,206.0
431.0,206.0
431.0,204.0
-1.0,-1.0
343.0,101.0
345.0,101.0
349.0,101.0
351.0,101.0
353.0,101.0
356.0,102.0
360.0,102.0
365.0,102.0
369.0,102.0
373.0,102.0
377.0,102.0
382.0,102.0
387.0,102.0
395.0,100.0
399.0,100.0
404.0,98.0
408.0,98.0
410.0,98.0
414.0,98.0
417.0,96.0
419.0,96.0
421.0,96.0
424.0,96.0
426.0,96.0
-1.0,-1.0
 
