241.0,95.0
242.0,99.0
243.0,101.0
244.0,105.0
247.0,109.0
247.0,111.0
248.0,114.0
249.0,118.0
250.0,122.0
250.0,126.0
251.0,128.0
251.0,130.0
251.0,133.0
248.0,133.0
246.0,133.0
244.0,133.0
241.0,133.0
239.0,133.0
237.0,133.0
234.0,133.0
230.0,134.0
226.0,135.0
224.0,138.0
221.0,139.0
219.0,140.0
218.0,143.0
218.0,145.0
218.0,149.0
218.0,151.0
219.0,155.0
221.0,158.0
224.0,159.0
226.0,160.0
229.0,161.0
231.0,163.0
234.0,163.0
236.0,163.0
238.0,164.0
242.0,164.0
244.0,164.0
247.0,164.0
251.0,164.0
253.0,165.0
255.0,165.0
258.0,166.0
260.0,167.0
261.0,169.0
264.0,173.0
267.0,177.0
268.0,180.0
268.0,182.0
268.0,185.0
266.0,182.0
265.0,180.0
264.0,177.0
261.0,175.0
259.0,172.0
255.0,169.0
252.0,168.0
250.0,167.0
247.0,166.0
243.0,166.0
241.0,166.0
239.0,166.0
237.0,166.0
234.0,166.0
232.0,167.0
228.0,168.0
225.0,169.0
223.0,172.0
220.0,173.0
218.0,176.0
217.0,178.0
214.0,181.0
213.0,183.0
213.0,185.0
211.0,188.0
210.0,192.0
209.0,194.0
209.0,197.0
210.0,199.0
210.0,201.0
211.0,205.0
212.0,208.0
213.0,210.0
213.0,213.0
214.0,215.0
214.0,219.0
215.0,221.0
216.0,225.0
217.0,228.0
-1.0,-1.0
184.0,98.0
187.0,99.0
189.0,99.0
195.0,99.0
198.0,99.0
206.0,100.0
211.0,100.0
217.0,100.0
222.0,100.0
227.0,100.0
233.0,100.0
238.0,100.0
244.0,100.0
249.0,101.0
254.0,101.0
262.0,101.0
267.0,101.0
272.0,101.0
278.0,101.0
282.0,101.0
285.0,101.0
289.0,101.0
292.0,101.0
294.0,101.0
296.0,101.0
298.0,101.0
298.0,99.0
-1.0,-1.0
 
