336.0,52.0
336.0,54.0
339.0,57.0
340.0,58.0
342.0,62.0
343.0,63.0
345.0,65.0
346.0,68.0
347.0,70.0
349.0,70.0
349.0,72.0
350.0,73.0
350.0,75.0
350.0,76.0
349.0,76.0
346.0,77.0
343.0,77.0
342.0,77.0
339.0,77.0
336.0,78.0
335.0,78.0
333.0,78.0
332.0,79.0
330.0,79.0
329.0,79.0
328.0,81.0
326.0,81.0
325.0,82.0
325.0,83.0
323.0,83.0
323.0,84.0
323.0,85.0
323.0,86.0
323.0,88.0
323.0,89.0
323.0,92.0
326.0,96.0
332.0,99.0
335.0,102.0
340.0,104.0
345.0,105.0
351.0,107.0
354.0,108.0
358.0,109.0
361.0,109.0
362.0,110.0
364.0,111.0
365.0,112.0
366.0,112.0
366.0,114.0
368.0,114.0
368.0,115.0
368.0,116.0
366.0,116.0
364.0,116.0
362.0,116.0
359.0,115.0
357.0,114.0
352.0,111.0
351.0,110.0
347.0,108.0
345.0,107.0
344.0,105.0
343.0,105.0
341.0,104.0
340.0,104.0
338.0,104.0
337.0,104.0
337.0,103.0
335.0,103.0
334.0,103.0
333.0,104.0
331.0,107.0
331.0,110.0
330.0,112.0
330.0,116.0
330.0,117.0
328.0,121.0
328.0,123.0
328.0,125.0
328.0,129.0
328.0,132.0
330.0,136.0
334.0,141.0
337.0,144.0
340.0,147.0
341.0,149.0
346.0,152.0
352.0,156.0
355.0,157.0
359.0,160.0
362.0,160.0
365.0,160.0
367.0,160.0
370.0,160.0
372.0,160.0
373.0,158.0
373.0,157.0
373.0,156.0
-1.0,-1.0
299.0,48.0
303.0,47.0
309.0,46.0
314.0,45.0
319.0,43.0
323.0,43.0
330.0,43.0
357.0,43.0
373.0,43.0
389.0,43.0
397.0,43.0
404.0,43.0
406.0,43.0
408.0,43.0
408.0,45.0
408.0,46.0
407.0,46.0
406.0,46.0
404.0,47.0
403.0,47.0
401.0,48.0
400.0,48.0
398.0,48.0
397.0,48.0
397.0,49.0
396.0,49.0
394.0,49.0
394.0,50.0
393.0,50.0
391.0,50.0
-1.0,-1.0
 
