201.0,95.0
198.0,95.0
194.0,95.0
189.0,94.0
185.0,94.0
181.0,94.0
177.0,94.0
172.0,93.0
168.0,93.0
164.0,93.0
161.0,93.0
158.0,93.0
156.0,93.0
151.0,94.0
149.0,96.0
146.0,99.0
146.0,100.0
144.0,101.0
144.0,102.0
144.0,104.0
144.0,106.0
144.0,107.0
144.0,109.0
144.0,112.0
144.0,114.0
144.0,117.0
144.0,120.0
147.0,123.0
149.0,126.0
150.0,127.0
153.0,128.0
156.0,130.0
161.0,133.0
165.0,135.0
171.0,136.0
174.0,137.0
178.0,138.0
181.0,140.0
185.0,142.0
187.0,143.0
189.0,144.0
191.0,146.0
192.0,147.0
194.0,147.0
195.0,148.0
195.0,149.0
196.0,150.0
196.0,151.0
195.0,151.0
192.0,150.0
188.0,148.0
185.0,146.0
179.0,142.0
177.0,141.0
171.0,138.0
168.0,137.0
164.0,135.0
163.0,134.0
158.0,133.0
157.0,133.0
156.0,131.0
154.0,131.0
153.0,131.0
151.0,131.0
151.0,133.0
151.0,135.0
151.0,136.0
151.0,137.0
151.0,140.0
151.0,143.0
151.0,147.0
151.0,149.0
151.0,151.0
151.0,155.0
151.0,161.0
151.0,163.0
153.0,168.0
153.0,170.0
156.0,174.0
157.0,177.0
158.0,178.0
160.0,181.0
162.0,184.0
165.0,187.0
169.0,189.0
176.0,194.0
196.0,206.0
205.0,211.0
216.0,215.0
220.0,216.0
224.0,216.0
227.0,216.0
231.0,217.0
234.0,217.0
238.0,217.0
241.0,217.0
245.0,217.0
246.0,217.0
250.0,217.0
252.0,217.0
255.0,217.0
256.0,216.0
256.0,215.0
-1.0,-1.0
109.0,82.0
110.0,82.0
114.0,82.0
116.0,82.0
119.0,82.0
121.0,82.0
124.0,82.0
131.0,81.0
136.0,81.0
144.0,80.0
148.0,80.0
154.0,79.0
158.0,79.0
162.0,79.0
166.0,79.0
172.0,79.0
175.0,79.0
181.0,79.0
183.0,79.0
189.0,79.0
192.0,79.0
196.0,79.0
199.0,79.0
203.0,79.0
206.0,79.0
207.0,79.0
209.0,79.0
210.0,79.0
214.0,79.0
217.0,79.0
220.0,79.0
223.0,79.0
224.0,79.0
228.0,79.0
231.0,79.0
235.0,79.0
237.0,79.0
240.0,80.0
241.0,80.0
242.0,80.0
244.0,80.0
244.0,81.0
245.0,81.0
247.0,81.0
-1.0,-1.0
 
