.VERSION 1.0 
.HIERARCHY CHARACTER
.COORD X Y T
.SEGMENT CHARACTER 0-2 OK "1"
.H_LINE 1374 2249
.V_LINE 1999 2749
.X_DIM 749
.Y_DIM 874
.X_POINTS_PER_INCH 1000
.Y_POINTS_PER_INCH 1000
.POINTS_PER_SECOND 125
.COMMENT CALIB X: -18 Y: -26

.WRITER_INFO
 Name: T PRAVEEN
 WriterId: 49
 Hand: right
 EducationLevel: college graduate
 Gender: male
 Profession: student
 Region: hyderabad
 Age: 20
 DeviceType: digimemo a402
 SkillDevice: average
 Language: hindi
 Script: indic
 Native: false
 Style: discrete
 UsageFreq: rarely
 Proficiency: average
 Date: 2007-6-21
 WritingInProfession: no

.PEN_DOWN
2088 1774 0
2087 1771 0
2086 1767 0
2087 1763 0
2090 1759 0
2095 1754 0
2104 1747 0
2118 1739 0
2134 1732 0
2151 1726 0
2168 1723 0
2183 1721 0
2194 1721 0
2202 1723 0
2208 1728 0
2212 1736 0
2213 1745 0
2212 1755 0
2211 1767 0
2207 1779 0
2201 1790 0
2195 1798 0
2188 1805 0
2181 1809 0
2176 1812 0
2173 1813 0
2174 1810 0
2177 1808 0
2182 1805 0
2189 1802 0
2196 1801 0
2203 1801 0
2209 1803 0
2215 1807 0
2222 1813 0
2227 1821 0
2231 1831 0
2233 1842 0
2234 1853 0
2234 1864 0
2232 1873 0
2227 1881 0
2221 1886 0
2213 1889 0
2203 1892 0
2190 1893 0
2175 1892 0
2157 1890 0
2140 1888 0
2126 1885 0
2115 1882 0
2105 1880 0
.PEN_UP
.PEN_DOWN
2204 1809 0
2206 1806 0
2209 1804 0
2214 1803 0
2221 1802 0
2229 1801 0
2238 1800 0
2246 1798 0
2255 1795 0
2265 1792 0
2273 1789 0
2280 1786 0
2287 1782 0
2291 1778 0
2294 1774 0
2296 1768 0
2298 1762 0
2299 1756 0
2299 1749 0
2299 1741 0
2299 1733 0
2299 1726 0
2299 1720 0
2299 1714 0
2299 1709 0
2299 1705 0
2298 1701 0
2297 1698 0
2297 1695 0
2296 1700 0
2296 1706 0
2296 1716 0
2296 1730 0
2296 1747 0
2295 1767 0
2295 1787 0
2294 1809 0
2293 1828 0
2293 1845 0
2292 1859 0
2292 1869 0
2292 1875 0
2292 1879 0
2293 1874 0
.PEN_UP
.PEN_DOWN
2254 1712 0
2251 1711 0
2254 1710 0
2258 1708 0
2264 1707 0
2275 1706 0
2289 1705 0
2303 1704 0
2315 1702 0
2328 1700 0
2339 1698 0
2348 1697 0
2356 1696 0
2363 1696 0
2367 1695 0
2367 1695 0
.PEN_UP
