.VERSION 1.0 
.HIERARCHY CHARACTER
.COORD X Y T
.SEGMENT CHARACTER 0-2 OK "6"
.H_LINE 2999 3874
.V_LINE 1999 2749
.X_DIM 749
.Y_DIM 874
.X_POINTS_PER_INCH 1000
.Y_POINTS_PER_INCH 1000
.POINTS_PER_SECOND 125
.COMMENT CALIB X: -31 Y: -43

.WRITER_INFO
 Name: T PRAVEEN
 WriterId: 49
 Hand: right
 EducationLevel: college graduate
 Gender: male
 Profession: student
 Region: hyderabad
 Age: 20
 DeviceType: digimemo a402
 SkillDevice: average
 Language: hindi
 Script: indic
 Native: false
 Style: discrete
 UsageFreq: rarely
 Proficiency: average
 Date: 2007-6-21
 WritingInProfession: no

.PEN_DOWN
2307 3427 0
2303 3425 0
2299 3423 0
2296 3421 0
2295 3418 0
2296 3415 0
2298 3412 0
2303 3408 0
2312 3403 0
2327 3398 0
2346 3394 0
2365 3391 0
2382 3391 0
2396 3392 0
2406 3394 0
2411 3397 0
2414 3401 0
2414 3407 0
2413 3414 0
2410 3422 0
2405 3430 0
2398 3437 0
2389 3444 0
2380 3448 0
2372 3451 0
2366 3452 0
2363 3453 0
2366 3451 0
2370 3448 0
2376 3446 0
2385 3445 0
2395 3444 0
2405 3445 0
2415 3449 0
2424 3453 0
2431 3460 0
2436 3469 0
2440 3479 0
2441 3490 0
2441 3502 0
2438 3514 0
2433 3524 0
2427 3533 0
2418 3541 0
2406 3547 0
2391 3552 0
2372 3555 0
2355 3555 0
2338 3554 0
2321 3552 0
2305 3549 0
2294 3546 0
2286 3543 0
2286 3543 0
.PEN_UP
.PEN_DOWN
2385 3466 0
2389 3462 0
2394 3458 0
2398 3455 0
2404 3450 0
2411 3447 0
2421 3442 0
2431 3438 0
2441 3434 0
2451 3430 0
2460 3427 0
2467 3426 0
2473 3426 0
2476 3428 0
2479 3432 0
2482 3439 0
2484 3448 0
2485 3460 0
2486 3474 0
2486 3490 0
2485 3506 0
2485 3521 0
2485 3537 0
2485 3548 0
2485 3555 0
2485 3559 0
2485 3559 0
.PEN_UP
.PEN_DOWN
2297 3404 0
2294 3405 0
2291 3405 0
2294 3405 0
2291 3404 0
2294 3404 0
2299 3403 0
2311 3401 0
2329 3399 0
2352 3396 0
2380 3394 0
2404 3391 0
2427 3389 0
2446 3386 0
2461 3384 0
2473 3381 0
2482 3379 0
2489 3378 0
2493 3377 0
2496 3377 0
2496 3377 0
.PEN_UP
