.VERSION 1.0 
.HIERARCHY CHARACTER
.COORD X Y T
.SEGMENT CHARACTER 0-3 OK "9"
.H_LINE 2999 3874
.V_LINE 6500 7250
.X_DIM 750
.Y_DIM 874
.X_POINTS_PER_INCH 1000
.Y_POINTS_PER_INCH 1000
.POINTS_PER_SECOND 125
.COMMENT CALIB X: -2 Y: -22

.WRITER_INFO
 Name: T PRAVEEN
 WriterId: 49
 Hand: right
 EducationLevel: college graduate
 Gender: male
 Profession: student
 Region: hyderabad
 Age: 20
 DeviceType: digimemo a402
 SkillDevice: average
 Language: hindi
 Script: indic
 Native: false
 Style: discrete
 UsageFreq: rarely
 Proficiency: average
 Date: 2007-6-21
 WritingInProfession: no

.PEN_DOWN
6771 3472 0
6770 3469 0
6770 3466 0
6769 3463 0
6767 3469 0
6766 3477 0
6765 3487 0
6763 3500 0
6761 3516 0
6761 3531 0
6761 3545 0
6761 3556 0
6763 3567 0
6765 3574 0
6768 3580 0
6772 3584 0
6779 3587 0
6790 3589 0
6803 3589 0
6815 3589 0
6830 3589 0
6847 3589 0
6865 3590 0
6881 3592 0
6892 3595 0
6901 3598 0
6909 3602 0
6916 3607 0
6924 3612 0
6931 3615 0
6937 3619 0
6943 3623 0
6947 3626 0
6950 3628 0
6951 3631 0
6951 3631 0
.PEN_UP
.PEN_DOWN
6873 3445 0
6872 3441 0
6871 3438 0
6869 3442 0
6868 3451 0
6867 3462 0
6867 3475 0
6867 3491 0
6867 3509 0
6867 3526 0
6868 3542 0
6869 3557 0
6871 3570 0
6872 3579 0
6873 3585 0
6873 3588 0
6873 3584 0
6872 3578 0
6873 3568 0
.PEN_UP
.PEN_DOWN
6724 3458 0
6721 3457 0
6717 3456 0
6714 3455 0
6720 3453 0
6729 3451 0
6740 3449 0
6753 3448 0
6769 3446 0
6789 3442 0
6810 3438 0
6828 3436 0
6848 3434 0
6862 3432 0
6873 3430 0
6879 3429 0
6883 3428 0
6883 3428 0
.PEN_UP
.PEN_DOWN
6795 3355 0
6795 3352 0
6796 3349 0
6800 3354 0
6804 3360 0
6810 3368 0
6818 3378 0
6828 3387 0
6837 3395 0
6847 3403 0
6857 3413 0
6866 3423 0
6872 3430 0
6875 3435 0
6876 3438 0
6879 3440 0
.PEN_UP
