.VERSION 1.0 
.HIERARCHY CHARACTER
.COORD X Y T
.SEGMENT CHARACTER 0-2 OK "16"
.H_LINE 6249 7124
.V_LINE 1999 2749
.X_DIM 749
.Y_DIM 875
.X_POINTS_PER_INCH 1000
.Y_POINTS_PER_INCH 1000
.POINTS_PER_SECOND 125
.COMMENT CALIB X: -15 Y: -84

.WRITER_INFO
 Name: T PRAVEEN
 WriterId: 49
 Hand: right
 EducationLevel: college graduate
 Gender: male
 Profession: student
 Region: hyderabad
 Age: 20
 DeviceType: digimemo a402
 SkillDevice: average
 Language: hindi
 Script: indic
 Native: false
 Style: discrete
 UsageFreq: rarely
 Proficiency: average
 Date: 2007-6-21
 WritingInProfession: no

.PEN_DOWN
2246 6615 0
2248 6612 0
2251 6609 0
2252 6612 0
2253 6618 0
2254 6627 0
2254 6640 0
2254 6654 0
2254 6667 0
2255 6679 0
2256 6688 0
2257 6695 0
2258 6698 0
2258 6694 0
2257 6688 0
2255 6680 0
2253 6673 0
2249 6667 0
2244 6664 0
2236 6666 0
2228 6672 0
2219 6681 0
2209 6692 0
2200 6705 0
2193 6719 0
2190 6730 0
2190 6739 0
2193 6746 0
2199 6752 0
2208 6756 0
2219 6758 0
2230 6759 0
2242 6760 0
2253 6762 0
2264 6766 0
2274 6772 0
2281 6779 0
2285 6788 0
2287 6798 0
2285 6809 0
2281 6818 0
2274 6826 0
2266 6832 0
2252 6837 0
2236 6840 0
2220 6841 0
2203 6841 0
2188 6838 0
2174 6832 0
2167 6827 0
.PEN_UP
.PEN_DOWN
2323 6720 0
2320 6721 0
2317 6723 0
2314 6725 0
2313 6728 0
2312 6731 0
2313 6736 0
2315 6740 0
2318 6743 0
2322 6745 0
2329 6746 0
2335 6745 0
2340 6743 0
2344 6740 0
2345 6735 0
.PEN_UP
.PEN_DOWN
2198 6638 0
2203 6638 0
2210 6638 0
2219 6638 0
2233 6637 0
2250 6636 0
2271 6635 0
2295 6633 0
2321 6631 0
2348 6629 0
2372 6628 0
2392 6626 0
2405 6625 0
2412 6625 0
2415 6626 0
2415 6626 0
.PEN_UP
