.VERSION 1.0 
.HIERARCHY CHARACTER
.COORD X Y T
.SEGMENT CHARACTER 0-2 OK "33"
.H_LINE 1374 2249
.V_LINE 5000 5750
.X_DIM 750
.Y_DIM 874
.X_POINTS_PER_INCH 1000
.Y_POINTS_PER_INCH 1000
.POINTS_PER_SECOND 125
.COMMENT CALIB X: 1 Y: -27

.WRITER_INFO
 Name: T PRAVEEN
 WriterId: 49
 Hand: right
 EducationLevel: college graduate
 Gender: male
 Profession: student
 Region: hyderabad
 Age: 20
 DeviceType: digimemo a402
 SkillDevice: average
 Language: hindi
 Script: indic
 Native: false
 Style: discrete
 UsageFreq: rarely
 Proficiency: average
 Date: 2007-6-21
 WritingInProfession: no

.PEN_DOWN
5357 1640 0
5357 1637 0
5354 1638 0
5352 1641 0
5350 1648 0
5349 1657 0
5348 1669 0
5346 1685 0
5345 1703 0
5343 1724 0
5341 1747 0
5340 1769 0
5339 1791 0
5339 1810 0
5338 1827 0
5337 1841 0
5336 1850 0
5336 1855 0
5339 1856 0
.PEN_UP
.PEN_DOWN
5265 1655 0
5261 1656 0
5258 1658 0
5255 1664 0
5250 1672 0
5246 1681 0
5242 1690 0
5239 1701 0
5237 1711 0
5237 1719 0
5238 1727 0
5240 1734 0
5244 1740 0
5249 1743 0
5256 1744 0
5267 1743 0
5281 1739 0
5296 1733 0
5313 1726 0
5330 1717 0
5343 1709 0
5354 1701 0
5364 1693 0
5374 1687 0
5386 1682 0
5397 1678 0
5410 1676 0
5421 1675 0
5431 1676 0
5439 1680 0
5446 1685 0
5452 1693 0
5457 1705 0
5460 1718 0
5462 1733 0
5463 1746 0
5464 1759 0
5463 1773 0
5462 1783 0
5461 1791 0
5459 1797 0
5456 1802 0
5452 1805 0
5447 1805 0
.PEN_UP
.PEN_DOWN
5246 1653 0
5242 1653 0
5237 1653 0
5233 1653 0
5230 1653 0
5233 1652 0
5238 1651 0
5249 1650 0
5262 1647 0
5284 1644 0
5310 1641 0
5340 1637 0
5369 1633 0
5393 1630 0
5412 1628 0
5423 1627 0
5429 1626 0
5432 1626 0
5433 1629 0
5434 1633 0
.PEN_UP
