.VERSION 1.0 
.HIERARCHY CHARACTER
.COORD X Y T
.SEGMENT CHARACTER 0-1 OK "30"
.H_LINE 1374 2249
.V_LINE 499 1250
.X_DIM 750
.Y_DIM 874
.X_POINTS_PER_INCH 1000
.Y_POINTS_PER_INCH 1000
.POINTS_PER_SECOND 125
.COMMENT CALIB X: 7 Y: -71

.WRITER_INFO
 Name: CHANDU VIJAY
 WriterId: 53
 Hand: right
 EducationLevel: post graduate
 Gender: male
 Profession: student
 Region: kollum
 Age: 24
 DeviceType: digimemo a402
 SkillDevice: average
 Language: hindi
 Script: indic
 Native: false
 Style: discrete
 UsageFreq: rarely
 Proficiency: average
 Date: 2007-6-22
 WritingInProfession: no

.PEN_DOWN
736 1639 0
734 1642 0
733 1645 0
732 1649 0
732 1652 0
733 1655 0
735 1658 0
738 1659 0
742 1659 0
747 1658 0
753 1655 0
759 1652 0
764 1647 0
769 1643 0
773 1639 0
776 1634 0
779 1631 0
780 1628 0
780 1625 0
779 1622 0
776 1620 0
772 1619 0
768 1619 0
763 1620 0
757 1622 0
749 1626 0
740 1632 0
729 1639 0
720 1647 0
714 1655 0
709 1664 0
707 1673 0
707 1683 0
709 1692 0
714 1701 0
720 1708 0
727 1712 0
736 1716 0
745 1717 0
753 1717 0
758 1717 0
761 1717 0
758 1717 0
754 1717 0
751 1718 0
747 1718 0
744 1720 0
741 1721 0
736 1724 0
730 1729 0
724 1734 0
718 1739 0
711 1745 0
706 1751 0
702 1757 0
700 1764 0
699 1772 0
698 1780 0
700 1788 0
704 1796 0
710 1802 0
718 1807 0
728 1810 0
741 1809 0
754 1806 0
767 1797 0
784 1786 0
801 1772 0
819 1757 0
835 1740 0
849 1723 0
859 1708 0
866 1697 0
871 1688 0
873 1682 0
873 1678 0
873 1674 0
873 1671 0
873 1668 0
874 1664 0
876 1661 0
877 1658 0
878 1654 0
878 1650 0
878 1647 0
878 1644 0
877 1641 0
876 1638 0
875 1635 0
874 1638 0
873 1645 0
872 1657 0
870 1672 0
867 1692 0
864 1716 0
861 1741 0
857 1764 0
856 1785 0
856 1803 0
857 1818 0
857 1831 0
856 1839 0
856 1843 0
856 1846 0
856 1846 0
.PEN_UP
.PEN_DOWN
835 1621 0
832 1621 0
829 1619 0
832 1618 0
838 1617 0
847 1616 0
863 1616 0
883 1614 0
904 1613 0
926 1611 0
946 1609 0
960 1608 0
969 1608 0
974 1608 0
974 1608 0
.PEN_UP
