.VERSION 1.0 
.HIERARCHY CHARACTER
.COORD X Y T
.SEGMENT CHARACTER 0-1 OK "44"
.H_LINE 4624 5499
.V_LINE 6500 7250
.X_DIM 750
.Y_DIM 874
.X_POINTS_PER_INCH 1000
.Y_POINTS_PER_INCH 1000
.POINTS_PER_SECOND 125
.COMMENT CALIB X: 26 Y: -127

.WRITER_INFO
 Name: CHANDU VIJAY
 WriterId: 53
 Hand: right
 EducationLevel: post graduate
 Gender: male
 Profession: student
 Region: kollum
 Age: 24
 DeviceType: digimemo a402
 SkillDevice: average
 Language: hindi
 Script: indic
 Native: false
 Style: discrete
 UsageFreq: rarely
 Proficiency: average
 Date: 2007-6-22
 WritingInProfession: no

.PEN_DOWN
6849 4870 0
6844 4869 0
6841 4868 0
6838 4867 0
6838 4870 0
6840 4876 0
6842 4884 0
6844 4893 0
6845 4902 0
6846 4912 0
6847 4922 0
6846 4929 0
6846 4934 0
6846 4937 0
6846 4934 0
6846 4929 0
6845 4923 0
6843 4918 0
6840 4914 0
6835 4910 0
6828 4908 0
6821 4907 0
6813 4907 0
6805 4909 0
6795 4913 0
6787 4917 0
6781 4925 0
6775 4932 0
6770 4940 0
6766 4948 0
6765 4956 0
6767 4962 0
6770 4968 0
6777 4973 0
6785 4977 0
6797 4981 0
6809 4985 0
6819 4989 0
6827 4994 0
6833 4999 0
6836 5005 0
6838 5010 0
6840 5014 0
6840 5018 0
6840 5021 0
6840 5024 0
6839 5027 0
6836 5029 0
6834 5026 0
6832 5022 0
6830 5017 0
6828 5013 0
6825 5009 0
6822 5005 0
6816 5002 0
6809 5000 0
6802 4999 0
6792 5000 0
6783 5003 0
6773 5009 0
6762 5016 0
6753 5025 0
6744 5035 0
6738 5045 0
6737 5057 0
6740 5068 0
6745 5080 0
6755 5089 0
6770 5095 0
6788 5096 0
6809 5094 0
6832 5089 0
.PEN_UP
.PEN_DOWN
6754 4856 0
6750 4855 0
6747 4854 0
6744 4853 0
6747 4853 0
6752 4856 0
6760 4858 0
6773 4859 0
6790 4859 0
6815 4858 0
6846 4856 0
6881 4853 0
6913 4851 0
6936 4850 0
6950 4849 0
6957 4849 0
6956 4853 0
6947 4856 0
.PEN_UP
