.VERSION 1.0 
.HIERARCHY CHARACTER
.COORD X Y T
.SEGMENT CHARACTER 0-2 OK "45"
.H_LINE 6249 7124
.V_LINE 499 1250
.X_DIM 750
.Y_DIM 875
.X_POINTS_PER_INCH 1000
.Y_POINTS_PER_INCH 1000
.POINTS_PER_SECOND 125
.COMMENT CALIB X: -1 Y: -78

.WRITER_INFO
 Name: CHANDU VIJAY
 WriterId: 53
 Hand: right
 EducationLevel: post graduate
 Gender: male
 Profession: student
 Region: kollum
 Age: 24
 DeviceType: digimemo a402
 SkillDevice: average
 Language: hindi
 Script: indic
 Native: false
 Style: discrete
 UsageFreq: rarely
 Proficiency: average
 Date: 2007-6-22
 WritingInProfession: no

.PEN_DOWN
887 6539 0
887 6535 0
887 6532 0
887 6529 0
887 6535 0
886 6543 0
885 6554 0
884 6567 0
882 6582 0
881 6599 0
879 6616 0
878 6634 0
878 6652 0
878 6672 0
878 6689 0
878 6704 0
878 6715 0
878 6723 0
878 6727 0
882 6722 0
.PEN_UP
.PEN_DOWN
868 6587 0
863 6588 0
860 6589 0
857 6592 0
854 6595 0
851 6597 0
848 6598 0
844 6599 0
841 6600 0
837 6601 0
831 6601 0
824 6602 0
817 6603 0
809 6603 0
803 6604 0
797 6604 0
791 6604 0
784 6604 0
779 6603 0
774 6602 0
770 6600 0
765 6598 0
762 6593 0
759 6588 0
757 6585 0
755 6581 0
755 6577 0
754 6573 0
754 6568 0
754 6564 0
754 6560 0
755 6557 0
757 6552 0
759 6549 0
762 6546 0
765 6542 0
769 6538 0
773 6535 0
777 6533 0
781 6533 0
785 6534 0
789 6535 0
793 6536 0
798 6539 0
804 6541 0
809 6544 0
814 6549 0
817 6553 0
819 6558 0
820 6564 0
820 6570 0
820 6575 0
820 6580 0
818 6584 0
816 6588 0
812 6593 0
808 6597 0
803 6600 0
798 6603 0
792 6606 0
786 6608 0
781 6611 0
777 6614 0
773 6616 0
769 6619 0
764 6622 0
759 6626 0
754 6630 0
749 6634 0
743 6639 0
738 6645 0
733 6651 0
730 6657 0
727 6662 0
725 6668 0
723 6674 0
722 6679 0
721 6684 0
721 6689 0
722 6696 0
724 6702 0
726 6706 0
729 6711 0
734 6715 0
740 6719 0
746 6722 0
753 6724 0
761 6722 0
770 6718 0
780 6713 0
788 6707 0
796 6701 0
802 6695 0
806 6689 0
810 6684 0
812 6680 0
814 6677 0
815 6674 0
815 6671 0
816 6668 0
817 6665 0
817 6662 0
816 6659 0
814 6656 0
811 6656 0
808 6656 0
805 6656 0
801 6655 0
797 6655 0
793 6655 0
789 6656 0
786 6657 0
784 6660 0
782 6664 0
781 6670 0
780 6677 0
780 6687 0
779 6700 0
779 6714 0
781 6727 0
784 6741 0
788 6752 0
792 6763 0
796 6773 0
800 6781 0
.PEN_UP
.PEN_DOWN
861 6521 0
858 6519 0
856 6516 0
853 6515 0
850 6514 0
853 6517 0
860 6519 0
869 6519 0
883 6519 0
897 6518 0
910 6517 0
924 6515 0
935 6514 0
945 6514 0
952 6515 0
959 6517 0
.PEN_UP
