.VERSION 1.0 
.HIERARCHY CHARACTER
.COORD X Y T
.SEGMENT CHARACTER 0-2 OK "91"
.H_LINE 1374 2249
.V_LINE 1999 2749
.X_DIM 749
.Y_DIM 874
.X_POINTS_PER_INCH 1000
.Y_POINTS_PER_INCH 1000
.POINTS_PER_SECOND 125
.COMMENT CALIB X: 2 Y: -76

.WRITER_INFO
 Name: CHANDU VIJAY
 WriterId: 53
 Hand: right
 EducationLevel: post graduate
 Gender: male
 Profession: student
 Region: kollum
 Age: 24
 DeviceType: digimemo a402
 SkillDevice: average
 Language: hindi
 Script: indic
 Native: false
 Style: discrete
 UsageFreq: rarely
 Proficiency: average
 Date: 2007-6-22
 WritingInProfession: no

.PEN_DOWN
2233 1628 0
2233 1625 0
2233 1622 0
2233 1619 0
2233 1624 0
2233 1628 0
2226 1632 0
2221 1637 0
2217 1644 0
2215 1651 0
2214 1659 0
2213 1667 0
2213 1674 0
2213 1683 0
2214 1691 0
2215 1698 0
2216 1704 0
2218 1710 0
2221 1717 0
2224 1725 0
2228 1731 0
2231 1737 0
2235 1742 0
2240 1747 0
2246 1751 0
2251 1755 0
2257 1757 0
2263 1759 0
2268 1761 0
2274 1762 0
2282 1761 0
2291 1760 0
2300 1757 0
2310 1753 0
2319 1749 0
2328 1745 0
2336 1742 0
2342 1740 0
2345 1739 0
2348 1738 0
2348 1738 0
.PEN_UP
.PEN_DOWN
2253 1643 0
2254 1640 0
2254 1637 0
2254 1633 0
2251 1630 0
2247 1628 0
2243 1627 0
2239 1626 0
2236 1625 0
2233 1624 0
2230 1623 0
2227 1621 0
2231 1626 0
2235 1631 0
2240 1639 0
2248 1650 0
2256 1663 0
2265 1679 0
2275 1695 0
2284 1709 0
2293 1724 0
2302 1736 0
2312 1744 0
2322 1747 0
.PEN_UP
.PEN_DOWN
2152 1618 0
2157 1618 0
2165 1618 0
2178 1617 0
2196 1617 0
2215 1616 0
2235 1615 0
2255 1614 0
2274 1613 0
2292 1612 0
2307 1613 0
2318 1612 0
2325 1612 0
2329 1612 0
2326 1613 0
.PEN_UP
