.VERSION 1.0 
.HIERARCHY CHARACTER
.COORD X Y T
.SEGMENT CHARACTER 0-1 OK "93"
.H_LINE 1374 2249
.V_LINE 5000 5750
.X_DIM 750
.Y_DIM 874
.X_POINTS_PER_INCH 1000
.Y_POINTS_PER_INCH 1000
.POINTS_PER_SECOND 125
.COMMENT CALIB X: 0 Y: -67

.WRITER_INFO
 Name: CHANDU VIJAY
 WriterId: 53
 Hand: right
 EducationLevel: post graduate
 Gender: male
 Profession: student
 Region: kollum
 Age: 24
 DeviceType: digimemo a402
 SkillDevice: average
 Language: hindi
 Script: indic
 Native: false
 Style: discrete
 UsageFreq: rarely
 Proficiency: average
 Date: 2007-6-22
 WritingInProfession: no

.PEN_DOWN
5321 1640 0
5324 1638 0
5327 1637 0
5327 1644 0
5327 1652 0
5328 1662 0
5328 1674 0
5330 1686 0
5332 1699 0
5335 1712 0
5337 1723 0
5338 1731 0
5338 1736 0
5338 1739 0
5337 1735 0
5337 1731 0
5336 1726 0
5336 1722 0
5334 1718 0
5331 1714 0
5327 1710 0
5322 1706 0
5316 1703 0
5309 1701 0
5302 1700 0
5293 1700 0
5284 1701 0
5277 1703 0
5269 1706 0
5262 1710 0
5256 1716 0
5251 1724 0
5247 1733 0
5245 1742 0
5244 1750 0
5246 1758 0
5250 1766 0
5256 1772 0
5265 1776 0
5277 1779 0
5290 1780 0
5303 1781 0
5314 1783 0
5321 1785 0
5326 1788 0
5330 1791 0
5332 1795 0
5333 1798 0
5335 1801 0
5336 1804 0
5335 1801 0
5333 1797 0
5330 1794 0
5326 1791 0
5321 1789 0
5315 1788 0
5307 1786 0
5299 1785 0
5290 1784 0
5282 1784 0
5275 1786 0
5267 1790 0
5260 1797 0
5255 1805 0
5250 1815 0
5246 1827 0
5244 1837 0
5244 1848 0
5247 1857 0
5251 1865 0
5258 1873 0
5267 1880 0
5281 1884 0
5299 1885 0
5320 1886 0
5342 1882 0
.PEN_UP
.PEN_DOWN
5222 1635 0
5225 1636 0
5234 1637 0
5246 1637 0
5263 1636 0
5286 1635 0
5312 1634 0
5344 1633 0
5375 1633 0
5402 1632 0
5421 1632 0
5431 1633 0
5436 1633 0
5439 1634 0
5439 1634 0
.PEN_UP
