.VERSION 1.0 
.HIERARCHY CHARACTER
.COORD X Y T
.SEGMENT CHARACTER 0-1 OK "98"
.H_LINE 2999 3874
.V_LINE 5000 5750
.X_DIM 750
.Y_DIM 874
.X_POINTS_PER_INCH 1000
.Y_POINTS_PER_INCH 1000
.POINTS_PER_SECOND 125
.COMMENT CALIB X: 13 Y: -65

.WRITER_INFO
 Name: CHANDU VIJAY
 WriterId: 53
 Hand: right
 EducationLevel: post graduate
 Gender: male
 Profession: student
 Region: kollum
 Age: 24
 DeviceType: digimemo a402
 SkillDevice: average
 Language: hindi
 Script: indic
 Native: false
 Style: discrete
 UsageFreq: rarely
 Proficiency: average
 Date: 2007-6-22
 WritingInProfession: no

.PEN_DOWN
5253 3509 0
5252 3512 0
5251 3515 0
5249 3518 0
5248 3521 0
5244 3522 0
5241 3522 0
5238 3521 0
5233 3519 0
5228 3515 0
5223 3511 0
5217 3506 0
5211 3499 0
5207 3490 0
5202 3480 0
5197 3470 0
5193 3459 0
5190 3450 0
5188 3442 0
5186 3434 0
5186 3426 0
5188 3420 0
5192 3414 0
5200 3408 0
5213 3401 0
5228 3394 0
5244 3388 0
5260 3383 0
5275 3379 0
5290 3376 0
5305 3375 0
5319 3374 0
5331 3374 0
5339 3375 0
5344 3376 0
5347 3376 0
5345 3373 0
5343 3370 0
5342 3365 0
5343 3359 0
5345 3352 0
5347 3346 0
5348 3340 0
5349 3334 0
5350 3327 0
5352 3321 0
5353 3314 0
5354 3309 0
5355 3303 0
5357 3298 0
5358 3294 0
5360 3290 0
5361 3287 0
5361 3291 0
5360 3298 0
5358 3308 0
5356 3319 0
5354 3332 0
5353 3344 0
5352 3358 0
5351 3375 0
5351 3395 0
5352 3416 0
5354 3436 0
5354 3453 0
5354 3468 0
.PEN_UP
.PEN_DOWN
5097 3391 0
5104 3391 0
5117 3390 0
5136 3389 0
5162 3386 0
5193 3383 0
5225 3379 0
5255 3375 0
5281 3373 0
5302 3371 0
5317 3370 0
5326 3370 0
5330 3370 0
5330 3370 0
.PEN_UP
