.VERSION 1.0 
.HIERARCHY CHARACTER
.COORD X Y T
.SEGMENT CHARACTER 0-1 OK "39"
.H_LINE 2999 3874
.V_LINE 6500 7250
.X_DIM 750
.Y_DIM 874
.X_POINTS_PER_INCH 1000
.Y_POINTS_PER_INCH 1000
.POINTS_PER_SECOND 125
.COMMENT CALIB X: 17 Y: -156

.WRITER_INFO
 Name: G RAHUL KUMAR
 WriterId: 17
 Hand: right
 EducationLevel: college graduate
 Gender: male
 Profession: student
 Region: hyderabad
 Age: 22
 DeviceType: digimemo a402
 SkillDevice: average
 Language: hindi
 Script: indic
 Native: false
 Style: discrete
 UsageFreq: once a week
 Proficiency: good
 Date: 2007-6-12
 WritingInProfession: no

.PEN_DOWN
6978 3299 0
6977 3302 0
6977 3307 0
6978 3315 0
6980 3327 0
6982 3341 0
6984 3357 0
6987 3377 0
6988 3395 0
6989 3413 0
6989 3429 0
6989 3444 0
6988 3456 0
6988 3467 0
6989 3476 0
6990 3481 0
6991 3485 0
6990 3478 0
6989 3469 0
6988 3457 0
6987 3442 0
6986 3426 0
6983 3411 0
6978 3397 0
6972 3386 0
6966 3378 0
6959 3373 0
6951 3371 0
6943 3369 0
6937 3369 0
6931 3373 0
6925 3380 0
6919 3390 0
6913 3401 0
6908 3413 0
6905 3424 0
6904 3435 0
6905 3445 0
6906 3453 0
6909 3459 0
6912 3463 0
6914 3466 0
6915 3463 0
6915 3457 0
6915 3449 0
6914 3438 0
6911 3425 0
6907 3414 0
6903 3406 0
6899 3401 0
6895 3397 0
6887 3395 0
6875 3395 0
6860 3396 0
6844 3401 0
6828 3408 0
6815 3415 0
6805 3424 0
6798 3434 0
6794 3445 0
6791 3454 0
6790 3463 0
6791 3472 0
6794 3479 0
6798 3485 0
6801 3489 0
6803 3492 0
6803 3492 0
.PEN_UP
.PEN_DOWN
6822 3322 0
6825 3322 0
6832 3322 0
6844 3311 0
6859 3306 0
6876 3304 0
6897 3302 0
6918 3299 0
6940 3296 0
6960 3293 0
6978 3290 0
6993 3288 0
7003 3287 0
7009 3286 0
7012 3286 0
7015 3285 0
.PEN_UP
