.VERSION 1.0 
.HIERARCHY CHARACTER
.COORD X Y T
.SEGMENT CHARACTER 0-2 OK "41"
.H_LINE 4624 5499
.V_LINE 1999 2749
.X_DIM 749
.Y_DIM 874
.X_POINTS_PER_INCH 1000
.Y_POINTS_PER_INCH 1000
.POINTS_PER_SECOND 125
.COMMENT CALIB X: -8 Y: -100

.WRITER_INFO
 Name: G RAHUL KUMAR
 WriterId: 17
 Hand: right
 EducationLevel: college graduate
 Gender: male
 Profession: student
 Region: hyderabad
 Age: 22
 DeviceType: digimemo a402
 SkillDevice: average
 Language: hindi
 Script: indic
 Native: false
 Style: discrete
 UsageFreq: once a week
 Proficiency: good
 Date: 2007-6-12
 WritingInProfession: no

.PEN_DOWN
2227 4924 0
2230 4923 0
2233 4921 0
2237 4919 0
2243 4919 0
2247 4921 0
2252 4926 0
2255 4932 0
2255 4943 0
2253 4953 0
2250 4962 0
2246 4969 0
2241 4973 0
2236 4975 0
2232 4975 0
2228 4974 0
2224 4971 0
2221 4967 0
2218 4961 0
2217 4954 0
2216 4945 0
2216 4935 0
2216 4925 0
2217 4917 0
2218 4911 0
2221 4907 0
2224 4904 0
2228 4904 0
2234 4906 0
2239 4911 0
2244 4919 0
2249 4932 0
2254 4951 0
2258 4973 0
2259 4992 0
2258 5012 0
2254 5033 0
2249 5048 0
2241 5060 0
2232 5069 0
2222 5076 0
2212 5081 0
2204 5083 0
2198 5083 0
2193 5083 0
2189 5081 0
2187 5074 0
2186 5066 0
2186 5057 0
2187 5048 0
2190 5042 0
2194 5038 0
2199 5036 0
2205 5036 0
2212 5037 0
2218 5040 0
2225 5044 0
2233 5048 0
2241 5054 0
2249 5060 0
2256 5066 0
2263 5072 0
2270 5078 0
2276 5083 0
2281 5087 0
2285 5090 0
2290 5091 0
.PEN_UP
.PEN_DOWN
2364 4922 0
2364 4925 0
2363 4932 0
2363 4943 0
2363 4959 0
2364 4977 0
2365 4994 0
2367 5011 0
2370 5027 0
2374 5041 0
2377 5053 0
2378 5062 0
2379 5069 0
2379 5075 0
2379 5079 0
.PEN_UP
.PEN_DOWN
2304 4901 0
2314 4900 0
2331 4898 0
2353 4897 0
2377 4897 0
2399 4896 0
2417 4895 0
2432 4895 0
2439 4889 0
.PEN_UP
