.VERSION 1.0 
.HIERARCHY CHARACTER
.COORD X Y T
.SEGMENT CHARACTER 0-2 OK "71"
.H_LINE 4624 5499
.V_LINE 1999 2749
.X_DIM 749
.Y_DIM 874
.X_POINTS_PER_INCH 1000
.Y_POINTS_PER_INCH 1000
.POINTS_PER_SECOND 125
.COMMENT CALIB X: -15 Y: -102

.WRITER_INFO
 Name: G RAHUL KUMAR
 WriterId: 17
 Hand: right
 EducationLevel: college graduate
 Gender: male
 Profession: student
 Region: hyderabad
 Age: 22
 DeviceType: digimemo a402
 SkillDevice: average
 Language: hindi
 Script: indic
 Native: false
 Style: discrete
 UsageFreq: once a week
 Proficiency: good
 Date: 2007-6-12
 WritingInProfession: no

.PEN_DOWN
2379 4959 0
2376 4958 0
2375 4962 0
2375 4968 0
2375 4974 0
2376 4980 0
2377 4985 0
2378 4989 0
2380 4994 0
2382 4999 0
2383 5004 0
2384 5008 0
2385 5011 0
2386 5014 0
2385 5010 0
2383 5006 0
2379 5002 0
2375 4999 0
2368 4997 0
2361 4996 0
2353 4997 0
2344 4998 0
2335 5000 0
2327 5004 0
2320 5009 0
2314 5014 0
2311 5019 0
2309 5024 0
2308 5030 0
2309 5035 0
2311 5041 0
2314 5045 0
2318 5050 0
2323 5053 0
2328 5056 0
2334 5058 0
2342 5059 0
2351 5061 0
2359 5062 0
2366 5064 0
2371 5065 0
2376 5067 0
2380 5070 0
2383 5072 0
2385 5075 0
2386 5079 0
2387 5082 0
2387 5086 0
2387 5091 0
2387 5095 0
2386 5100 0
2383 5104 0
2376 5110 0
2368 5115 0
2360 5120 0
2351 5124 0
2343 5127 0
2337 5129 0
2333 5130 0
2330 5131 0
2327 5128 0
2324 5126 0
2322 5123 0
2321 5120 0
2320 5117 0
2320 5114 0
2320 5111 0
2322 5108 0
2325 5106 0
2329 5105 0
2334 5104 0
2340 5104 0
2347 5105 0
2353 5106 0
2359 5108 0
2365 5111 0
2370 5115 0
2374 5119 0
2377 5124 0
2380 5129 0
2383 5134 0
2385 5139 0
2387 5144 0
2389 5149 0
2391 5155 0
2393 5160 0
2395 5166 0
2399 5171 0
2404 5174 0
2410 5176 0
2416 5176 0
2424 5174 0
.PEN_UP
.PEN_DOWN
2375 5073 0
2384 5073 0
2394 5073 0
2406 5073 0
2421 5071 0
2439 5070 0
2453 5070 0
2464 5070 0
2471 5070 0
2475 5070 0
2475 5070 0
.PEN_UP
.PEN_DOWN
2307 4955 0
2314 4956 0
2325 4957 0
2342 4958 0
2363 4959 0
2387 4959 0
2412 4959 0
2434 4959 0
2455 4959 0
.PEN_UP
