.VERSION 1.0 
.HIERARCHY CHARACTER
.COORD X Y T
.SEGMENT CHARACTER 0-3 OK "96"
.H_LINE 2999 3874
.V_LINE 1999 2749
.X_DIM 749
.Y_DIM 874
.X_POINTS_PER_INCH 1000
.Y_POINTS_PER_INCH 1000
.POINTS_PER_SECOND 125
.COMMENT CALIB X: -24 Y: -112

.WRITER_INFO
 Name: G RAHUL KUMAR
 WriterId: 17
 Hand: right
 EducationLevel: college graduate
 Gender: male
 Profession: student
 Region: hyderabad
 Age: 22
 DeviceType: digimemo a402
 SkillDevice: average
 Language: hindi
 Script: indic
 Native: false
 Style: discrete
 UsageFreq: once a week
 Proficiency: good
 Date: 2007-6-12
 WritingInProfession: no

.PEN_DOWN
2373 3289 0
2372 3293 0
2372 3296 0
2372 3301 0
2372 3306 0
2372 3313 0
2374 3320 0
2375 3328 0
2376 3339 0
2377 3352 0
2378 3366 0
2379 3380 0
2379 3395 0
2379 3409 0
2379 3423 0
2379 3437 0
2379 3449 0
2380 3459 0
2380 3467 0
2381 3473 0
2381 3479 0
2381 3484 0
2381 3487 0
2382 3484 0
2383 3477 0
2383 3468 0
2382 3459 0
2380 3448 0
2378 3435 0
2375 3424 0
2370 3414 0
2363 3407 0
2355 3401 0
2346 3397 0
2336 3395 0
2326 3394 0
2315 3395 0
2304 3398 0
2292 3401 0
2284 3404 0
2278 3408 0
2274 3414 0
2270 3425 0
2266 3436 0
2264 3447 0
2263 3458 0
2262 3468 0
2262 3476 0
2262 3483 0
2263 3488 0
2264 3491 0
2266 3497 0
2267 3500 0
.PEN_UP
.PEN_DOWN
2233 3402 0
2232 3398 0
2232 3395 0
2236 3397 0
2242 3398 0
2250 3400 0
2262 3402 0
2278 3402 0
2296 3403 0
2317 3404 0
2337 3405 0
2355 3407 0
2368 3408 0
2378 3410 0
2385 3411 0
2389 3412 0
2392 3413 0
2402 3411 0
.PEN_UP
.PEN_DOWN
2401 3421 0
2404 3422 0
2408 3422 0
2412 3422 0
2415 3416 0
2418 3413 0
2423 3412 0
2431 3412 0
2439 3413 0
2447 3414 0
2453 3417 0
2458 3421 0
2462 3428 0
2466 3437 0
2469 3446 0
2471 3455 0
2472 3463 0
2473 3472 0
2473 3480 0
2474 3488 0
2474 3495 0
2474 3500 0
2473 3503 0
2472 3506 0
2472 3510 0
2472 3510 0
.PEN_UP
.PEN_DOWN
2267 3297 0
2273 3296 0
2283 3295 0
2299 3294 0
2321 3294 0
2349 3294 0
2377 3294 0
2401 3294 0
2421 3294 0
2435 3294 0
2445 3294 0
2452 3294 0
2456 3295 0
2460 3296 0
.PEN_UP
