.VERSION 1.0 
.HIERARCHY CHARACTER
.COORD X Y T
.SEGMENT CHARACTER 0-1 OK "99"
.H_LINE 2999 3874
.V_LINE 6500 7250
.X_DIM 750
.Y_DIM 874
.X_POINTS_PER_INCH 1000
.Y_POINTS_PER_INCH 1000
.POINTS_PER_SECOND 125
.COMMENT CALIB X: 45 Y: -151

.WRITER_INFO
 Name: G RAHUL KUMAR
 WriterId: 17
 Hand: right
 EducationLevel: college graduate
 Gender: male
 Profession: student
 Region: hyderabad
 Age: 22
 DeviceType: digimemo a402
 SkillDevice: average
 Language: hindi
 Script: indic
 Native: false
 Style: discrete
 UsageFreq: once a week
 Proficiency: good
 Date: 2007-6-12
 WritingInProfession: no

.PEN_DOWN
6876 3197 0
6874 3204 0
6873 3214 0
6872 3225 0
6871 3236 0
6871 3248 0
6871 3257 0
6873 3264 0
6875 3269 0
6877 3273 0
6878 3276 0
6878 3273 0
6876 3268 0
6873 3264 0
6868 3261 0
6863 3259 0
6856 3258 0
6849 3258 0
6839 3260 0
6830 3262 0
6822 3266 0
6814 3272 0
6808 3279 0
6805 3288 0
6803 3297 0
6802 3307 0
6803 3316 0
6806 3325 0
6810 3334 0
6816 3341 0
6824 3345 0
6832 3348 0
6841 3350 0
6850 3350 0
6856 3349 0
6859 3349 0
6861 3345 0
6861 3342 0
6861 3339 0
6859 3336 0
6855 3334 0
6852 3332 0
6848 3331 0
6845 3330 0
6842 3330 0
6839 3333 0
6834 3336 0
6829 3339 0
6824 3342 0
6820 3345 0
6817 3348 0
6815 3352 0
6813 3357 0
6812 3362 0
6811 3370 0
6811 3377 0
6810 3387 0
6809 3397 0
6810 3407 0
6811 3415 0
6812 3424 0
6815 3432 0
6820 3439 0
6828 3443 0
6838 3447 0
6851 3450 0
6865 3451 0
6879 3451 0
6894 3450 0
6908 3449 0
6924 3446 0
6938 3442 0
6949 3437 0
6958 3430 0
6964 3423 0
6967 3416 0
6969 3410 0
6968 3405 0
6965 3401 0
6960 3398 0
6953 3397 0
6944 3399 0
6936 3400 0
6930 3403 0
6926 3408 0
6920 3414 0
6916 3420 0
6913 3428 0
6912 3437 0
6912 3445 0
6913 3453 0
6915 3460 0
6918 3466 0
6922 3471 0
6927 3474 0
6931 3476 0
6934 3478 0
6937 3479 0
.PEN_UP
.PEN_DOWN
6799 3147 0
6803 3147 0
6813 3153 0
6830 3158 0
6856 3161 0
6888 3165 0
6921 3167 0
6950 3167 0
6970 3167 0
6983 3167 0
6990 3167 0
6995 3159 0
6997 3155 0
.PEN_UP
