.VERSION 1.0 
.HIERARCHY CHARACTER
.COORD X Y T
.SEGMENT CHARACTER 0-2 OK "14"
.H_LINE 4624 5499
.V_LINE 6500 7250
.X_DIM 750
.Y_DIM 874
.X_POINTS_PER_INCH 1000
.Y_POINTS_PER_INCH 1000
.POINTS_PER_SECOND 125
.COMMENT CALIB X: 113 Y: -142

.WRITER_INFO
 Name: P SURESH
 WriterId: 46
 Hand: right
 EducationLevel: college graduate
 Gender: male
 Profession: student
 Region: anakapalli
 Age: 21
 DeviceType: digimemo a402
 SkillDevice: average
 Language: hindi
 Script: indic
 Native: false
 Style: discrete
 UsageFreq: once a month
 Proficiency: good
 Date: 2007-6-20
 WritingInProfession: no

.PEN_DOWN
6771 4894 0
6773 4891 0
6773 4888 0
6773 4884 0
6772 4879 0
6770 4874 0
6768 4870 0
6767 4867 0
6766 4864 0
6765 4861 0
6764 4858 0
6764 4864 0
6765 4875 0
6768 4891 0
6771 4911 0
6776 4932 0
6782 4952 0
6789 4971 0
6795 4987 0
6801 5003 0
6807 5014 0
6812 5023 0
6818 5030 0
6822 5035 0
6824 5038 0
6826 5041 0
6826 5044 0
6826 5047 0
6825 5050 0
6824 5053 0
6821 5055 0
6817 5057 0
6812 5059 0
6804 5060 0
6794 5059 0
6781 5058 0
6768 5056 0
6754 5053 0
6741 5051 0
6731 5049 0
6723 5047 0
6719 5046 0
6716 5045 0
6714 5042 0
6714 5042 0
.PEN_UP
.PEN_DOWN
6877 4851 0
6877 4847 0
6877 4844 0
6878 4848 0
6880 4857 0
6882 4870 0
6885 4888 0
6888 4909 0
6891 4933 0
6894 4954 0
6897 4973 0
6899 4990 0
6902 5005 0
6904 5017 0
6906 5026 0
6907 5032 0
6907 5036 0
6907 5039 0
6903 5036 0
.PEN_UP
.PEN_DOWN
6675 4873 0
6678 4871 0
6681 4869 0
6685 4866 0
6691 4863 0
6699 4861 0
6709 4859 0
6720 4857 0
6737 4856 0
6760 4854 0
6787 4852 0
6817 4849 0
6845 4846 0
6872 4843 0
6898 4841 0
6921 4839 0
6939 4838 0
6952 4837 0
6963 4837 0
6971 4837 0
6976 4837 0
6979 4836 0
6982 4835 0
6985 4835 0
6988 4834 0
6992 4834 0
6995 4833 0
6999 4832 0
6999 4832 0
.PEN_UP
