.VERSION 1.0 
.HIERARCHY CHARACTER
.COORD X Y T
.SEGMENT CHARACTER 0-2 OK "15"
.H_LINE 6249 7124
.V_LINE 499 1250
.X_DIM 750
.Y_DIM 875
.X_POINTS_PER_INCH 1000
.Y_POINTS_PER_INCH 1000
.POINTS_PER_SECOND 125
.COMMENT CALIB X: -4 Y: -148

.WRITER_INFO
 Name: P SURESH
 WriterId: 46
 Hand: right
 EducationLevel: college graduate
 Gender: male
 Profession: student
 Region: anakapalli
 Age: 21
 DeviceType: digimemo a402
 SkillDevice: average
 Language: hindi
 Script: indic
 Native: false
 Style: discrete
 UsageFreq: once a month
 Proficiency: good
 Date: 2007-6-20
 WritingInProfession: no

.PEN_DOWN
729 6539 0
726 6538 0
723 6537 0
720 6536 0
717 6535 0
714 6535 0
711 6536 0
706 6537 0
700 6538 0
694 6539 0
687 6540 0
679 6542 0
671 6545 0
661 6548 0
652 6551 0
642 6555 0
632 6559 0
621 6564 0
611 6571 0
604 6576 0
600 6582 0
597 6589 0
596 6595 0
597 6602 0
600 6607 0
604 6612 0
610 6616 0
617 6619 0
625 6622 0
635 6625 0
645 6628 0
654 6629 0
663 6629 0
672 6629 0
680 6628 0
686 6628 0
691 6628 0
694 6628 0
690 6629 0
684 6630 0
676 6632 0
667 6634 0
659 6637 0
650 6641 0
640 6645 0
631 6649 0
624 6654 0
618 6658 0
612 6663 0
607 6668 0
604 6673 0
601 6679 0
599 6685 0
599 6691 0
600 6697 0
602 6704 0
606 6711 0
613 6717 0
622 6722 0
634 6727 0
649 6730 0
665 6731 0
682 6730 0
698 6728 0
712 6725 0
725 6721 0
736 6715 0
745 6708 0
753 6700 0
760 6690 0
766 6679 0
771 6669 0
775 6657 0
778 6646 0
781 6635 0
783 6624 0
785 6613 0
787 6604 0
789 6595 0
791 6587 0
794 6579 0
797 6572 0
800 6566 0
802 6562 0
803 6559 0
803 6563 0
803 6570 0
804 6580 0
807 6593 0
810 6610 0
812 6630 0
814 6651 0
816 6671 0
817 6689 0
818 6703 0
819 6713 0
820 6723 0
821 6731 0
821 6737 0
822 6742 0
822 6745 0
823 6748 0
817 6744 0
.PEN_UP
.PEN_DOWN
573 6539 0
570 6540 0
573 6540 0
577 6540 0
583 6540 0
592 6540 0
604 6540 0
620 6540 0
638 6539 0
659 6539 0
680 6538 0
700 6538 0
719 6537 0
738 6536 0
756 6535 0
774 6534 0
793 6533 0
809 6532 0
824 6531 0
837 6530 0
850 6530 0
861 6530 0
870 6529 0
878 6528 0
882 6528 0
885 6528 0
882 6528 0
879 6527 0
885 6527 0
.PEN_UP
.PEN_DOWN
797 6550 0
797 6553 0
798 6556 0
799 6559 0
799 6559 0
.PEN_UP
