.VERSION 1.0 
.HIERARCHY CHARACTER
.COORD X Y T
.SEGMENT CHARACTER 0-1 OK "30"
.H_LINE 1374 2249
.V_LINE 499 1250
.X_DIM 750
.Y_DIM 874
.X_POINTS_PER_INCH 1000
.Y_POINTS_PER_INCH 1000
.POINTS_PER_SECOND 125
.COMMENT CALIB X: 34 Y: -177

.WRITER_INFO
 Name: P SURESH
 WriterId: 46
 Hand: right
 EducationLevel: college graduate
 Gender: male
 Profession: student
 Region: anakapalli
 Age: 21
 DeviceType: digimemo a402
 SkillDevice: average
 Language: hindi
 Script: indic
 Native: false
 Style: discrete
 UsageFreq: once a month
 Proficiency: good
 Date: 2007-6-20
 WritingInProfession: no

.PEN_DOWN
770 1714 0
770 1711 0
771 1708 0
772 1705 0
769 1702 0
765 1701 0
761 1701 0
753 1704 0
742 1707 0
730 1711 0
717 1715 0
703 1720 0
687 1725 0
672 1730 0
659 1734 0
650 1738 0
644 1743 0
642 1747 0
644 1750 0
649 1753 0
656 1756 0
670 1758 0
683 1760 0
698 1761 0
711 1761 0
721 1761 0
729 1761 0
734 1761 0
728 1764 0
721 1767 0
713 1770 0
705 1773 0
697 1776 0
689 1780 0
679 1783 0
669 1787 0
659 1793 0
649 1797 0
641 1802 0
634 1807 0
629 1812 0
626 1817 0
625 1823 0
625 1829 0
627 1836 0
631 1843 0
638 1850 0
648 1857 0
659 1865 0
672 1873 0
687 1879 0
705 1883 0
725 1885 0
743 1886 0
759 1886 0
772 1886 0
781 1885 0
789 1884 0
796 1881 0
803 1876 0
810 1869 0
818 1861 0
825 1851 0
833 1840 0
841 1828 0
848 1815 0
854 1803 0
858 1792 0
862 1781 0
865 1772 0
866 1762 0
867 1749 0
869 1736 0
872 1723 0
875 1711 0
877 1701 0
878 1692 0
879 1687 0
879 1684 0
881 1687 0
882 1692 0
883 1699 0
886 1707 0
889 1716 0
893 1725 0
896 1733 0
900 1743 0
904 1752 0
907 1764 0
911 1777 0
916 1792 0
920 1807 0
924 1820 0
926 1832 0
927 1841 0
927 1847 0
928 1852 0
930 1855 0
930 1855 0
.PEN_UP
.PEN_DOWN
817 1670 0
814 1670 0
811 1670 0
812 1673 0
817 1674 0
826 1675 0
842 1676 0
863 1676 0
887 1674 0
912 1672 0
933 1670 0
951 1668 0
966 1666 0
978 1663 0
985 1660 0
990 1657 0
.PEN_UP
