.VERSION 1.0 
.HIERARCHY CHARACTER
.COORD X Y T
.SEGMENT CHARACTER 0-2 OK "34"
.H_LINE 1374 2249
.V_LINE 6500 7250
.X_DIM 750
.Y_DIM 874
.X_POINTS_PER_INCH 1000
.Y_POINTS_PER_INCH 1000
.POINTS_PER_SECOND 125
.COMMENT CALIB X: 90 Y: -131

.WRITER_INFO
 Name: P SURESH
 WriterId: 46
 Hand: right
 EducationLevel: college graduate
 Gender: male
 Profession: student
 Region: anakapalli
 Age: 21
 DeviceType: digimemo a402
 SkillDevice: average
 Language: hindi
 Script: indic
 Native: false
 Style: discrete
 UsageFreq: once a month
 Proficiency: good
 Date: 2007-6-20
 WritingInProfession: no

.PEN_DOWN
6833 1718 0
6833 1715 0
6834 1712 0
6837 1711 0
6839 1714 0
6841 1722 0
6844 1732 0
6847 1745 0
6849 1760 0
6853 1775 0
6856 1790 0
6859 1805 0
6861 1819 0
6862 1832 0
6863 1844 0
6864 1854 0
6864 1861 0
6865 1867 0
6866 1871 0
6864 1867 0
6861 1859 0
6857 1845 0
6852 1830 0
6848 1816 0
6841 1802 0
6831 1792 0
6820 1784 0
6809 1777 0
6796 1771 0
6783 1767 0
6768 1765 0
6754 1764 0
6742 1765 0
6731 1767 0
6723 1770 0
6717 1773 0
6712 1777 0
6708 1782 0
6706 1786 0
6704 1791 0
6704 1797 0
6705 1803 0
6708 1809 0
6711 1816 0
6717 1822 0
6727 1828 0
6738 1834 0
6750 1838 0
6762 1842 0
6773 1845 0
6783 1847 0
6793 1848 0
6804 1848 0
6813 1847 0
6820 1846 0
6825 1846 0
6828 1845 0
6831 1841 0
.PEN_UP
.PEN_DOWN
6724 1784 0
6728 1786 0
6737 1788 0
6748 1791 0
6762 1794 0
6773 1797 0
6781 1800 0
6786 1803 0
6790 1806 0
6793 1810 0
6796 1815 0
6799 1819 0
6804 1823 0
6808 1825 0
6813 1827 0
6817 1828 0
6821 1827 0
.PEN_UP
.PEN_DOWN
6753 1715 0
6757 1714 0
6764 1715 0
6778 1716 0
6798 1717 0
6820 1718 0
6842 1718 0
6868 1718 0
6899 1717 0
6933 1716 0
6964 1715 0
6988 1714 0
7004 1713 0
7011 1713 0
7014 1713 0
7011 1714 0
.PEN_UP
