.VERSION 1.0 
.HIERARCHY CHARACTER
.COORD X Y T
.SEGMENT CHARACTER 0-2 OK "41"
.H_LINE 4624 5499
.V_LINE 1999 2749
.X_DIM 749
.Y_DIM 874
.X_POINTS_PER_INCH 1000
.Y_POINTS_PER_INCH 1000
.POINTS_PER_SECOND 125
.COMMENT CALIB X: 54 Y: -112

.WRITER_INFO
 Name: P SURESH
 WriterId: 46
 Hand: right
 EducationLevel: college graduate
 Gender: male
 Profession: student
 Region: anakapalli
 Age: 21
 DeviceType: digimemo a402
 SkillDevice: average
 Language: hindi
 Script: indic
 Native: false
 Style: discrete
 UsageFreq: once a month
 Proficiency: good
 Date: 2007-6-20
 WritingInProfession: no

.PEN_DOWN
2266 5015 0
2263 5015 0
2260 5016 0
2257 5017 0
2254 5017 0
2251 5018 0
2248 5019 0
2244 5021 0
2236 5021 0
2223 5022 0
2206 5021 0
2190 5018 0
2176 5013 0
2165 5007 0
2157 4999 0
2150 4990 0
2146 4980 0
2146 4968 0
2148 4957 0
2153 4946 0
2162 4936 0
2175 4928 0
2192 4922 0
2214 4917 0
2238 4914 0
2262 4915 0
2282 4919 0
2295 4928 0
2302 4939 0
2305 4954 0
2304 4972 0
2299 4992 0
2291 5012 0
2280 5031 0
2270 5046 0
2262 5057 0
2257 5065 0
2255 5071 0
2255 5075 0
2258 5080 0
2262 5085 0
2266 5090 0
2271 5096 0
2276 5102 0
2281 5108 0
2286 5115 0
2293 5122 0
2300 5127 0
2305 5132 0
2310 5136 0
2315 5139 0
2318 5142 0
.PEN_UP
.PEN_DOWN
2384 4936 0
2383 4932 0
2381 4928 0
2379 4923 0
2382 4918 0
2384 4915 0
2386 4923 0
2389 4936 0
2391 4952 0
2394 4969 0
2397 4986 0
2400 5003 0
2403 5020 0
2407 5036 0
2412 5051 0
2417 5065 0
2422 5076 0
2426 5085 0
2429 5091 0
2430 5096 0
2431 5099 0
2432 5093 0
.PEN_UP
.PEN_DOWN
2326 4928 0
2329 4927 0
2338 4927 0
2352 4926 0
2372 4924 0
2396 4922 0
2425 4918 0
2452 4914 0
2474 4910 0
2491 4908 0
2499 4902 0
.PEN_UP
