.VERSION 1.0 
.HIERARCHY CHARACTER
.COORD X Y T
.SEGMENT CHARACTER 0-2 OK "72"
.H_LINE 4624 5499
.V_LINE 3500 4250
.X_DIM 750
.Y_DIM 874
.X_POINTS_PER_INCH 1000
.Y_POINTS_PER_INCH 1000
.POINTS_PER_SECOND 125
.COMMENT CALIB X: 50 Y: -149

.WRITER_INFO
 Name: P SURESH
 WriterId: 46
 Hand: right
 EducationLevel: college graduate
 Gender: male
 Profession: student
 Region: anakapalli
 Age: 21
 DeviceType: digimemo a402
 SkillDevice: average
 Language: hindi
 Script: indic
 Native: false
 Style: discrete
 UsageFreq: once a month
 Proficiency: good
 Date: 2007-6-20
 WritingInProfession: no

.PEN_DOWN
3669 4814 0
3662 4814 0
3658 4814 0
3655 4814 0
3652 4814 0
3649 4813 0
3646 4813 0
3652 4814 0
3663 4815 0
3681 4816 0
3703 4817 0
3728 4819 0
3755 4820 0
3780 4819 0
3800 4818 0
3817 4816 0
3833 4814 0
3847 4812 0
3859 4810 0
3867 4809 0
3871 4808 0
3871 4808 0
.PEN_UP
.PEN_DOWN
3734 4969 0
3737 4967 0
3740 4965 0
3743 4964 0
3746 4963 0
3749 4962 0
3752 4961 0
3755 4960 0
3758 4958 0
3761 4957 0
3764 4956 0
3767 4955 0
3770 4954 0
3773 4954 0
3776 4954 0
3779 4953 0
3783 4953 0
3787 4953 0
3792 4953 0
3798 4953 0
3803 4954 0
3807 4955 0
3810 4956 0
3813 4959 0
3815 4963 0
3817 4967 0
3818 4971 0
3819 4976 0
3821 4981 0
3823 4987 0
3825 4992 0
3827 4997 0
3828 5001 0
3829 5005 0
3830 5009 0
3830 5013 0
3830 5017 0
3829 5022 0
3828 5027 0
3826 5032 0
3824 5037 0
3823 5041 0
3822 5045 0
3821 5048 0
3820 5051 0
3818 5054 0
3813 5057 0
3807 5060 0
3800 5062 0
3792 5064 0
3785 5065 0
3778 5065 0
3771 5065 0
3766 5066 0
3762 5066 0
3759 5065 0
3756 5065 0
3756 5062 0
.PEN_UP
.PEN_DOWN
3845 5018 0
3848 5017 0
3853 5016 0
3859 5016 0
3867 5016 0
3875 5016 0
3881 5016 0
3885 5016 0
3888 5016 0
3892 5016 0
3896 5015 0
3901 5014 0
3908 5014 0
3914 5014 0
3919 5014 0
3922 5014 0
3919 5014 0
3916 5014 0
3914 5033 0
.PEN_UP
