.VERSION 1.0 
.HIERARCHY CHARACTER
.COORD X Y T
.SEGMENT CHARACTER 0-2 OK "91"
.H_LINE 1374 2249
.V_LINE 1999 2749
.X_DIM 749
.Y_DIM 874
.X_POINTS_PER_INCH 1000
.Y_POINTS_PER_INCH 1000
.POINTS_PER_SECOND 125
.COMMENT CALIB X: 49 Y: -147

.WRITER_INFO
 Name: P SURESH
 WriterId: 46
 Hand: right
 EducationLevel: college graduate
 Gender: male
 Profession: student
 Region: anakapalli
 Age: 21
 DeviceType: digimemo a402
 SkillDevice: average
 Language: hindi
 Script: indic
 Native: false
 Style: discrete
 UsageFreq: once a month
 Proficiency: good
 Date: 2007-6-20
 WritingInProfession: no

.PEN_DOWN
2165 1641 0
2170 1641 0
2179 1641 0
2191 1640 0
2205 1640 0
2223 1639 0
2243 1637 0
2262 1635 0
2278 1633 0
2292 1631 0
2301 1629 0
2309 1627 0
2313 1626 0
2313 1626 0
.PEN_UP
.PEN_DOWN
2253 1675 0
2252 1672 0
2252 1669 0
2254 1673 0
2256 1678 0
2257 1684 0
2258 1689 0
2259 1695 0
2260 1701 0
2261 1708 0
2261 1714 0
2261 1720 0
2260 1727 0
2258 1734 0
2256 1740 0
2255 1746 0
2254 1752 0
2252 1758 0
2251 1763 0
2250 1767 0
2250 1771 0
2251 1775 0
2252 1779 0
2253 1783 0
2255 1788 0
2258 1793 0
2261 1797 0
2264 1801 0
2268 1805 0
2273 1809 0
2279 1814 0
2286 1818 0
2293 1822 0
2300 1825 0
2306 1827 0
2312 1828 0
2318 1829 0
2323 1830 0
2328 1829 0
2332 1828 0
2335 1828 0
2338 1828 0
2341 1827 0
2344 1826 0
2347 1824 0
2350 1822 0
2354 1818 0
2357 1815 0
2361 1812 0
2364 1810 0
2360 1811 0
.PEN_UP
.PEN_DOWN
2262 1658 0
2264 1662 0
2267 1668 0
2271 1676 0
2277 1687 0
2285 1698 0
2293 1711 0
2301 1723 0
2308 1736 0
2314 1748 0
2320 1758 0
2327 1766 0
2333 1773 0
2339 1779 0
2344 1784 0
2348 1788 0
2352 1792 0
2355 1795 0
2358 1798 0
2361 1800 0
2361 1800 0
.PEN_UP
