.VERSION 1.0 
.HIERARCHY CHARACTER
.COORD X Y T
.SEGMENT CHARACTER 0-2 OK "104"
.H_LINE 4624 5499
.V_LINE 6500 7250
.X_DIM 750
.Y_DIM 874
.X_POINTS_PER_INCH 1000
.Y_POINTS_PER_INCH 1000
.POINTS_PER_SECOND 125
.COMMENT CALIB X: 113 Y: -142

.WRITER_INFO
 Name: P SURESH
 WriterId: 46
 Hand: right
 EducationLevel: college graduate
 Gender: male
 Profession: student
 Region: anakapalli
 Age: 21
 DeviceType: digimemo a402
 SkillDevice: average
 Language: hindi
 Script: indic
 Native: false
 Style: discrete
 UsageFreq: once a month
 Proficiency: good
 Date: 2007-6-20
 WritingInProfession: no

.PEN_DOWN
6646 5003 0
6650 5001 0
6654 4999 0
6660 4996 0
6668 4992 0
6679 4987 0
6693 4982 0
6712 4975 0
6733 4967 0
6758 4958 0
6782 4947 0
6803 4936 0
6821 4925 0
6835 4914 0
6845 4902 0
6852 4893 0
6856 4884 0
6858 4877 0
6859 4871 0
6860 4866 0
6859 4861 0
6857 4858 0
6853 4856 0
6845 4855 0
6836 4855 0
6826 4856 0
6814 4858 0
6802 4860 0
6791 4864 0
6781 4868 0
6774 4872 0
6770 4878 0
6769 4885 0
6770 4892 0
6774 4901 0
6782 4910 0
6793 4918 0
6804 4926 0
6817 4933 0
6827 4941 0
6836 4949 0
6845 4956 0
6853 4964 0
6860 4972 0
6866 4980 0
6870 4986 0
6872 4991 0
6873 4995 0
6873 4998 0
6872 5001 0
6869 5004 0
6865 5007 0
6856 5010 0
6848 5012 0
6841 5013 0
6835 5013 0
6831 5014 0
6831 5014 0
.PEN_UP
.PEN_DOWN
6917 4878 0
6916 4875 0
6916 4871 0
6917 4866 0
6918 4861 0
6919 4855 0
6921 4848 0
6923 4840 0
6923 4833 0
6923 4828 0
6923 4824 0
6922 4821 0
6921 4818 0
6921 4821 0
6921 4827 0
6922 4837 0
6922 4849 0
6922 4863 0
6923 4879 0
6925 4899 0
6927 4922 0
6929 4944 0
6930 4964 0
6930 4983 0
6931 5000 0
6931 5013 0
6930 5024 0
6929 5032 0
6929 5038 0
6929 5042 0
6929 5045 0
6930 5042 0
6930 5039 0
.PEN_UP
.PEN_DOWN
6801 4810 0
6804 4810 0
6811 4811 0
6822 4812 0
6834 4813 0
6849 4814 0
6865 4814 0
6886 4813 0
6913 4812 0
6942 4811 0
6973 4810 0
6999 4809 0
7020 4808 0
7033 4807 0
7041 4807 0
7045 4807 0
7045 4807 0
.PEN_UP
