.VERSION 1.0 
.HIERARCHY CHARACTER
.COORD X Y T
.SEGMENT CHARACTER 0-1 OK "28"
.H_LINE 9500 10374
.V_LINE 5000 5750
.X_DIM 750
.Y_DIM 874
.X_POINTS_PER_INCH 1000
.Y_POINTS_PER_INCH 1000
.POINTS_PER_SECOND 125
.COMMENT CALIB X: -73 Y: -52

.WRITER_INFO
 Name: S GANESH
 WriterId: 85
 Hand: right
 EducationLevel: college graduate
 Gender: male
 Profession: student
 Region: chennai
 Age: 21
 DeviceType: digimemo a402
 SkillDevice: average
 Language: hindi
 Script: indic
 Native: false
 Style: discrete
 UsageFreq: once a month
 Proficiency: average
 Date: 2007-6-30
 WritingInProfession: no

.PEN_DOWN
5225 9823 0
5224 9826 0
5224 9829 0
5225 9832 0
5222 9835 0
5217 9836 0
5211 9837 0
5204 9838 0
5196 9839 0
5189 9839 0
5183 9839 0
5180 9838 0
5178 9834 0
5177 9830 0
5176 9826 0
5175 9821 0
5175 9818 0
5176 9815 0
5178 9812 0
5181 9810 0
5184 9808 0
5187 9807 0
5193 9806 0
5200 9805 0
5207 9805 0
5215 9805 0
5222 9805 0
5228 9806 0
5234 9807 0
5238 9808 0
5241 9810 0
5244 9813 0
5247 9817 0
5249 9821 0
5252 9824 0
5254 9829 0
5257 9833 0
5260 9837 0
5262 9842 0
5263 9846 0
5263 9849 0
5263 9852 0
5262 9855 0
5261 9859 0
5259 9864 0
5257 9870 0
5254 9876 0
5249 9883 0
5244 9889 0
5239 9895 0
5233 9900 0
5226 9905 0
5217 9910 0
5208 9915 0
5199 9919 0
5191 9922 0
5186 9924 0
5182 9925 0
5179 9926 0
5177 9923 0
5176 9920 0
5175 9916 0
5174 9912 0
5173 9909 0
5173 9906 0
5176 9909 0
5179 9912 0
5184 9916 0
5189 9920 0
5193 9924 0
5197 9927 0
5200 9930 0
5203 9932 0
5205 9935 0
5208 9937 0
5212 9940 0
5217 9942 0
5224 9944 0
5232 9946 0
5240 9947 0
5248 9948 0
5256 9949 0
5261 9949 0
5265 9949 0
5268 9949 0
5271 9949 0
5274 9947 0
5278 9945 0
5284 9943 0
5292 9940 0
5301 9938 0
5309 9934 0
5317 9930 0
5324 9926 0
5330 9923 0
5335 9919 0
5340 9916 0
5345 9912 0
5349 9909 0
5352 9906 0
5354 9902 0
5356 9896 0
5358 9888 0
5361 9879 0
5364 9870 0
5367 9860 0
5370 9851 0
5373 9843 0
5376 9836 0
5378 9830 0
5380 9825 0
5381 9821 0
5381 9817 0
5381 9814 0
5380 9811 0
5379 9817 0
5378 9825 0
5378 9834 0
5378 9845 0
5378 9858 0
5379 9872 0
5380 9888 0
5382 9906 0
5383 9923 0
5385 9940 0
5386 9956 0
5387 9969 0
5387 9981 0
5387 9990 0
5388 9997 0
5388 10001 0
5389 10004 0
5391 10007 0
5392 10001 0
.PEN_UP
.PEN_DOWN
5303 9809 0
5308 9808 0
5317 9807 0
5331 9806 0
5350 9806 0
5372 9805 0
5395 9802 0
5416 9801 0
5439 9800 0
5462 9800 0
5483 9800 0
5501 9800 0
5515 9801 0
.PEN_UP
