.VERSION 1.0 
.HIERARCHY CHARACTER
.COORD X Y T
.SEGMENT CHARACTER 0-4 OK "107"
.H_LINE 6249 7124
.V_LINE 3500 4250
.X_DIM 750
.Y_DIM 875
.X_POINTS_PER_INCH 1000
.Y_POINTS_PER_INCH 1000
.POINTS_PER_SECOND 125
.COMMENT CALIB X: -42 Y: -69

.WRITER_INFO
 Name: S GANESH
 WriterId: 85
 Hand: right
 EducationLevel: college graduate
 Gender: male
 Profession: student
 Region: chennai
 Age: 21
 DeviceType: digimemo a402
 SkillDevice: average
 Language: hindi
 Script: indic
 Native: false
 Style: discrete
 UsageFreq: once a month
 Proficiency: average
 Date: 2007-6-30
 WritingInProfession: no

.PEN_DOWN
3838 6522 0
3841 6528 0
3846 6536 0
3850 6547 0
3855 6558 0
3860 6567 0
3863 6576 0
3865 6582 0
3866 6585 0
3866 6582 0
3867 6578 0
3867 6574 0
3866 6571 0
3863 6569 0
3860 6568 0
3857 6567 0
3854 6566 0
3848 6566 0
3838 6567 0
3825 6569 0
3814 6571 0
3805 6574 0
3799 6577 0
3793 6581 0
3786 6584 0
3780 6586 0
3777 6588 0
3774 6590 0
3772 6593 0
3771 6597 0
3771 6600 0
3770 6603 0
3769 6606 0
3769 6610 0
3769 6616 0
3769 6623 0
3769 6630 0
3768 6636 0
3767 6641 0
3767 6646 0
3768 6650 0
3769 6653 0
3772 6657 0
3776 6661 0
3782 6664 0
3791 6667 0
3804 6669 0
3821 6670 0
3838 6671 0
3855 6672 0
3870 6672 0
.PEN_UP
.PEN_DOWN
3871 6662 0
3874 6663 0
3880 6665 0
3889 6668 0
3900 6672 0
3911 6679 0
3921 6687 0
3929 6696 0
3934 6706 0
3937 6716 0
3938 6727 0
3938 6735 0
3937 6741 0
3936 6745 0
3935 6751 0
3935 6751 0
.PEN_UP
.PEN_DOWN
3866 6669 0
3863 6669 0
3860 6669 0
3856 6669 0
3850 6669 0
3839 6669 0
3821 6669 0
3803 6678 0
3788 6690 0
3774 6704 0
3762 6717 0
3753 6728 0
3749 6738 0
3747 6747 0
3748 6755 0
3752 6760 0
3759 6764 0
3768 6767 0
3786 6769 0
.PEN_UP
.PEN_DOWN
3901 6683 0
3900 6688 0
3897 6695 0
3892 6706 0
3885 6721 0
3875 6736 0
3863 6752 0
3851 6766 0
3835 6780 0
3820 6794 0
3812 6808 0
.PEN_UP
.PEN_DOWN
3753 6523 0
3756 6523 0
3761 6523 0
3771 6523 0
3790 6523 0
3821 6523 0
3859 6523 0
3898 6523 0
3932 6523 0
3963 6522 0
.PEN_UP
