.VERSION 1.0 
.HIERARCHY CHARACTER
.COORD X Y T
.SEGMENT CHARACTER 0-1 OK "29"
.H_LINE 9500 10374
.V_LINE 6500 7250
.X_DIM 750
.Y_DIM 874
.X_POINTS_PER_INCH 1000
.Y_POINTS_PER_INCH 1000
.POINTS_PER_SECOND 125
.COMMENT CALIB X: 162 Y: -155

.WRITER_INFO
 Name: AJIT PADYANA
 WriterId: 18
 Hand: right
 EducationLevel: college graduate
 Gender: male
 Profession: student
 Region: mangalore
 Age: 22
 DeviceType: digimemo a402
 SkillDevice: average
 Language: hindi
 Script: indic
 Native: false
 Style: discrete
 UsageFreq: rarely
 Proficiency: average
 Date: 2007-6-13
 WritingInProfession: no

.PEN_DOWN
7072 9756 0
7069 9762 0
7068 9768 0
7069 9777 0
7072 9787 0
7076 9798 0
7081 9809 0
7086 9819 0
7090 9828 0
7093 9835 0
7095 9839 0
7094 9836 0
7089 9833 0
7082 9830 0
7073 9829 0
7059 9829 0
7046 9831 0
7033 9834 0
7023 9838 0
7015 9843 0
7007 9850 0
6999 9858 0
6993 9866 0
6988 9875 0
6984 9885 0
6981 9896 0
6980 9907 0
6981 9919 0
6987 9930 0
6996 9941 0
7010 9949 0
7026 9956 0
7045 9960 0
7064 9962 0
7081 9963 0
7094 9962 0
7103 9960 0
7110 9955 0
7115 9950 0
7118 9944 0
7120 9939 0
7121 9934 0
7121 9931 0
7120 9928 0
7117 9925 0
7110 9922 0
7101 9921 0
7093 9922 0
7088 9925 0
7085 9928 0
7083 9933 0
7082 9939 0
7083 9947 0
7084 9956 0
7087 9967 0
7089 9977 0
7090 9987 0
7091 9999 0
7092 10010 0
7094 10021 0
7096 10032 0
7098 10043 0
7100 10052 0
7101 10057 0
7102 10060 0
7102 10057 0
7102 10051 0
7101 10042 0
7103 10032 0
.PEN_UP
.PEN_DOWN
6970 9759 0
6978 9757 0
6994 9757 0
7019 9758 0
7049 9760 0
7078 9761 0
7103 9762 0
7125 9763 0
7143 9763 0
7157 9763 0
7169 9762 0
7177 9760 0
.PEN_UP
