.VERSION 1.0 
.HIERARCHY CHARACTER
.COORD X Y T
.SEGMENT CHARACTER 0-1 OK "99"
.H_LINE 2999 3874
.V_LINE 6500 7250
.X_DIM 750
.Y_DIM 874
.X_POINTS_PER_INCH 1000
.Y_POINTS_PER_INCH 1000
.POINTS_PER_SECOND 125
.COMMENT CALIB X: 44 Y: -148

.WRITER_INFO
 Name: AJIT PADYANA
 WriterId: 18
 Hand: right
 EducationLevel: college graduate
 Gender: male
 Profession: student
 Region: mangalore
 Age: 22
 DeviceType: digimemo a402
 SkillDevice: average
 Language: hindi
 Script: indic
 Native: false
 Style: discrete
 UsageFreq: rarely
 Proficiency: average
 Date: 2007-6-13
 WritingInProfession: no

.PEN_DOWN
6787 3269 0
6786 3273 0
6786 3277 0
6786 3280 0
6786 3284 0
6787 3288 0
6788 3293 0
6789 3298 0
6790 3302 0
6791 3306 0
6791 3310 0
6792 3314 0
6793 3318 0
6793 3323 0
6793 3326 0
6793 3330 0
6793 3333 0
6793 3336 0
6790 3336 0
6787 3335 0
6782 3334 0
6777 3333 0
6772 3333 0
6766 3333 0
6758 3334 0
6748 3335 0
6739 3337 0
6732 3339 0
6726 3343 0
6720 3349 0
6714 3356 0
6709 3364 0
6705 3372 0
6702 3380 0
6701 3388 0
6702 3397 0
6705 3405 0
6711 3413 0
6719 3420 0
6730 3427 0
6743 3432 0
6755 3435 0
6765 3437 0
6773 3437 0
6779 3437 0
6784 3436 0
6787 3435 0
6790 3434 0
6793 3433 0
6795 3430 0
6794 3427 0
6792 3424 0
6789 3423 0
6786 3421 0
6783 3420 0
6780 3419 0
6777 3420 0
6772 3425 0
6764 3430 0
6757 3434 0
6752 3437 0
6748 3441 0
6745 3445 0
6742 3449 0
6739 3454 0
6736 3459 0
6734 3463 0
6732 3467 0
6731 3472 0
6731 3478 0
6732 3484 0
6734 3489 0
6736 3494 0
6740 3500 0
6745 3506 0
6750 3512 0
6758 3516 0
6765 3519 0
6772 3520 0
6780 3520 0
6790 3520 0
6799 3520 0
6806 3518 0
6811 3516 0
6814 3514 0
6816 3511 0
6817 3508 0
6817 3505 0
6817 3502 0
6816 3499 0
6813 3499 0
6811 3502 0
6808 3506 0
6806 3510 0
6804 3514 0
6803 3518 0
6802 3523 0
6801 3529 0
6800 3537 0
6799 3546 0
6799 3556 0
6799 3568 0
6799 3579 0
6800 3589 0
6801 3597 0
6802 3603 0
6803 3606 0
6803 3590 0
.PEN_UP
.PEN_DOWN
6736 3282 0
6725 3282 0
6719 3281 0
6715 3281 0
6712 3280 0
6722 3279 0
6738 3278 0
6759 3275 0
6783 3273 0
6804 3272 0
6823 3271 0
6842 3271 0
6861 3270 0
6874 3269 0
6881 3269 0
6885 3269 0
6885 3269 0
.PEN_UP
