.VERSION 1.0 
.HIERARCHY CHARACTER
.COORD X Y T
.SEGMENT CHARACTER 0-1 OK "102"
.H_LINE 4624 5499
.V_LINE 3500 4250
.X_DIM 750
.Y_DIM 874
.X_POINTS_PER_INCH 1000
.Y_POINTS_PER_INCH 1000
.POINTS_PER_SECOND 125
.COMMENT CALIB X: -5 Y: -139

.WRITER_INFO
 Name: AJIT PADYANA
 WriterId: 18
 Hand: right
 EducationLevel: college graduate
 Gender: male
 Profession: student
 Region: mangalore
 Age: 22
 DeviceType: digimemo a402
 SkillDevice: average
 Language: hindi
 Script: indic
 Native: false
 Style: discrete
 UsageFreq: rarely
 Proficiency: average
 Date: 2007-6-13
 WritingInProfession: no

.PEN_DOWN
3823 4872 0
3822 4877 0
3822 4883 0
3822 4893 0
3824 4907 0
3826 4923 0
3828 4939 0
3830 4953 0
3832 4965 0
3834 4973 0
3835 4979 0
3836 4983 0
3835 4979 0
3833 4974 0
3830 4970 0
3826 4966 0
3820 4962 0
3813 4959 0
3806 4957 0
3799 4957 0
3791 4957 0
3784 4957 0
3778 4958 0
3773 4959 0
3768 4961 0
3762 4965 0
3756 4970 0
3750 4975 0
3746 4980 0
3742 4986 0
3738 4993 0
3735 4999 0
3733 5005 0
3732 5011 0
3731 5017 0
3732 5023 0
3733 5027 0
3736 5032 0
3740 5037 0
3745 5042 0
3750 5045 0
3755 5049 0
3761 5052 0
3771 5054 0
3782 5056 0
3792 5056 0
3802 5056 0
3812 5055 0
3821 5053 0
3827 5051 0
3832 5049 0
3834 5046 0
3834 5043 0
3833 5040 0
3830 5038 0
3827 5038 0
3824 5039 0
3822 5042 0
3821 5046 0
3821 5049 0
3821 5053 0
3822 5058 0
3824 5065 0
3827 5074 0
3830 5084 0
3834 5095 0
3838 5107 0
3842 5119 0
3846 5129 0
3849 5137 0
3851 5142 0
3854 5138 0
.PEN_UP
.PEN_DOWN
3672 5057 0
3675 5057 0
3678 5056 0
3683 5055 0
3689 5053 0
3694 5051 0
3698 5049 0
3701 5046 0
3703 5043 0
3704 5040 0
3704 5034 0
3702 5030 0
3699 5028 0
3696 5028 0
3693 5028 0
3690 5029 0
3685 5031 0
3680 5035 0
3676 5038 0
3673 5042 0
3673 5046 0
3674 5050 0
3677 5055 0
3682 5060 0
3689 5063 0
3697 5066 0
3705 5068 0
3713 5070 0
3720 5072 0
3724 5073 0
3723 5076 0
3719 5080 0
3713 5086 0
3706 5091 0
3699 5098 0
3693 5106 0
3687 5114 0
3683 5123 0
3681 5132 0
3681 5140 0
3684 5149 0
3691 5157 0
3702 5162 0
3717 5165 0
3734 5163 0
3750 5158 0
3766 5151 0
3782 5142 0
3796 5130 0
3807 5118 0
3815 5105 0
3821 5092 0
3824 5085 0
3822 5073 0
.PEN_UP
