.VERSION 1.0 
.HIERARCHY CHARACTER
.COORD X Y T
.SEGMENT CHARACTER 0-3 OK "107"
.H_LINE 6249 7124
.V_LINE 3500 4250
.X_DIM 750
.Y_DIM 875
.X_POINTS_PER_INCH 1000
.Y_POINTS_PER_INCH 1000
.POINTS_PER_SECOND 125
.COMMENT CALIB X: -16 Y: -131

.WRITER_INFO
 Name: AJIT PADYANA
 WriterId: 18
 Hand: right
 EducationLevel: college graduate
 Gender: male
 Profession: student
 Region: mangalore
 Age: 22
 DeviceType: digimemo a402
 SkillDevice: average
 Language: hindi
 Script: indic
 Native: false
 Style: discrete
 UsageFreq: rarely
 Proficiency: average
 Date: 2007-6-13
 WritingInProfession: no

.PEN_DOWN
3801 6527 0
3802 6530 0
3803 6534 0
3805 6539 0
3808 6545 0
3811 6551 0
3813 6559 0
3816 6566 0
3818 6572 0
3819 6577 0
3819 6581 0
3818 6576 0
3814 6571 0
3808 6565 0
3801 6560 0
3793 6557 0
3787 6555 0
3782 6554 0
3775 6554 0
3767 6555 0
3758 6556 0
3750 6560 0
3744 6567 0
3738 6574 0
3734 6581 0
3731 6588 0
3730 6596 0
3730 6605 0
3732 6614 0
3737 6622 0
3744 6631 0
3752 6639 0
3762 6645 0
3772 6650 0
3782 6653 0
3791 6655 0
3800 6656 0
3810 6657 0
3818 6658 0
3824 6659 0
3828 6662 0
3832 6665 0
3835 6671 0
3838 6678 0
3841 6685 0
3843 6693 0
3844 6699 0
3845 6705 0
3846 6709 0
3846 6712 0
3839 6713 0
.PEN_UP
.PEN_DOWN
3785 6684 0
3782 6681 0
3778 6680 0
3774 6679 0
3769 6679 0
3764 6681 0
3754 6686 0
3746 6692 0
3738 6701 0
3732 6709 0
3727 6719 0
3724 6728 0
3723 6738 0
3723 6748 0
3726 6756 0
3731 6764 0
3739 6772 0
3751 6778 0
3765 6782 0
3780 6784 0
3794 6783 0
3808 6781 0
3822 6772 0
3836 6768 0
.PEN_UP
.PEN_DOWN
3793 6672 0
3791 6676 0
3789 6681 0
3785 6689 0
3779 6700 0
3772 6713 0
3765 6728 0
3758 6744 0
3748 6763 0
3739 6779 0
3729 6794 0
3720 6809 0
3713 6822 0
3708 6832 0
3705 6839 0
3703 6843 0
3705 6836 0
.PEN_UP
.PEN_DOWN
3754 6517 0
3757 6520 0
3765 6521 0
3779 6522 0
3802 6524 0
3829 6524 0
3857 6524 0
3881 6524 0
3900 6522 0
3914 6521 0
3925 6514 0
3932 6513 0
.PEN_UP
