.VERSION 1.0 
.HIERARCHY CHARACTER
.COORD X Y T
.SEGMENT CHARACTER 0-3 OK "47"
.H_LINE 6249 7124
.V_LINE 3500 4250
.X_DIM 750
.Y_DIM 875
.X_POINTS_PER_INCH 1000
.Y_POINTS_PER_INCH 1000
.POINTS_PER_SECOND 125
.COMMENT CALIB X: -45 Y: -117

.WRITER_INFO
 Name: SRIVATSA PRAKASH
 WriterId: 25
 Hand: right
 EducationLevel: college graduate
 Gender: male
 Profession: student
 Region: bangalore
 Age: 22
 DeviceType: digimemo a402
 SkillDevice: average
 Language: hindi
 Script: indic
 Native: false
 Style: discrete
 UsageFreq: once a month
 Proficiency: average
 Date: 2007-6-14
 WritingInProfession: no

.PEN_DOWN
3750 6715 0
3750 6719 0
3751 6725 0
3753 6732 0
3757 6739 0
3762 6746 0
3769 6752 0
3777 6757 0
3787 6761 0
3798 6762 0
3812 6761 0
3828 6758 0
3843 6753 0
3854 6747 0
3862 6741 0
3866 6733 0
3867 6724 0
3865 6713 0
3861 6700 0
3853 6686 0
3843 6675 0
3832 6667 0
3821 6662 0
3812 6660 0
3805 6659 0
3802 6659 0
3805 6659 0
3810 6658 0
3819 6657 0
3832 6656 0
3847 6654 0
3862 6652 0
3877 6649 0
3893 6645 0
3909 6641 0
3923 6639 0
3935 6635 0
.PEN_UP
.PEN_DOWN
3923 6564 0
3924 6569 0
3925 6579 0
3927 6594 0
3929 6613 0
3932 6634 0
3935 6658 0
3937 6682 0
3939 6704 0
3942 6724 0
3944 6739 0
3946 6750 0
3947 6757 0
3947 6762 0
.PEN_UP
.PEN_DOWN
3740 6698 0
3737 6696 0
3737 6699 0
3741 6704 0
3747 6710 0
3754 6717 0
3763 6725 0
3775 6733 0
3787 6742 0
3799 6752 0
3811 6761 0
3820 6771 0
3827 6781 0
3832 6791 0
3835 6799 0
3834 6806 0
3831 6813 0
3827 6820 0
3822 6825 0
3818 6829 0
3816 6832 0
3816 6829 0
3818 6826 0
.PEN_UP
.PEN_DOWN
3765 6557 0
3770 6557 0
3781 6558 0
3796 6558 0
3816 6558 0
3843 6558 0
3872 6556 0
3906 6554 0
3935 6552 0
3963 6550 0
3993 6548 0
4029 6548 0
.PEN_UP
