.VERSION 1.0 
.HIERARCHY CHARACTER
.COORD X Y T
.SEGMENT CHARACTER 0-1 OK "94"
.H_LINE 1374 2249
.V_LINE 6500 7250
.X_DIM 750
.Y_DIM 874
.X_POINTS_PER_INCH 1000
.Y_POINTS_PER_INCH 1000
.POINTS_PER_SECOND 125
.COMMENT CALIB X: -17 Y: -166

.WRITER_INFO
 Name: SRIVATSA PRAKASH
 WriterId: 25
 Hand: right
 EducationLevel: college graduate
 Gender: male
 Profession: student
 Region: bangalore
 Age: 22
 DeviceType: digimemo a402
 SkillDevice: average
 Language: hindi
 Script: indic
 Native: false
 Style: discrete
 UsageFreq: once a month
 Proficiency: average
 Date: 2007-6-14
 WritingInProfession: no

.PEN_DOWN
6897 1767 0
6893 1767 0
6890 1766 0
6887 1765 0
6882 1765 0
6873 1764 0
6861 1763 0
6845 1762 0
6828 1760 0
6812 1757 0
6797 1755 0
6786 1753 0
6778 1750 0
6774 1747 0
6771 1744 0
6770 1741 0
6770 1738 0
6771 1735 0
6774 1732 0
6781 1729 0
6791 1726 0
6800 1725 0
6809 1725 0
6821 1727 0
6833 1730 0
6843 1734 0
6850 1738 0
6855 1743 0
6856 1747 0
6854 1750 0
6850 1755 0
6840 1759 0
6829 1763 0
6817 1768 0
6803 1775 0
6790 1782 0
6779 1789 0
6770 1797 0
6764 1804 0
6760 1812 0
6757 1819 0
6757 1826 0
6758 1832 0
6760 1839 0
6764 1844 0
6772 1848 0
6782 1850 0
6795 1849 0
6810 1847 0
6828 1843 0
6845 1838 0
6859 1833 0
6869 1825 0
6875 1817 0
6876 1809 0
6875 1803 0
6872 1799 0
6869 1798 0
6866 1800 0
6862 1805 0
6859 1811 0
6858 1819 0
6858 1828 0
6859 1837 0
6861 1848 0
6866 1860 0
6873 1873 0
6880 1886 0
6886 1896 0
6891 1905 0
6895 1913 0
6898 1917 0
6900 1920 0
6903 1916 0
.PEN_UP
.PEN_DOWN
6755 1680 0
6760 1680 0
6770 1680 0
6787 1680 0
6812 1680 0
6847 1679 0
6885 1677 0
6920 1675 0
6948 1672 0
6970 1670 0
6984 1668 0
6991 1667 0
6995 1667 0
6996 1673 0
.PEN_UP
