.VERSION 1.0 
.HIERARCHY CHARACTER
.COORD X Y T
.SEGMENT CHARACTER 0-3 OK "96"
.H_LINE 2999 3874
.V_LINE 1999 2749
.X_DIM 749
.Y_DIM 874
.X_POINTS_PER_INCH 1000
.Y_POINTS_PER_INCH 1000
.POINTS_PER_SECOND 125
.COMMENT CALIB X: -48 Y: -121

.WRITER_INFO
 Name: SRIVATSA PRAKASH
 WriterId: 25
 Hand: right
 EducationLevel: college graduate
 Gender: male
 Profession: student
 Region: bangalore
 Age: 22
 DeviceType: digimemo a402
 SkillDevice: average
 Language: hindi
 Script: indic
 Native: false
 Style: discrete
 UsageFreq: once a month
 Proficiency: average
 Date: 2007-6-14
 WritingInProfession: no

.PEN_DOWN
2229 3418 0
2226 3419 0
2229 3422 0
2234 3424 0
2241 3423 0
2253 3423 0
2268 3422 0
2284 3420 0
2302 3419 0
2317 3419 0
2329 3420 0
2339 3424 0
.PEN_UP
.PEN_DOWN
2288 3520 0
2287 3515 0
2286 3510 0
2286 3506 0
2285 3501 0
2284 3495 0
2282 3487 0
2279 3479 0
2276 3471 0
2273 3460 0
2270 3450 0
2267 3439 0
2265 3432 0
2264 3428 0
2265 3425 0
2268 3425 0
2274 3426 0
2284 3426 0
2301 3427 0
2321 3427 0
2343 3428 0
2365 3429 0
2382 3429 0
2394 3429 0
2402 3430 0
2406 3430 0
2407 3433 0
2408 3437 0
2409 3442 0
2410 3451 0
2411 3462 0
2413 3474 0
2415 3485 0
2417 3495 0
2418 3503 0
2419 3509 0
2420 3513 0
2417 3510 0
2415 3505 0
2412 3498 0
2408 3489 0
2405 3478 0
2404 3463 0
2403 3447 0
2401 3430 0
2400 3414 0
2399 3399 0
2398 3386 0
2397 3372 0
2395 3358 0
2392 3347 0
2390 3337 0
2388 3330 0
2386 3325 0
2386 3325 0
.PEN_UP
.PEN_DOWN
2270 3318 0
2274 3318 0
2281 3319 0
2293 3319 0
2312 3318 0
2342 3317 0
2373 3316 0
2402 3314 0
2427 3312 0
2448 3311 0
2464 3310 0
2477 3310 0
2484 3310 0
2487 3310 0
2484 3315 0
2480 3321 0
.PEN_UP
.PEN_DOWN
2431 3481 0
2430 3477 0
2429 3473 0
2428 3465 0
2427 3455 0
2427 3444 0
2428 3432 0
2431 3421 0
2435 3413 0
2441 3408 0
2447 3404 0
2454 3403 0
2461 3405 0
2466 3409 0
2471 3416 0
2475 3425 0
2479 3435 0
2482 3445 0
2484 3455 0
2486 3464 0
2489 3472 0
2490 3478 0
2491 3484 0
2491 3488 0
2491 3491 0
2491 3491 0
.PEN_UP
