.VERSION 1.0 
.HIERARCHY CHARACTER
.COORD X Y T
.SEGMENT CHARACTER 0-2 OK "97"
.H_LINE 2999 3874
.V_LINE 3500 4250
.X_DIM 750
.Y_DIM 874
.X_POINTS_PER_INCH 1000
.Y_POINTS_PER_INCH 1000
.POINTS_PER_SECOND 125
.COMMENT CALIB X: -30 Y: -133

.WRITER_INFO
 Name: SRIVATSA PRAKASH
 WriterId: 25
 Hand: right
 EducationLevel: college graduate
 Gender: male
 Profession: student
 Region: bangalore
 Age: 22
 DeviceType: digimemo a402
 SkillDevice: average
 Language: hindi
 Script: indic
 Native: false
 Style: discrete
 UsageFreq: once a month
 Proficiency: average
 Date: 2007-6-14
 WritingInProfession: no

.PEN_DOWN
3898 3321 0
3894 3317 0
3891 3314 0
3890 3317 0
3890 3323 0
3892 3330 0
3894 3338 0
3897 3347 0
3900 3355 0
3902 3362 0
3904 3368 0
3906 3373 0
3908 3377 0
3904 3372 0
3898 3368 0
3887 3366 0
3873 3364 0
3858 3364 0
3845 3365 0
3833 3367 0
3823 3370 0
3815 3373 0
3809 3377 0
3804 3382 0
3801 3388 0
3799 3394 0
3798 3401 0
3798 3411 0
3800 3420 0
3803 3429 0
3807 3437 0
3811 3443 0
3816 3448 0
3822 3452 0
3832 3453 0
3847 3452 0
3862 3452 0
3875 3450 0
3887 3448 0
3896 3447 0
3903 3446 0
3906 3445 0
3908 3448 0
.PEN_UP
.PEN_DOWN
3850 3463 0
3853 3467 0
3855 3472 0
3857 3478 0
3860 3483 0
3864 3490 0
3867 3496 0
3870 3501 0
3872 3506 0
3874 3509 0
3871 3508 0
3866 3506 0
3859 3504 0
3851 3502 0
3842 3501 0
3834 3501 0
3826 3502 0
3819 3502 0
3813 3503 0
3809 3505 0
3804 3508 0
3800 3512 0
3797 3515 0
3795 3519 0
3794 3523 0
3794 3526 0
3795 3529 0
3797 3532 0
3801 3534 0
3804 3536 0
3808 3538 0
3815 3540 0
3827 3541 0
3839 3542 0
3854 3542 0
3869 3542 0
3884 3540 0
3897 3539 0
3908 3537 0
3918 3534 0
3927 3532 0
.PEN_UP
.PEN_DOWN
3793 3291 0
3788 3291 0
3784 3290 0
3781 3290 0
3784 3291 0
3788 3292 0
3794 3292 0
3807 3292 0
3830 3292 0
3863 3290 0
3898 3288 0
3928 3287 0
3953 3286 0
3971 3286 0
.PEN_UP
