.VERSION 1.0 
.HIERARCHY CHARACTER
.COORD X Y T
.SEGMENT CHARACTER 0-1 OK "27"
.H_LINE 9500 10374
.V_LINE 3500 4250
.X_DIM 750
.Y_DIM 874
.X_POINTS_PER_INCH 1000
.Y_POINTS_PER_INCH 1000
.POINTS_PER_SECOND 125
.COMMENT CALIB X: -267 Y: 69

.WRITER_INFO
 Name: GOVIND
 WriterId: 84
 Hand: right
 EducationLevel: college graduate
 Gender: male
 Profession: student
 Region: kannur
 Age: 21
 DeviceType: digimemo a402
 SkillDevice: average
 Language: hindi
 Script: indic
 Native: false
 Style: discrete
 UsageFreq: once a month
 Proficiency: average
 Date: 2007-6-30
 WritingInProfession: no

.PEN_DOWN
3746 9966 0
3745 9962 0
3744 9959 0
3743 9955 0
3743 9952 0
3742 9949 0
3741 9945 0
3740 9940 0
3738 9935 0
3736 9929 0
3733 9920 0
3729 9911 0
3727 9904 0
3725 9898 0
3724 9894 0
3724 9891 0
3725 9888 0
3725 9885 0
3728 9881 0
3731 9878 0
3734 9874 0
3738 9870 0
3743 9866 0
3750 9862 0
3757 9859 0
3767 9856 0
3778 9854 0
3790 9851 0
3803 9848 0
3818 9846 0
3830 9844 0
3843 9842 0
3854 9839 0
3862 9837 0
3868 9835 0
3872 9832 0
3875 9829 0
3877 9825 0
3879 9822 0
3879 9819 0
3879 9815 0
3879 9811 0
3879 9807 0
3877 9802 0
3875 9796 0
3873 9789 0
3872 9782 0
3870 9776 0
3869 9770 0
3868 9767 0
3866 9771 0
3866 9776 0
3866 9785 0
3866 9797 0
3866 9810 0
3867 9824 0
3867 9836 0
3866 9850 0
3866 9866 0
3867 9880 0
3868 9894 0
3868 9909 0
3868 9922 0
3869 9935 0
3869 9947 0
3869 9959 0
3867 9970 0
3866 9978 0
3866 9982 0
3864 9977 0
3859 9972 0
3856 9966 0
.PEN_UP
.PEN_DOWN
3720 9792 0
3719 9789 0
3720 9786 0
3724 9783 0
3728 9781 0
3733 9778 0
3740 9776 0
3750 9773 0
3764 9770 0
3781 9768 0
3805 9764 0
3835 9761 0
3862 9759 0
3885 9755 0
3906 9753 0
3923 9750 0
3935 9748 0
3944 9746 0
3950 9745 0
3955 9744 0
3958 9743 0
3961 9743 0
3961 9739 0
.PEN_UP
