.VERSION 1.0 
.HIERARCHY CHARACTER
.COORD X Y T
.SEGMENT CHARACTER 0-1 OK "30"
.H_LINE 1374 2249
.V_LINE 499 1250
.X_DIM 750
.Y_DIM 874
.X_POINTS_PER_INCH 1000
.Y_POINTS_PER_INCH 1000
.POINTS_PER_SECOND 125
.COMMENT CALIB X: -144 Y: 51

.WRITER_INFO
 Name: GOVIND
 WriterId: 84
 Hand: right
 EducationLevel: college graduate
 Gender: male
 Profession: student
 Region: kannur
 Age: 21
 DeviceType: digimemo a402
 SkillDevice: average
 Language: hindi
 Script: indic
 Native: false
 Style: discrete
 UsageFreq: once a month
 Proficiency: average
 Date: 2007-6-30
 WritingInProfession: no

.PEN_DOWN
642 1775 0
645 1774 0
648 1773 0
652 1771 0
656 1767 0
662 1763 0
668 1758 0
674 1751 0
679 1744 0
684 1738 0
688 1732 0
691 1726 0
693 1721 0
694 1715 0
694 1710 0
693 1706 0
692 1703 0
689 1700 0
685 1700 0
679 1701 0
672 1704 0
665 1709 0
659 1715 0
652 1724 0
647 1734 0
643 1743 0
641 1752 0
640 1761 0
639 1771 0
640 1779 0
642 1786 0
644 1792 0
648 1796 0
652 1799 0
658 1801 0
664 1803 0
672 1804 0
682 1804 0
691 1804 0
699 1803 0
705 1801 0
709 1800 0
712 1800 0
707 1804 0
701 1809 0
695 1815 0
689 1821 0
684 1829 0
680 1838 0
676 1847 0
673 1855 0
672 1862 0
672 1868 0
673 1873 0
674 1877 0
676 1880 0
679 1883 0
683 1885 0
690 1886 0
700 1887 0
711 1888 0
724 1888 0
738 1885 0
752 1880 0
765 1874 0
778 1866 0
790 1857 0
800 1848 0
807 1837 0
812 1824 0
815 1809 0
817 1792 0
818 1774 0
819 1757 0
820 1743 0
821 1733 0
821 1726 0
821 1721 0
820 1718 0
819 1722 0
819 1729 0
819 1739 0
819 1750 0
819 1764 0
819 1779 0
818 1792 0
818 1806 0
817 1819 0
817 1831 0
817 1842 0
817 1853 0
817 1862 0
817 1869 0
817 1873 0
818 1876 0
818 1873 0
817 1867 0
.PEN_UP
.PEN_DOWN
778 1705 0
774 1704 0
776 1701 0
779 1699 0
785 1698 0
793 1695 0
803 1693 0
814 1691 0
825 1688 0
836 1685 0
845 1683 0
852 1681 0
859 1679 0
869 1678 0
.PEN_UP
