.VERSION 1.0 
.HIERARCHY CHARACTER
.COORD X Y T
.SEGMENT CHARACTER 0 OK "49"
.H_LINE 6249 7124
.V_LINE 6500 7250
.X_DIM 750
.Y_DIM 875
.X_POINTS_PER_INCH 1000
.Y_POINTS_PER_INCH 1000
.POINTS_PER_SECOND 125
.COMMENT CALIB X: 32 Y: -61

.WRITER_INFO
 Name: GOVIND
 WriterId: 84
 Hand: right
 EducationLevel: college graduate
 Gender: male
 Profession: student
 Region: kannur
 Age: 21
 DeviceType: digimemo a402
 SkillDevice: average
 Language: hindi
 Script: indic
 Native: false
 Style: discrete
 UsageFreq: once a month
 Proficiency: average
 Date: 2007-6-30
 WritingInProfession: no

.PEN_DOWN
7015 6505 0
7019 6505 0
7022 6500 0
7024 6497 0
7026 6494 0
7027 6490 0
7028 6487 0
7030 6484 0
7031 6480 0
7033 6476 0
7034 6471 0
7035 6467 0
7036 6463 0
7037 6459 0
7038 6454 0
7038 6449 0
7038 6445 0
7038 6441 0
7037 6438 0
7037 6434 0
7036 6430 0
7034 6426 0
7032 6423 0
7030 6418 0
7027 6412 0
7024 6408 0
7021 6404 0
7017 6401 0
7012 6399 0
7006 6397 0
7001 6396 0
6995 6397 0
6988 6398 0
6982 6399 0
6977 6400 0
6973 6401 0
6968 6403 0
6963 6407 0
6958 6410 0
6953 6414 0
6948 6419 0
6944 6424 0
6940 6428 0
6937 6432 0
6934 6436 0
6931 6441 0
6928 6446 0
6925 6451 0
6922 6455 0
6920 6460 0
6918 6465 0
6917 6470 0
6916 6476 0
6915 6481 0
6914 6487 0
6914 6492 0
6913 6498 0
6912 6505 0
6912 6513 0
6912 6520 0
6911 6526 0
6911 6532 0
6911 6538 0
6911 6544 0
6911 6552 0
6912 6560 0
6913 6569 0
6914 6579 0
6915 6589 0
6915 6598 0
6915 6608 0
6915 6619 0
6915 6630 0
6915 6640 0
6915 6651 0
6915 6663 0
6915 6676 0
6916 6689 0
6916 6701 0
6915 6710 0
6915 6718 0
6914 6725 0
6914 6732 0
6914 6738 0
6914 6745 0
6914 6751 0
6914 6757 0
6914 6763 0
6914 6769 0
6914 6772 0
6913 6775 0
6910 6774 0
.PEN_UP
