.VERSION 1.0 
.HIERARCHY CHARACTER
.COORD X Y T
.SEGMENT CHARACTER 0-1 OK "65"
.H_LINE 2999 3874
.V_LINE 499 1250
.X_DIM 750
.Y_DIM 874
.X_POINTS_PER_INCH 1000
.Y_POINTS_PER_INCH 1000
.POINTS_PER_SECOND 125
.COMMENT CALIB X: 56 Y: -133

.WRITER_INFO
 Name: GOVIND
 WriterId: 84
 Hand: right
 EducationLevel: college graduate
 Gender: male
 Profession: student
 Region: kannur
 Age: 21
 DeviceType: digimemo a402
 SkillDevice: average
 Language: hindi
 Script: indic
 Native: false
 Style: discrete
 UsageFreq: once a month
 Proficiency: average
 Date: 2007-6-30
 WritingInProfession: no

.PEN_DOWN
942 3195 0
944 3200 0
946 3206 0
948 3214 0
950 3226 0
952 3240 0
954 3256 0
957 3273 0
960 3293 0
962 3312 0
964 3330 0
966 3348 0
969 3361 0
971 3370 0
973 3377 0
974 3381 0
975 3375 0
975 3367 0
974 3359 0
973 3345 0
971 3330 0
968 3315 0
966 3302 0
964 3291 0
961 3280 0
958 3271 0
954 3264 0
950 3259 0
946 3255 0
940 3252 0
932 3249 0
924 3248 0
915 3248 0
906 3248 0
898 3249 0
889 3251 0
880 3253 0
872 3256 0
865 3260 0
859 3264 0
854 3270 0
850 3276 0
847 3282 0
845 3287 0
844 3292 0
843 3297 0
842 3301 0
842 3305 0
842 3309 0
843 3312 0
845 3316 0
848 3319 0
851 3322 0
855 3325 0
860 3327 0
866 3328 0
875 3329 0
886 3328 0
898 3326 0
911 3324 0
924 3321 0
935 3317 0
946 3310 0
957 3303 0
966 3297 0
973 3290 0
981 3282 0
991 3274 0
1000 3267 0
1007 3262 0
1013 3257 0
1019 3254 0
1024 3251 0
1029 3249 0
1032 3248 0
1035 3248 0
1034 3251 0
1034 3251 0
.PEN_UP
.PEN_DOWN
847 3203 0
850 3201 0
854 3200 0
858 3199 0
863 3198 0
869 3196 0
880 3195 0
895 3193 0
914 3191 0
938 3188 0
964 3185 0
988 3182 0
1007 3179 0
1021 3177 0
1030 3175 0
1035 3174 0
1038 3173 0
1038 3173 0
.PEN_UP
