.VERSION 1.0 
.HIERARCHY CHARACTER
.COORD X Y T
.SEGMENT CHARACTER 0-1 OK "80"
.H_LINE 7874 8750
.V_LINE 499 1250
.X_DIM 750
.Y_DIM 875
.X_POINTS_PER_INCH 1000
.Y_POINTS_PER_INCH 1000
.POINTS_PER_SECOND 125
.COMMENT CALIB X: -132 Y: 19

.WRITER_INFO
 Name: GOVIND
 WriterId: 84
 Hand: right
 EducationLevel: college graduate
 Gender: male
 Profession: student
 Region: kannur
 Age: 21
 DeviceType: digimemo a402
 SkillDevice: average
 Language: hindi
 Script: indic
 Native: false
 Style: discrete
 UsageFreq: once a month
 Proficiency: average
 Date: 2007-6-30
 WritingInProfession: no

.PEN_DOWN
689 8332 0
688 8329 0
687 8325 0
686 8321 0
686 8317 0
686 8314 0
682 8311 0
679 8312 0
677 8318 0
675 8327 0
673 8337 0
671 8346 0
671 8354 0
671 8363 0
673 8370 0
676 8376 0
680 8382 0
684 8387 0
690 8392 0
698 8396 0
707 8399 0
717 8400 0
728 8400 0
740 8397 0
751 8393 0
762 8387 0
771 8381 0
779 8375 0
785 8367 0
789 8360 0
791 8353 0
792 8344 0
792 8332 0
793 8319 0
793 8307 0
793 8299 0
792 8293 0
791 8289 0
788 8290 0
787 8293 0
786 8300 0
786 8308 0
787 8317 0
786 8329 0
786 8342 0
786 8355 0
785 8368 0
783 8384 0
781 8402 0
779 8420 0
779 8438 0
779 8453 0
780 8467 0
780 8482 0
781 8494 0
781 8502 0
782 8508 0
782 8511 0
783 8507 0
783 8500 0
782 8490 0
782 8476 0
783 8460 0
784 8447 0
785 8436 0
787 8425 0
790 8416 0
794 8407 0
801 8399 0
808 8391 0
815 8385 0
821 8381 0
827 8378 0
832 8376 0
836 8375 0
840 8376 0
844 8377 0
847 8379 0
850 8383 0
853 8388 0
855 8394 0
857 8399 0
859 8404 0
861 8409 0
862 8414 0
863 8417 0
863 8420 0
862 8424 0
860 8419 0
.PEN_UP
.PEN_DOWN
595 8286 0
597 8289 0
600 8290 0
605 8290 0
614 8289 0
628 8286 0
648 8283 0
676 8279 0
713 8275 0
752 8272 0
791 8268 0
824 8264 0
848 8260 0
866 8257 0
879 8255 0
887 8253 0
891 8252 0
894 8251 0
894 8251 0
.PEN_UP
