.VERSION 1.0 
.HIERARCHY CHARACTER
.COORD X Y T
.SEGMENT CHARACTER 0-1 OK "101"
.H_LINE 4624 5499
.V_LINE 1999 2749
.X_DIM 749
.Y_DIM 874
.X_POINTS_PER_INCH 1000
.Y_POINTS_PER_INCH 1000
.POINTS_PER_SECOND 125
.COMMENT CALIB X: 22 Y: -96

.WRITER_INFO
 Name: GOVIND
 WriterId: 84
 Hand: right
 EducationLevel: college graduate
 Gender: male
 Profession: student
 Region: kannur
 Age: 21
 DeviceType: digimemo a402
 SkillDevice: average
 Language: hindi
 Script: indic
 Native: false
 Style: discrete
 UsageFreq: once a month
 Proficiency: average
 Date: 2007-6-30
 WritingInProfession: no

.PEN_DOWN
2414 4917 0
2414 4913 0
2414 4910 0
2415 4915 0
2416 4922 0
2417 4930 0
2418 4938 0
2421 4944 0
2423 4950 0
2425 4954 0
2426 4957 0
2425 4954 0
2421 4951 0
2416 4950 0
2408 4950 0
2397 4952 0
2387 4955 0
2377 4959 0
2368 4964 0
2361 4969 0
2355 4974 0
2351 4978 0
2349 4981 0
2349 4985 0
2349 4988 0
2351 4991 0
2354 4994 0
2358 4996 0
2363 4998 0
2370 4999 0
2380 5001 0
2393 5002 0
2403 5002 0
2410 5003 0
2414 5003 0
2411 5003 0
2408 5003 0
2403 5004 0
2396 5007 0
2389 5010 0
2382 5015 0
2375 5020 0
2369 5026 0
2361 5033 0
2356 5039 0
2353 5045 0
2352 5050 0
2352 5055 0
2353 5059 0
2356 5062 0
2360 5065 0
2366 5069 0
2373 5072 0
2384 5073 0
2398 5074 0
2415 5073 0
2434 5070 0
2451 5066 0
2466 5062 0
2478 5057 0
2489 5050 0
2497 5044 0
2502 5038 0
2507 5031 0
2510 5024 0
2514 5017 0
2517 5006 0
2520 4995 0
2522 4982 0
2523 4970 0
2524 4959 0
2523 4951 0
2522 4945 0
2521 4941 0
2519 4938 0
2518 4941 0
2518 4947 0
2518 4955 0
2516 4964 0
2517 4974 0
2517 4984 0
2517 4994 0
2517 5004 0
2517 5014 0
2517 5024 0
2517 5034 0
2517 5043 0
2517 5052 0
2518 5062 0
2518 5069 0
2518 5074 0
2518 5071 0
2518 5062 0
.PEN_UP
.PEN_DOWN
2320 4886 0
2317 4886 0
2314 4886 0
2311 4886 0
2314 4889 0
2320 4891 0
2330 4893 0
2344 4894 0
2364 4895 0
2388 4896 0
2415 4898 0
2442 4899 0
2468 4900 0
2489 4900 0
2506 4899 0
2522 4897 0
2536 4896 0
2548 4895 0
2557 4894 0
2562 4894 0
2565 4894 0
2556 4896 0
.PEN_UP
