.VERSION 1.0 
.HIERARCHY CHARACTER
.COORD X Y T
.SEGMENT CHARACTER 0-1 OK "18"
.H_LINE 6249 7124
.V_LINE 5000 5750
.X_DIM 750
.Y_DIM 875
.X_POINTS_PER_INCH 1000
.Y_POINTS_PER_INCH 1000
.POINTS_PER_SECOND 125
.COMMENT CALIB X: 36 Y: -97

.WRITER_INFO
 Name: KALYAN
 WriterId: 0
 Hand: right
 EducationLevel: post graduate
 Gender: male
 Profession: student
 Region: puttaparthi
 Age: 23
 DeviceType: digimemo a402
 SkillDevice: average
 Language: hindi
 Script: indic
 Native: false
 Style: discrete
 UsageFreq: rarely
 Proficiency: poor
 Date: 2006-6-6
 WritingInProfession: no

.PEN_DOWN
5332 6582 0
5322 6581 0
5317 6580 0
5314 6579 0
5311 6578 0
5302 6580 0
5292 6583 0
5279 6590 0
5263 6598 0
5249 6608 0
5235 6618 0
5223 6631 0
5212 6645 0
5206 6657 0
5204 6667 0
5205 6676 0
5210 6681 0
5218 6685 0
5226 6687 0
5236 6685 0
5247 6681 0
5257 6676 0
5262 6674 0
5265 6671 0
5262 6674 0
5259 6677 0
5255 6683 0
5252 6692 0
5250 6702 0
5247 6713 0
5245 6724 0
5245 6734 0
5247 6742 0
5250 6749 0
5255 6754 0
5259 6758 0
5264 6760 0
5270 6760 0
5276 6760 0
5283 6758 0
5293 6754 0
5305 6748 0
5319 6742 0
5332 6733 0
5344 6725 0
5354 6718 0
5363 6708 0
5371 6698 0
5378 6684 0
5388 6668 0
5397 6654 0
5404 6642 0
5409 6633 0
5412 6627 0
5413 6623 0
5413 6620 0
5412 6617 0
5409 6615 0
5402 6613 0
5391 6613 0
5381 6613 0
5373 6615 0
5365 6619 0
5354 6626 0
5347 6633 0
5343 6641 0
5341 6648 0
5342 6652 0
5346 6654 0
5350 6653 0
5357 6650 0
5367 6641 0
5382 6631 0
5396 6621 0
5406 6612 0
5412 6602 0
5418 6592 0
5421 6579 0
5423 6566 0
5424 6554 0
5421 6544 0
5418 6538 0
5415 6541 0
5414 6548 0
5413 6553 0
.PEN_UP
.PEN_DOWN
5307 6520 0
5312 6517 0
5327 6512 0
5352 6508 0
5389 6505 0
5433 6499 0
5475 6494 0
5509 6491 0
5535 6490 0
5557 6490 0
.PEN_UP
