.VERSION 1.0 
.HIERARCHY CHARACTER
.COORD X Y T
.SEGMENT CHARACTER 0-2 OK "66"
.H_LINE 2999 3874
.V_LINE 1999 2749
.X_DIM 749
.Y_DIM 874
.X_POINTS_PER_INCH 1000
.Y_POINTS_PER_INCH 1000
.POINTS_PER_SECOND 125
.COMMENT CALIB X: 3 Y: -92

.WRITER_INFO
 Name: KALYAN
 WriterId: 0
 Hand: right
 EducationLevel: post graduate
 Gender: male
 Profession: student
 Region: puttaparthi
 Age: 23
 DeviceType: digimemo a402
 SkillDevice: average
 Language: hindi
 Script: indic
 Native: false
 Style: discrete
 UsageFreq: rarely
 Proficiency: poor
 Date: 2006-6-6
 WritingInProfession: no

.PEN_DOWN
2176 3478 0
2170 3474 0
2168 3469 0
2168 3462 0
2170 3457 0
2172 3452 0
2177 3448 0
2185 3442 0
2194 3438 0
2205 3437 0
2215 3440 0
2224 3444 0
2231 3453 0
2236 3462 0
2240 3472 0
2242 3481 0
2243 3488 0
2243 3494 0
2242 3500 0
2240 3505 0
2238 3512 0
2235 3519 0
2229 3527 0
2222 3534 0
2216 3538 0
2213 3541 0
2210 3543 0
2207 3544 0
2204 3543 0
2198 3545 0
2189 3547 0
2181 3548 0
2175 3549 0
2172 3550 0
2175 3553 0
2177 3557 0
2181 3561 0
2186 3566 0
2192 3572 0
2198 3577 0
2205 3581 0
2213 3587 0
2220 3592 0
2228 3598 0
2234 3604 0
2241 3610 0
2246 3614 0
2250 3618 0
2253 3619 0
2251 3614 0
.PEN_UP
.PEN_DOWN
2297 3540 0
2297 3531 0
2297 3525 0
2294 3524 0
2291 3525 0
2288 3529 0
2284 3534 0
2280 3541 0
2276 3550 0
2272 3558 0
2269 3565 0
2268 3569 0
2269 3572 0
2273 3573 0
2278 3572 0
2286 3569 0
2294 3563 0
2301 3558 0
2313 3553 0
.PEN_UP
.PEN_DOWN
2199 3401 0
2204 3400 0
2214 3398 0
2229 3397 0
2247 3396 0
2265 3395 0
2285 3395 0
2305 3396 0
2327 3396 0
2347 3396 0
2364 3398 0
2378 3398 0
2386 3398 0
2390 3398 0
2385 3398 0
2377 3389 0
.PEN_UP
