.VERSION 1.0 
.HIERARCHY CHARACTER
.COORD X Y T
.SEGMENT CHARACTER 0-2 OK "105"
.H_LINE 6249 7124
.V_LINE 499 1250
.X_DIM 750
.Y_DIM 875
.X_POINTS_PER_INCH 1000
.Y_POINTS_PER_INCH 1000
.POINTS_PER_SECOND 125
.COMMENT CALIB X: 1 Y: -133

.WRITER_INFO
 Name: KALYAN
 WriterId: 0
 Hand: right
 EducationLevel: post graduate
 Gender: male
 Profession: student
 Region: puttaparthi
 Age: 23
 DeviceType: digimemo a402
 SkillDevice: average
 Language: hindi
 Script: indic
 Native: false
 Style: discrete
 UsageFreq: rarely
 Proficiency: poor
 Date: 2006-6-6
 WritingInProfession: no

.PEN_DOWN
768 6537 0
768 6540 0
768 6543 0
769 6548 0
770 6556 0
771 6569 0
770 6586 0
771 6604 0
770 6622 0
770 6636 0
769 6645 0
769 6649 0
767 6645 0
764 6640 0
760 6633 0
754 6629 0
743 6629 0
733 6630 0
724 6634 0
716 6642 0
707 6652 0
701 6662 0
697 6672 0
694 6681 0
692 6690 0
692 6698 0
694 6704 0
698 6709 0
705 6712 0
714 6714 0
722 6715 0
730 6717 0
737 6718 0
744 6720 0
750 6722 0
754 6725 0
756 6728 0
757 6731 0
758 6735 0
759 6738 0
761 6741 0
760 6744 0
759 6740 0
757 6737 0
756 6734 0
752 6731 0
748 6728 0
743 6726 0
738 6725 0
733 6725 0
728 6727 0
722 6731 0
717 6737 0
707 6745 0
697 6755 0
689 6764 0
682 6773 0
677 6781 0
673 6787 0
673 6792 0
674 6797 0
677 6802 0
682 6805 0
688 6808 0
698 6810 0
710 6810 0
722 6809 0
735 6805 0
746 6801 0
754 6797 0
764 6790 0
.PEN_UP
.PEN_DOWN
864 6601 0
866 6598 0
869 6595 0
872 6594 0
873 6600 0
874 6612 0
873 6629 0
870 6651 0
862 6673 0
852 6695 0
839 6715 0
823 6733 0
810 6743 0
799 6750 0
793 6752 0
788 6751 0
784 6747 0
782 6739 0
781 6729 0
782 6722 0
783 6715 0
789 6709 0
797 6707 0
808 6708 0
821 6708 0
837 6706 0
854 6700 0
872 6691 0
892 6678 0
910 6665 0
927 6650 0
941 6635 0
952 6621 0
957 6610 0
960 6598 0
962 6587 0
962 6580 0
962 6577 0
959 6588 0
953 6608 0
948 6636 0
939 6668 0
930 6698 0
922 6722 0
917 6738 0
914 6748 0
912 6754 0
911 6757 0
907 6755 0
905 6742 0
.PEN_UP
.PEN_DOWN
752 6559 0
760 6561 0
771 6563 0
791 6562 0
822 6559 0
864 6557 0
907 6555 0
947 6553 0
978 6552 0
.PEN_UP
