.VERSION 1.0 
.HIERARCHY CHARACTER
.COORD X Y T
.SEGMENT CHARACTER 0-3 OK "106"
.H_LINE 6249 7124
.V_LINE 1999 2749
.X_DIM 749
.Y_DIM 875
.X_POINTS_PER_INCH 1000
.Y_POINTS_PER_INCH 1000
.POINTS_PER_SECOND 125
.COMMENT CALIB X: 16 Y: -115

.WRITER_INFO
 Name: KALYAN
 WriterId: 0
 Hand: right
 EducationLevel: post graduate
 Gender: male
 Profession: student
 Region: puttaparthi
 Age: 23
 DeviceType: digimemo a402
 SkillDevice: average
 Language: hindi
 Script: indic
 Native: false
 Style: discrete
 UsageFreq: rarely
 Proficiency: poor
 Date: 2006-6-6
 WritingInProfession: no

.PEN_DOWN
2255 6579 0
2259 6586 0
2261 6597 0
2263 6613 0
2264 6629 0
2265 6646 0
2265 6659 0
2266 6670 0
2266 6677 0
2266 6681 0
2265 6677 0
2262 6672 0
2257 6668 0
2250 6663 0
2240 6661 0
2228 6662 0
2214 6665 0
2199 6671 0
2184 6682 0
2170 6692 0
2159 6701 0
2154 6708 0
2152 6715 0
2153 6721 0
2157 6727 0
2164 6732 0
2174 6738 0
2185 6742 0
2197 6747 0
2208 6751 0
2218 6755 0
2226 6759 0
2233 6764 0
2238 6770 0
2241 6774 0
2242 6778 0
2242 6783 0
2241 6788 0
2238 6790 0
2235 6794 0
2227 6800 0
2215 6806 0
2201 6809 0
2189 6811 0
2180 6811 0
2176 6807 0
.PEN_UP
.PEN_DOWN
2187 6769 0
2180 6768 0
2173 6769 0
2161 6773 0
2150 6780 0
2137 6788 0
2124 6799 0
2110 6812 0
2099 6826 0
2093 6840 0
2091 6852 0
2093 6863 0
2099 6871 0
2110 6874 0
2127 6872 0
2150 6864 0
2173 6853 0
2198 6845 0
.PEN_UP
.PEN_DOWN
2218 6774 0
2218 6778 0
2218 6783 0
2220 6787 0
2228 6789 0
2237 6787 0
2247 6782 0
2260 6774 0
2275 6761 0
2290 6746 0
2303 6729 0
2315 6710 0
2324 6688 0
2331 6667 0
2334 6648 0
2336 6633 0
2337 6624 0
2337 6619 0
2336 6625 0
2334 6639 0
2330 6666 0
2325 6695 0
2319 6725 0
2312 6753 0
2304 6779 0
2300 6798 0
2296 6812 0
2294 6821 0
2293 6826 0
2293 6829 0
2294 6824 0
2295 6808 0
.PEN_UP
.PEN_DOWN
2192 6567 0
2197 6568 0
2210 6569 0
2230 6569 0
2254 6569 0
2281 6568 0
2310 6566 0
2343 6565 0
2380 6564 0
2415 6563 0
.PEN_UP
