.VERSION 1.0 
.HIERARCHY CHARACTER
.COORD X Y T
.SEGMENT CHARACTER 0-3 OK "7"
.H_LINE 2999 3874
.V_LINE 3500 4250
.X_DIM 750
.Y_DIM 874
.X_POINTS_PER_INCH 1000
.Y_POINTS_PER_INCH 1000
.POINTS_PER_SECOND 125
.COMMENT CALIB X: 25 Y: -146

.WRITER_INFO
 Name: CHAKRAVARTHY
 WriterId: 76
 Hand: right
 EducationLevel: college graduate
 Gender: male
 Profession: student
 Region: visakhapatnam
 Age: 21
 DeviceType: digimemo a402
 SkillDevice: average
 Language: hindi
 Script: indic
 Native: false
 Style: discrete
 UsageFreq: once a month
 Proficiency: average
 Date: 2007-6-30
 WritingInProfession: no

.PEN_DOWN
3788 3280 0
3788 3284 0
3788 3291 0
3789 3303 0
3790 3317 0
3791 3333 0
3792 3351 0
3793 3371 0
3794 3392 0
3794 3412 0
3794 3432 0
3794 3448 0
3794 3460 0
3794 3470 0
3794 3476 0
3794 3481 0
3795 3484 0
3795 3480 0
3795 3480 0
.PEN_UP
.PEN_DOWN
3629 3322 0
3632 3324 0
3637 3327 0
3645 3331 0
3658 3336 0
3674 3342 0
3692 3347 0
3712 3352 0
3733 3355 0
3753 3357 0
3769 3358 0
3783 3356 0
3792 3355 0
3797 3355 0
3800 3355 0
3799 3358 0
3797 3365 0
3794 3373 0
3790 3385 0
3785 3401 0
3778 3417 0
3769 3434 0
3761 3448 0
3754 3460 0
3746 3471 0
3738 3481 0
3730 3488 0
3724 3493 0
3721 3495 0
3718 3494 0
3718 3494 0
.PEN_UP
.PEN_DOWN
3803 3379 0
3807 3375 0
3816 3369 0
3832 3362 0
3851 3353 0
3872 3342 0
3895 3329 0
3917 3317 0
3936 3305 0
3951 3296 0
3959 3289 0
3963 3284 0
3964 3280 0
3961 3277 0
3956 3275 0
3948 3275 0
3938 3276 0
3926 3278 0
3914 3281 0
3903 3285 0
3893 3292 0
3884 3300 0
3877 3309 0
3873 3318 0
3871 3328 0
3871 3338 0
3873 3345 0
3878 3353 0
3886 3360 0
3894 3365 0
3904 3369 0
3913 3372 0
3919 3375 0
3923 3376 0
3919 3380 0
3915 3384 0
3911 3389 0
3905 3397 0
3900 3407 0
3896 3417 0
3894 3427 0
3892 3438 0
3892 3448 0
3893 3457 0
3896 3465 0
3900 3471 0
3906 3476 0
3916 3479 0
3929 3480 0
3946 3477 0
3965 3473 0
.PEN_UP
.PEN_DOWN
3691 3271 0
3694 3272 0
3700 3272 0
3709 3272 0
3721 3273 0
3737 3273 0
3755 3273 0
3774 3272 0
3792 3271 0
3812 3270 0
3832 3269 0
3849 3269 0
3861 3270 0
3867 3270 0
3870 3270 0
3870 3270 0
.PEN_UP
