.VERSION 1.0 
.HIERARCHY CHARACTER
.COORD X Y T
.SEGMENT CHARACTER 0-2 OK "13"
.H_LINE 4624 5499
.V_LINE 5000 5750
.X_DIM 750
.Y_DIM 874
.X_POINTS_PER_INCH 1000
.Y_POINTS_PER_INCH 1000
.POINTS_PER_SECOND 125
.COMMENT CALIB X: 24 Y: -100

.WRITER_INFO
 Name: CHAKRAVARTHY
 WriterId: 76
 Hand: right
 EducationLevel: college graduate
 Gender: male
 Profession: student
 Region: visakhapatnam
 Age: 21
 DeviceType: digimemo a402
 SkillDevice: average
 Language: hindi
 Script: indic
 Native: false
 Style: discrete
 UsageFreq: once a month
 Proficiency: average
 Date: 2007-6-30
 WritingInProfession: no

.PEN_DOWN
5148 5020 0
5155 5018 0
5166 5017 0
5179 5017 0
5191 5020 0
5202 5026 0
5210 5034 0
5216 5046 0
5217 5058 0
5214 5070 0
5201 5083 0
5182 5097 0
5158 5110 0
5133 5120 0
5111 5127 0
5094 5131 0
5084 5133 0
5078 5134 0
5075 5134 0
5078 5135 0
5083 5136 0
5091 5139 0
5103 5143 0
5117 5148 0
5135 5154 0
5155 5161 0
5175 5168 0
5194 5174 0
5210 5179 0
5221 5183 0
5228 5187 0
5234 5190 0
5238 5190 0
.PEN_UP
.PEN_DOWN
5291 5066 0
5286 5065 0
5279 5065 0
5269 5065 0
5259 5067 0
5248 5071 0
5234 5076 0
5223 5081 0
5215 5089 0
5210 5097 0
5209 5104 0
5213 5111 0
5220 5115 0
5233 5116 0
5248 5115 0
5264 5111 0
5279 5103 0
5291 5094 0
5301 5084 0
5310 5068 0
5316 5051 0
5318 5035 0
5318 5022 0
5316 5012 0
5313 5005 0
5310 5000 0
5307 4998 0
5304 5004 0
5303 5015 0
5302 5028 0
5301 5044 0
5301 5060 0
5301 5077 0
5301 5095 0
5302 5116 0
5302 5137 0
5303 5157 0
5304 5175 0
5305 5191 0
5306 5203 0
5307 5210 0
5308 5214 0
5308 5206 0
.PEN_UP
.PEN_DOWN
5074 4989 0
5071 4987 0
5067 4986 0
5074 4984 0
5091 4985 0
5119 4984 0
5162 4983 0
5209 4982 0
5253 4980 0
5294 4979 0
5335 4978 0
5369 4977 0
5394 4976 0
5409 4976 0
5415 4976 0
5415 4976 0
.PEN_UP
