.VERSION 1.0 
.HIERARCHY CHARACTER
.COORD X Y T
.SEGMENT CHARACTER 0-2 OK "108"
.H_LINE 6249 7124
.V_LINE 5000 5750
.X_DIM 750
.Y_DIM 875
.X_POINTS_PER_INCH 1000
.Y_POINTS_PER_INCH 1000
.POINTS_PER_SECOND 125
.COMMENT CALIB X: 38 Y: -117

.WRITER_INFO
 Name: CHAKRAVARTHY
 WriterId: 76
 Hand: right
 EducationLevel: college graduate
 Gender: male
 Profession: student
 Region: visakhapatnam
 Age: 21
 DeviceType: digimemo a402
 SkillDevice: average
 Language: hindi
 Script: indic
 Native: false
 Style: discrete
 UsageFreq: once a month
 Proficiency: average
 Date: 2007-6-30
 WritingInProfession: no

.PEN_DOWN
5440 6530 0
5436 6529 0
5432 6528 0
5428 6528 0
5425 6527 0
5428 6528 0
5435 6529 0
5444 6530 0
5456 6530 0
5469 6530 0
5483 6530 0
5496 6530 0
5508 6530 0
5520 6529 0
5528 6529 0
5534 6528 0
5539 6528 0
5542 6528 0
5545 6529 0
5543 6533 0
.PEN_UP
.PEN_DOWN
5495 6555 0
5495 6551 0
5496 6554 0
5498 6561 0
5499 6568 0
5501 6577 0
5502 6585 0
5503 6593 0
5504 6600 0
5505 6606 0
5506 6611 0
5507 6614 0
5506 6611 0
5504 6608 0
5502 6605 0
5499 6603 0
5495 6601 0
5488 6601 0
5478 6602 0
5467 6604 0
5456 6607 0
5447 6610 0
5439 6614 0
5430 6620 0
5424 6625 0
5421 6629 0
5420 6634 0
5421 6639 0
5424 6645 0
5427 6649 0
5432 6654 0
5437 6658 0
5444 6661 0
5452 6663 0
5460 6664 0
5467 6665 0
5472 6665 0
5476 6666 0
5479 6666 0
5476 6666 0
5472 6666 0
5467 6667 0
5462 6667 0
5459 6668 0
5456 6669 0
5452 6670 0
5448 6672 0
5446 6675 0
5444 6678 0
5444 6678 0
.PEN_UP
.PEN_DOWN
5544 6766 0
5544 6763 0
5543 6766 0
5541 6769 0
5539 6772 0
5536 6776 0
5533 6780 0
5528 6784 0
5524 6786 0
5521 6788 0
5518 6790 0
5515 6791 0
5512 6790 0
5509 6789 0
5505 6788 0
5501 6788 0
5497 6787 0
5493 6787 0
5487 6786 0
5483 6785 0
5480 6784 0
5477 6782 0
5476 6779 0
5476 6776 0
5476 6772 0
5476 6768 0
5477 6764 0
5478 6760 0
5479 6757 0
5481 6753 0
5483 6749 0
5485 6746 0
5487 6743 0
5488 6740 0
5489 6737 0
5491 6734 0
5493 6731 0
5495 6728 0
5497 6725 0
5499 6722 0
5500 6719 0
5500 6716 0
5500 6713 0
5501 6710 0
5501 6707 0
5502 6704 0
5502 6701 0
5502 6697 0
5501 6694 0
5501 6690 0
5500 6686 0
5500 6683 0
5499 6680 0
5498 6677 0
5497 6674 0
5495 6671 0
5491 6668 0
5485 6665 0
5479 6663 0
5472 6662 0
5463 6661 0
5454 6661 0
5446 6661 0
5439 6662 0
5433 6664 0
5428 6668 0
5423 6675 0
5418 6683 0
5413 6694 0
5407 6710 0
5400 6727 0
5394 6745 0
5391 6762 0
5389 6778 0
5388 6793 0
5392 6808 0
5400 6823 0
5414 6837 0
5434 6850 0
5461 6860 0
5491 6866 0
5520 6871 0
5546 6870 0
.PEN_UP
