.VERSION 1.0 
.HIERARCHY CHARACTER
.COORD X Y T
.SEGMENT CHARACTER 0-1 OK "28"
.H_LINE 9500 10374
.V_LINE 5000 5750
.X_DIM 750
.Y_DIM 874
.X_POINTS_PER_INCH 1000
.Y_POINTS_PER_INCH 1000
.POINTS_PER_SECOND 125
.COMMENT CALIB X: 57 Y: -136

.WRITER_INFO
 Name: SAI GIRIDHAR
 WriterId: 42
 Hand: right
 EducationLevel: post graduate
 Gender: male
 Profession: research scholar
 Region: chennai
 Age: 24
 DeviceType: digimemo a402
 SkillDevice: good
 Language: hindi
 Script: indic
 Native: false
 Style: discrete
 UsageFreq: once a week
 Proficiency: good
 Date: 2007-6-19
 WritingInProfession: no

.PEN_DOWN
5271 9824 0
5272 9821 0
5273 9818 0
5273 9815 0
5273 9811 0
5272 9808 0
5270 9805 0
5268 9802 0
5265 9800 0
5262 9798 0
5257 9797 0
5252 9797 0
5246 9799 0
5240 9801 0
5233 9804 0
5226 9809 0
5219 9815 0
5213 9821 0
5209 9827 0
5205 9833 0
5204 9839 0
5204 9845 0
5206 9850 0
5209 9855 0
5214 9858 0
5221 9860 0
5229 9860 0
5239 9858 0
5249 9855 0
5258 9850 0
5267 9845 0
5274 9838 0
5280 9831 0
5284 9826 0
5286 9821 0
5288 9817 0
5290 9821 0
5291 9826 0
5293 9833 0
5295 9843 0
5297 9853 0
5299 9866 0
5301 9880 0
5302 9895 0
5302 9911 0
5301 9927 0
5298 9942 0
5295 9954 0
5290 9965 0
5285 9974 0
5278 9982 0
5270 9988 0
5261 9993 0
5253 9996 0
5245 9998 0
5237 10000 0
5229 10001 0
5223 10001 0
5220 10001 0
5218 9998 0
5221 9995 0
5227 9993 0
5235 9990 0
5246 9987 0
5258 9984 0
5271 9980 0
5282 9976 0
5294 9972 0
5306 9967 0
5317 9960 0
5327 9951 0
5339 9940 0
5352 9927 0
5366 9912 0
5381 9896 0
5394 9880 0
5405 9865 0
5412 9854 0
5416 9844 0
5417 9836 0
5416 9830 0
5415 9826 0
5412 9824 0
5411 9827 0
5410 9833 0
5409 9842 0
5407 9853 0
5404 9869 0
5399 9887 0
5395 9908 0
5391 9932 0
5387 9955 0
5384 9977 0
5381 9994 0
5380 10008 0
5380 10018 0
5381 10025 0
5382 10030 0
5383 10033 0
5387 10029 0
5391 10022 0
.PEN_UP
.PEN_DOWN
5306 9811 0
5311 9809 0
5319 9806 0
5332 9803 0
5353 9800 0
5381 9796 0
5414 9793 0
5447 9791 0
5475 9789 0
5497 9787 0
5511 9788 0
5519 9787 0
.PEN_UP
