.VERSION 1.0 
.HIERARCHY CHARACTER
.COORD X Y T
.SEGMENT CHARACTER 0-1 OK "88"
.H_LINE 9500 10374
.V_LINE 5000 5750
.X_DIM 750
.Y_DIM 874
.X_POINTS_PER_INCH 1000
.Y_POINTS_PER_INCH 1000
.POINTS_PER_SECOND 125
.COMMENT CALIB X: 57 Y: -136

.WRITER_INFO
 Name: SAI GIRIDHAR
 WriterId: 42
 Hand: right
 EducationLevel: post graduate
 Gender: male
 Profession: research scholar
 Region: chennai
 Age: 24
 DeviceType: digimemo a402
 SkillDevice: good
 Language: hindi
 Script: indic
 Native: false
 Style: discrete
 UsageFreq: once a week
 Proficiency: good
 Date: 2007-6-19
 WritingInProfession: no

.PEN_DOWN
5273 9816 0
5266 9816 0
5260 9816 0
5255 9815 0
5250 9815 0
5244 9815 0
5239 9814 0
5235 9813 0
5232 9813 0
5238 9812 0
5248 9810 0
5265 9808 0
5285 9806 0
5305 9804 0
5324 9802 0
5343 9801 0
5364 9799 0
5383 9798 0
5399 9798 0
5410 9798 0
5416 9798 0
5416 9798 0
.PEN_UP
.PEN_DOWN
5252 10065 0
5251 10062 0
5251 10059 0
5253 10062 0
5253 10059 0
5253 10056 0
5252 10052 0
5251 10048 0
5250 10044 0
5249 10038 0
5249 10032 0
5250 10027 0
5251 10023 0
5252 10020 0
5253 10017 0
5254 10013 0
5256 10010 0
5258 10007 0
5260 10003 0
5263 9999 0
5268 9995 0
5272 9990 0
5277 9985 0
5283 9979 0
5289 9974 0
5293 9971 0
5297 9969 0
5300 9968 0
5304 9969 0
5307 9972 0
5310 9975 0
5313 9979 0
5316 9982 0
5319 9986 0
5322 9991 0
5324 9995 0
5326 9999 0
5328 10002 0
5329 10005 0
5330 10008 0
5330 10011 0
5331 10014 0
5331 10017 0
5332 10020 0
5332 10017 0
5332 10014 0
5331 10010 0
5331 10007 0
5331 10003 0
5331 9999 0
5331 9996 0
5332 9992 0
5333 9988 0
5335 9984 0
5337 9980 0
5339 9977 0
5342 9973 0
5346 9969 0
5350 9965 0
5354 9962 0
5359 9959 0
5364 9957 0
5371 9955 0
5378 9954 0
5384 9953 0
5389 9953 0
5393 9954 0
5398 9956 0
5403 9959 0
5409 9962 0
5413 9966 0
5417 9970 0
5420 9974 0
5422 9978 0
5424 9981 0
5424 9984 0
5424 9987 0
5423 9990 0
5422 9994 0
5421 9998 0
5420 10002 0
5419 10006 0
5418 10009 0
5418 10014 0
.PEN_UP
