.VERSION 1.0 
.HIERARCHY CHARACTER
.COORD X Y T
.SEGMENT CHARACTER 0-4 OK "105"
.H_LINE 6249 7124
.V_LINE 499 1250
.X_DIM 750
.Y_DIM 875
.X_POINTS_PER_INCH 1000
.Y_POINTS_PER_INCH 1000
.POINTS_PER_SECOND 125
.COMMENT CALIB X: -26 Y: -108

.WRITER_INFO
 Name: SAI GIRIDHAR
 WriterId: 42
 Hand: right
 EducationLevel: post graduate
 Gender: male
 Profession: research scholar
 Region: chennai
 Age: 24
 DeviceType: digimemo a402
 SkillDevice: good
 Language: hindi
 Script: indic
 Native: false
 Style: discrete
 UsageFreq: once a week
 Proficiency: good
 Date: 2007-6-19
 WritingInProfession: no

.PEN_DOWN
740 6579 0
740 6586 0
739 6600 0
738 6615 0
738 6630 0
738 6645 0
739 6660 0
739 6671 0
740 6679 0
741 6685 0
741 6688 0
740 6684 0
739 6680 0
738 6676 0
737 6673 0
735 6670 0
734 6667 0
733 6664 0
730 6661 0
727 6660 0
724 6660 0
721 6661 0
717 6662 0
712 6663 0
708 6666 0
704 6669 0
699 6673 0
694 6678 0
689 6684 0
684 6692 0
679 6699 0
675 6706 0
672 6714 0
669 6721 0
668 6726 0
668 6731 0
669 6736 0
670 6740 0
672 6744 0
674 6748 0
676 6753 0
679 6756 0
683 6759 0
688 6762 0
694 6763 0
701 6765 0
710 6766 0
719 6767 0
727 6768 0
734 6769 0
741 6769 0
747 6769 0
754 6767 0
761 6766 0
767 6764 0
773 6763 0
777 6762 0
781 6761 0
784 6761 0
787 6761 0
790 6762 0
788 6765 0
.PEN_UP
.PEN_DOWN
777 6751 0
777 6751 0
.PEN_UP
.PEN_DOWN
773 6762 0
770 6762 0
767 6762 0
764 6763 0
760 6763 0
757 6763 0
754 6763 0
751 6763 0
748 6763 0
745 6764 0
741 6766 0
737 6768 0
734 6770 0
730 6773 0
726 6776 0
722 6779 0
717 6781 0
713 6783 0
709 6785 0
704 6786 0
699 6788 0
694 6791 0
689 6794 0
685 6798 0
681 6801 0
677 6805 0
675 6809 0
673 6813 0
673 6817 0
673 6821 0
674 6825 0
676 6829 0
679 6834 0
682 6839 0
687 6844 0
693 6849 0
699 6853 0
707 6857 0
715 6861 0
723 6865 0
729 6869 0
735 6873 0
741 6876 0
747 6878 0
754 6880 0
761 6880 0
768 6880 0
.PEN_UP
.PEN_DOWN
886 6570 0
887 6574 0
888 6579 0
889 6587 0
889 6596 0
889 6609 0
888 6623 0
886 6640 0
883 6657 0
880 6674 0
877 6690 0
874 6703 0
869 6715 0
864 6724 0
858 6732 0
851 6739 0
840 6744 0
828 6749 0
817 6752 0
807 6753 0
799 6754 0
793 6754 0
789 6754 0
792 6753 0
795 6752 0
801 6750 0
809 6749 0
819 6748 0
831 6747 0
844 6746 0
859 6744 0
874 6743 0
888 6742 0
900 6740 0
910 6737 0
920 6733 0
928 6728 0
936 6722 0
944 6714 0
951 6705 0
958 6693 0
965 6680 0
972 6665 0
977 6651 0
981 6638 0
983 6626 0
985 6615 0
985 6607 0
985 6602 0
984 6598 0
981 6602 0
979 6609 0
977 6620 0
975 6634 0
973 6652 0
972 6672 0
971 6694 0
971 6717 0
970 6737 0
971 6755 0
972 6769 0
974 6780 0
976 6788 0
978 6795 0
980 6800 0
982 6803 0
982 6803 0
.PEN_UP
.PEN_DOWN
703 6586 0
707 6586 0
717 6586 0
730 6584 0
753 6583 0
789 6582 0
835 6581 0
884 6580 0
928 6578 0
961 6576 0
987 6575 0
1008 6574 0
1026 6573 0
1039 6572 0
.PEN_UP
