.VERSION 1.0 
.HIERARCHY CHARACTER
.COORD X Y T
.SEGMENT CHARACTER 0-3 OK "9"
.H_LINE 2999 3874
.V_LINE 6500 7250
.X_DIM 750
.Y_DIM 874
.X_POINTS_PER_INCH 1000
.Y_POINTS_PER_INCH 1000
.POINTS_PER_SECOND 125
.COMMENT CALIB X: 4 Y: -82

.WRITER_INFO
 Name: DILEEP K V S
 WriterId: 80
 Hand: right
 EducationLevel: college graduate
 Gender: male
 Profession: student
 Region: visakhapatnam
 Age: 21
 DeviceType: digimemo a402
 SkillDevice: average
 Language: hindi
 Script: indic
 Native: false
 Style: discrete
 UsageFreq: once a month
 Proficiency: average
 Date: 2007-6-30
 WritingInProfession: no

.PEN_DOWN
6747 3358 0
6745 3364 0
6743 3372 0
6742 3382 0
6742 3392 0
6742 3401 0
6743 3409 0
6745 3416 0
6749 3422 0
6753 3428 0
6758 3432 0
6764 3435 0
6772 3438 0
6781 3440 0
6790 3442 0
6799 3445 0
6806 3448 0
6813 3452 0
6819 3456 0
6823 3462 0
6826 3467 0
6827 3472 0
6826 3477 0
6823 3482 0
6817 3487 0
6809 3491 0
6801 3494 0
6792 3497 0
6783 3499 0
6774 3501 0
6766 3502 0
6760 3502 0
6756 3502 0
.PEN_UP
.PEN_DOWN
6875 3356 0
6880 3358 0
6887 3362 0
6896 3368 0
6907 3375 0
6917 3384 0
6924 3394 0
6929 3403 0
6933 3412 0
6935 3420 0
6934 3427 0
6932 3434 0
6928 3439 0
6921 3445 0
6908 3451 0
6892 3455 0
6876 3458 0
6863 3459 0
6856 3461 0
.PEN_UP
.PEN_DOWN
6846 3300 0
6840 3295 0
6832 3287 0
6821 3279 0
6808 3270 0
6794 3263 0
6782 3259 0
6773 3255 0
6766 3253 0
6760 3253 0
6755 3253 0
6751 3253 0
6748 3254 0
6746 3258 0
6746 3261 0
6748 3264 0
6752 3266 0
6757 3267 0
6764 3268 0
6773 3269 0
6782 3270 0
6793 3271 0
.PEN_UP
.PEN_DOWN
6724 3370 0
6727 3369 0
6732 3367 0
6739 3364 0
6751 3361 0
6767 3358 0
6788 3354 0
6814 3350 0
6843 3347 0
6873 3344 0
6901 3343 0
6923 3343 0
6939 3343 0
6948 3343 0
6952 3344 0
6956 3349 0
.PEN_UP
