.VERSION 1.0 
.HIERARCHY CHARACTER
.COORD X Y T
.SEGMENT CHARACTER 0-2 OK "41"
.H_LINE 4624 5499
.V_LINE 1999 2749
.X_DIM 749
.Y_DIM 874
.X_POINTS_PER_INCH 1000
.Y_POINTS_PER_INCH 1000
.POINTS_PER_SECOND 125
.COMMENT CALIB X: -76 Y: -76

.WRITER_INFO
 Name: DILEEP K V S
 WriterId: 80
 Hand: right
 EducationLevel: college graduate
 Gender: male
 Profession: student
 Region: visakhapatnam
 Age: 21
 DeviceType: digimemo a402
 SkillDevice: average
 Language: hindi
 Script: indic
 Native: false
 Style: discrete
 UsageFreq: once a month
 Proficiency: average
 Date: 2007-6-30
 WritingInProfession: no

.PEN_DOWN
2249 4908 0
2250 4911 0
2250 4915 0
2249 4922 0
2246 4930 0
2241 4937 0
2233 4943 0
2224 4948 0
2214 4951 0
2203 4953 0
2193 4952 0
2186 4949 0
2181 4945 0
2178 4940 0
2177 4934 0
2177 4926 0
2178 4920 0
2180 4915 0
2184 4910 0
2189 4906 0
2195 4903 0
2202 4901 0
2211 4901 0
2221 4903 0
2232 4907 0
2244 4913 0
2254 4923 0
2262 4934 0
2268 4945 0
2271 4957 0
2269 4969 0
2263 4979 0
2254 4989 0
2244 4997 0
2232 5004 0
2220 5009 0
2208 5012 0
2199 5013 0
2192 5014 0
2187 5013 0
2183 5011 0
2181 5008 0
2181 5005 0
2183 5001 0
2187 4997 0
2192 4993 0
2197 4991 0
2204 4990 0
2213 4990 0
2223 4994 0
2233 4998 0
2243 5003 0
2252 5009 0
2260 5014 0
2267 5020 0
2273 5025 0
2280 5029 0
2286 5032 0
2291 5034 0
2302 5036 0
.PEN_UP
.PEN_DOWN
2336 4892 0
2337 4888 0
2339 4885 0
2341 4893 0
2343 4905 0
2346 4921 0
2349 4939 0
2351 4956 0
2352 4971 0
2354 4985 0
2355 4997 0
2355 5006 0
2355 5012 0
2355 5018 0
2354 5022 0
2353 5026 0
2353 5026 0
.PEN_UP
.PEN_DOWN
2182 4901 0
2187 4899 0
2195 4897 0
2208 4894 0
2228 4890 0
2253 4887 0
2283 4885 0
2313 4884 0
2339 4883 0
2362 4880 0
2381 4881 0
.PEN_UP
