.VERSION 1.0 
.HIERARCHY CHARACTER
.COORD X Y T
.SEGMENT CHARACTER 0-4 OK "7"
.H_LINE 2999 3874
.V_LINE 3500 4250
.X_DIM 750
.Y_DIM 874
.X_POINTS_PER_INCH 1000
.Y_POINTS_PER_INCH 1000
.POINTS_PER_SECOND 125
.COMMENT CALIB X: 52 Y: -111

.WRITER_INFO
 Name: ANURAG
 WriterId: 35
 Hand: right
 EducationLevel: primary school
 Gender: male
 Profession: student
 Region: sikkim
 Age: 14
 DeviceType: digimemo a402
 SkillDevice: good
 Language: hindi
 Script: indic
 Native: false
 Style: discrete
 UsageFreq: every day
 Proficiency: average
 Date: 2007-6-16
 WritingInProfession: yes, but limited

.PEN_DOWN
3848 3397 0
3846 3401 0
3845 3406 0
3844 3412 0
3844 3421 0
3844 3434 0
3845 3449 0
3846 3466 0
3847 3482 0
3847 3497 0
3847 3511 0
3848 3522 0
3849 3532 0
3850 3538 0
3850 3543 0
3851 3546 0
3851 3542 0
3851 3542 0
.PEN_UP
.PEN_DOWN
3842 3501 0
3839 3499 0
3835 3495 0
3831 3491 0
3826 3486 0
3819 3479 0
3812 3471 0
3804 3463 0
3797 3457 0
3790 3452 0
3783 3448 0
3776 3444 0
3771 3441 0
3767 3439 0
3767 3439 0
.PEN_UP
.PEN_DOWN
3832 3507 0
3828 3509 0
3826 3512 0
3822 3516 0
3816 3521 0
3810 3526 0
3802 3532 0
3794 3538 0
3787 3543 0
3781 3547 0
3777 3546 0
3777 3546 0
.PEN_UP
.PEN_DOWN
3880 3478 0
3885 3478 0
3892 3478 0
3900 3478 0
3910 3475 0
3920 3472 0
3931 3469 0
3939 3466 0
3945 3464 0
3949 3462 0
3952 3460 0
3953 3457 0
3953 3453 0
3953 3449 0
3953 3446 0
3952 3443 0
3949 3441 0
3947 3444 0
3947 3449 0
3948 3456 0
3950 3464 0
3951 3472 0
3953 3480 0
3955 3487 0
3958 3495 0
3962 3502 0
3965 3507 0
3967 3510 0
3963 3512 0
3957 3515 0
3950 3519 0
3943 3524 0
3937 3529 0
3932 3533 0
3930 3537 0
3930 3542 0
3931 3548 0
3934 3553 0
3940 3558 0
3949 3561 0
3961 3563 0
3975 3561 0
3992 3554 0
4001 3553 0
.PEN_UP
.PEN_DOWN
3781 3394 0
3785 3396 0
3793 3398 0
3804 3399 0
3818 3400 0
3837 3400 0
3861 3399 0
3887 3398 0
3910 3397 0
3929 3397 0
3943 3397 0
3954 3397 0
3965 3397 0
.PEN_UP
