.VERSION 1.0 
.HIERARCHY CHARACTER
.COORD X Y T
.SEGMENT CHARACTER 0-4 OK "11"
.H_LINE 4624 5499
.V_LINE 1999 2749
.X_DIM 749
.Y_DIM 874
.X_POINTS_PER_INCH 1000
.Y_POINTS_PER_INCH 1000
.POINTS_PER_SECOND 125
.COMMENT CALIB X: -4 Y: -74

.WRITER_INFO
 Name: ANURAG
 WriterId: 35
 Hand: right
 EducationLevel: primary school
 Gender: male
 Profession: student
 Region: sikkim
 Age: 14
 DeviceType: digimemo a402
 SkillDevice: good
 Language: hindi
 Script: indic
 Native: false
 Style: discrete
 UsageFreq: every day
 Proficiency: average
 Date: 2007-6-16
 WritingInProfession: yes, but limited

.PEN_DOWN
2231 5015 0
2234 5014 0
2238 5014 0
2244 5016 0
2250 5019 0
2256 5024 0
2261 5030 0
2265 5036 0
2269 5043 0
2271 5050 0
2273 5057 0
2273 5062 0
2272 5068 0
2271 5073 0
2270 5077 0
2267 5080 0
2262 5083 0
2258 5085 0
2253 5086 0
2250 5087 0
2247 5087 0
2244 5087 0
2247 5086 0
2251 5086 0
2256 5087 0
2261 5087 0
2266 5091 0
2270 5096 0
2274 5101 0
2278 5106 0
2281 5112 0
2284 5119 0
2285 5126 0
2283 5132 0
2281 5137 0
2277 5142 0
2272 5147 0
2264 5151 0
2257 5153 0
2249 5152 0
.PEN_UP
.PEN_DOWN
2295 5076 0
2300 5076 0
2308 5075 0
2316 5074 0
2323 5072 0
2328 5071 0
2332 5070 0
2335 5069 0
2338 5065 0
2340 5061 0
2341 5057 0
2342 5052 0
2342 5047 0
2341 5040 0
2340 5034 0
2338 5028 0
2337 5023 0
2336 5018 0
2335 5015 0
2334 5012 0
2333 5016 0
2333 5022 0
2333 5031 0
2333 5041 0
2334 5053 0
2334 5065 0
2333 5077 0
2333 5087 0
2333 5096 0
2334 5105 0
2335 5114 0
2337 5122 0
2340 5129 0
2344 5132 0
.PEN_UP
.PEN_DOWN
2449 5027 0
2449 5031 0
2450 5035 0
2450 5039 0
2450 5045 0
2450 5053 0
2450 5061 0
2450 5070 0
2450 5080 0
2450 5091 0
2451 5100 0
2451 5107 0
2452 5114 0
2453 5119 0
2453 5122 0
2453 5116 0
2453 5110 0
2453 5099 0
2452 5086 0
2451 5069 0
2450 5048 0
2447 5022 0
2443 4992 0
2438 4962 0
2432 4936 0
2425 4915 0
2418 4900 0
2413 4889 0
2407 4881 0
2400 4877 0
2394 4874 0
2387 4872 0
2379 4872 0
2372 4874 0
2367 4878 0
2362 4884 0
2358 4891 0
2356 4900 0
2358 4910 0
2363 4920 0
.PEN_UP
.PEN_DOWN
2451 4997 0
2455 4997 0
2460 4986 0
2466 4975 0
2472 4963 0
2479 4950 0
2487 4935 0
2496 4919 0
2505 4901 0
2512 4886 0
2517 4875 0
2520 4867 0
2522 4861 0
2522 4857 0
2522 4854 0
2519 4853 0
2515 4854 0
2508 4857 0
2501 4862 0
2495 4871 0
2488 4881 0
2483 4892 0
2481 4903 0
2481 4914 0
2483 4923 0
2491 4933 0
.PEN_UP
.PEN_DOWN
2298 5017 0
2299 5020 0
2304 5024 0
2315 5027 0
2330 5030 0
2349 5032 0
2373 5032 0
2402 5031 0
2430 5030 0
2454 5027 0
2472 5026 0
2484 5024 0
2492 5023 0
2496 5022 0
2498 5025 0
2498 5025 0
.PEN_UP
