.VERSION 1.0 
.HIERARCHY CHARACTER
.COORD X Y T
.SEGMENT CHARACTER 0-2 OK "43"
.H_LINE 4624 5499
.V_LINE 5000 5750
.X_DIM 750
.Y_DIM 874
.X_POINTS_PER_INCH 1000
.Y_POINTS_PER_INCH 1000
.POINTS_PER_SECOND 125
.COMMENT CALIB X: 82 Y: -109

.WRITER_INFO
 Name: ANURAG
 WriterId: 35
 Hand: right
 EducationLevel: primary school
 Gender: male
 Profession: student
 Region: sikkim
 Age: 14
 DeviceType: digimemo a402
 SkillDevice: good
 Language: hindi
 Script: indic
 Native: false
 Style: discrete
 UsageFreq: every day
 Proficiency: average
 Date: 2007-6-16
 WritingInProfession: yes, but limited

.PEN_DOWN
5277 5037 0
5279 5030 0
5282 5026 0
5285 5023 0
5288 5021 0
5292 5021 0
5297 5022 0
5302 5024 0
5308 5027 0
5313 5031 0
5317 5037 0
5321 5044 0
5324 5050 0
5326 5057 0
5326 5064 0
5326 5071 0
5326 5079 0
5325 5087 0
5323 5095 0
5320 5103 0
5316 5112 0
5311 5120 0
5305 5128 0
5298 5134 0
5291 5138 0
5284 5141 0
5276 5143 0
5268 5144 0
5259 5145 0
5250 5145 0
5242 5145 0
5235 5144 0
5229 5142 0
5225 5139 0
5222 5135 0
5221 5131 0
5221 5126 0
5222 5121 0
5225 5117 0
5229 5113 0
5232 5111 0
5235 5110 0
5240 5111 0
5246 5114 0
5252 5119 0
5258 5125 0
5266 5133 0
5275 5141 0
5285 5150 0
5294 5160 0
5303 5170 0
5312 5180 0
5321 5190 0
5329 5197 0
5337 5201 0
5345 5203 0
.PEN_UP
.PEN_DOWN
5355 5121 0
5358 5121 0
5363 5120 0
5368 5119 0
5373 5117 0
5377 5113 0
5382 5110 0
5386 5107 0
5388 5103 0
5390 5098 0
5392 5092 0
5394 5085 0
5396 5077 0
5397 5068 0
5398 5060 0
5399 5053 0
5400 5047 0
5400 5042 0
5399 5039 0
5398 5036 0
5396 5039 0
5395 5045 0
5394 5051 0
5394 5060 0
5394 5070 0
5395 5080 0
5396 5091 0
5397 5103 0
5398 5115 0
5401 5129 0
5403 5141 0
5406 5153 0
5408 5163 0
5410 5170 0
5410 5173 0
5415 5173 0
.PEN_UP
.PEN_DOWN
5214 5032 0
5225 5032 0
5241 5032 0
5262 5033 0
5287 5034 0
5312 5035 0
5335 5036 0
5357 5037 0
5380 5037 0
5403 5036 0
5427 5033 0
5448 5029 0
5465 5031 0
5474 5032 0
.PEN_UP
