.VERSION 1.0 
.HIERARCHY CHARACTER
.COORD X Y T
.SEGMENT CHARACTER 0-1 OK "49"
.H_LINE 6249 7124
.V_LINE 6500 7250
.X_DIM 750
.Y_DIM 875
.X_POINTS_PER_INCH 1000
.Y_POINTS_PER_INCH 1000
.POINTS_PER_SECOND 125
.COMMENT CALIB X: 75 Y: -86

.WRITER_INFO
 Name: ANURAG
 WriterId: 35
 Hand: right
 EducationLevel: primary school
 Gender: male
 Profession: student
 Region: sikkim
 Age: 14
 DeviceType: digimemo a402
 SkillDevice: good
 Language: hindi
 Script: indic
 Native: false
 Style: discrete
 UsageFreq: every day
 Proficiency: average
 Date: 2007-6-16
 WritingInProfession: yes, but limited

.PEN_DOWN
6948 6596 0
6948 6593 0
6947 6589 0
6947 6586 0
6946 6583 0
6945 6579 0
6944 6573 0
6942 6568 0
6940 6563 0
6938 6559 0
6936 6555 0
6933 6551 0
6931 6548 0
6928 6545 0
6926 6542 0
6922 6538 0
6917 6534 0
6911 6531 0
6905 6529 0
6900 6528 0
6896 6527 0
6891 6527 0
6886 6528 0
6880 6529 0
6873 6529 0
6868 6529 0
6863 6530 0
6858 6531 0
6854 6532 0
6851 6534 0
6847 6536 0
6842 6538 0
6838 6541 0
6832 6544 0
6827 6547 0
6823 6551 0
6819 6554 0
6815 6558 0
6811 6561 0
6808 6563 0
6805 6566 0
6803 6570 0
6800 6573 0
6798 6576 0
6796 6579 0
6795 6582 0
6793 6587 0
6791 6590 0
6790 6594 0
6789 6597 0
6788 6602 0
6787 6608 0
6786 6614 0
6784 6622 0
6782 6631 0
6780 6639 0
6778 6648 0
6776 6657 0
6773 6666 0
6771 6675 0
6770 6685 0
6769 6695 0
6769 6705 0
6769 6715 0
6768 6724 0
6768 6733 0
6767 6742 0
6767 6750 0
6767 6758 0
6767 6767 0
6766 6775 0
6766 6783 0
6766 6790 0
6765 6797 0
6764 6805 0
6763 6812 0
6762 6818 0
6761 6824 0
6760 6830 0
6760 6834 0
6760 6837 0
6761 6834 0
6762 6829 0
6763 6823 0
6764 6812 0
.PEN_UP
.PEN_DOWN
6689 6589 0
6692 6589 0
6696 6590 0
6705 6591 0
6718 6592 0
6734 6592 0
6752 6593 0
6771 6593 0
6789 6593 0
6806 6593 0
6821 6593 0
6835 6592 0
6847 6592 0
6858 6592 0
6868 6592 0
6876 6592 0
6886 6592 0
6898 6592 0
6909 6592 0
6920 6592 0
6929 6591 0
6936 6591 0
6942 6591 0
6945 6591 0
6945 6591 0
.PEN_UP
