.VERSION 1.0 
.HIERARCHY CHARACTER
.COORD X Y T
.SEGMENT CHARACTER 0-1 OK "56"
.H_LINE 9500 10374
.V_LINE 1999 2749
.X_DIM 749
.Y_DIM 874
.X_POINTS_PER_INCH 1000
.Y_POINTS_PER_INCH 1000
.POINTS_PER_SECOND 125
.COMMENT CALIB X: -6 Y: -31

.WRITER_INFO
 Name: ANURAG
 WriterId: 35
 Hand: right
 EducationLevel: primary school
 Gender: male
 Profession: student
 Region: sikkim
 Age: 14
 DeviceType: digimemo a402
 SkillDevice: good
 Language: hindi
 Script: indic
 Native: false
 Style: discrete
 UsageFreq: every day
 Proficiency: average
 Date: 2007-6-16
 WritingInProfession: yes, but limited

.PEN_DOWN
2517 9938 0
2516 9941 0
2516 9947 0
2516 9955 0
2516 9963 0
2516 9973 0
2516 9985 0
2515 9998 0
2516 10013 0
2516 10027 0
2517 10042 0
2517 10056 0
2517 10069 0
2517 10079 0
2517 10088 0
2517 10094 0
2517 10098 0
2517 10093 0
2517 10086 0
2517 10079 0
2518 10070 0
2518 10060 0
2518 10048 0
2518 10036 0
2518 10021 0
2519 10006 0
2519 9988 0
2518 9970 0
2518 9952 0
2518 9934 0
2519 9917 0
2519 9899 0
2519 9884 0
2517 9871 0
2515 9860 0
2513 9850 0
2509 9841 0
2505 9833 0
2501 9828 0
2499 9824 0
2496 9822 0
2493 9821 0
2490 9821 0
2487 9822 0
2483 9823 0
2480 9824 0
2478 9827 0
2476 9830 0
2473 9834 0
2471 9838 0
2469 9843 0
2468 9847 0
2469 9851 0
2470 9855 0
2472 9859 0
2475 9864 0
2479 9868 0
2484 9871 0
2489 9873 0
2495 9874 0
2498 9875 0
.PEN_UP
.PEN_DOWN
2441 9926 0
2446 9925 0
2452 9924 0
2458 9924 0
2465 9923 0
2473 9921 0
2484 9920 0
2494 9920 0
2504 9919 0
2512 9918 0
2522 9917 0
2532 9917 0
2540 9917 0
2548 9917 0
2553 9917 0
2557 9917 0
2560 9917 0
2563 9917 0
2566 9918 0
2569 9918 0
2572 9918 0
2575 9918 0
2578 9918 0
.PEN_UP
