.VERSION 1.0 
.HIERARCHY CHARACTER
.COORD X Y T
.SEGMENT CHARACTER 0-1 OK "74"
.H_LINE 4624 5499
.V_LINE 6500 7250
.X_DIM 750
.Y_DIM 874
.X_POINTS_PER_INCH 1000
.Y_POINTS_PER_INCH 1000
.POINTS_PER_SECOND 125
.COMMENT CALIB X: 104 Y: -122

.WRITER_INFO
 Name: ANURAG
 WriterId: 35
 Hand: right
 EducationLevel: primary school
 Gender: male
 Profession: student
 Region: sikkim
 Age: 14
 DeviceType: digimemo a402
 SkillDevice: good
 Language: hindi
 Script: indic
 Native: false
 Style: discrete
 UsageFreq: every day
 Proficiency: average
 Date: 2007-6-16
 WritingInProfession: yes, but limited

.PEN_DOWN
6841 5128 0
6840 5119 0
6839 5113 0
6838 5110 0
6837 5107 0
6836 5103 0
6834 5100 0
6831 5097 0
6828 5095 0
6825 5093 0
6822 5091 0
6817 5089 0
6811 5088 0
6806 5087 0
6802 5086 0
6799 5085 0
6796 5084 0
6793 5084 0
6790 5084 0
6783 5086 0
6776 5087 0
6770 5088 0
6766 5089 0
6763 5090 0
6760 5091 0
6756 5095 0
6753 5097 0
6750 5100 0
6748 5103 0
6746 5107 0
6743 5111 0
6740 5115 0
6738 5119 0
6735 5122 0
6733 5127 0
6731 5132 0
6729 5136 0
6728 5140 0
6727 5143 0
6726 5146 0
6725 5149 0
6724 5152 0
6724 5155 0
6724 5158 0
6724 5161 0
6725 5165 0
6726 5168 0
6727 5171 0
6727 5174 0
6728 5178 0
6730 5182 0
6732 5186 0
6735 5190 0
6739 5195 0
6745 5201 0
6750 5206 0
6754 5211 0
6757 5215 0
6761 5219 0
6765 5222 0
6768 5225 0
6770 5228 0
6773 5230 0
6777 5233 0
6781 5235 0
6784 5237 0
6787 5239 0
6790 5241 0
6795 5238 0
.PEN_UP
.PEN_DOWN
6697 5001 0
6690 5002 0
6686 5001 0
6683 5001 0
6690 5003 0
6698 5005 0
6708 5007 0
6721 5010 0
6738 5011 0
6758 5014 0
6777 5016 0
6795 5018 0
6811 5019 0
6824 5020 0
6833 5020 0
6839 5021 0
6842 5021 0
6845 5021 0
6849 5021 0
.PEN_UP
