.VERSION 1.0 
.HIERARCHY CHARACTER
.COORD X Y T
.SEGMENT CHARACTER 0-3 OK "106"
.H_LINE 6249 7124
.V_LINE 1999 2749
.X_DIM 749
.Y_DIM 875
.X_POINTS_PER_INCH 1000
.Y_POINTS_PER_INCH 1000
.POINTS_PER_SECOND 125
.COMMENT CALIB X: 2 Y: -32

.WRITER_INFO
 Name: ANURAG
 WriterId: 35
 Hand: right
 EducationLevel: primary school
 Gender: male
 Profession: student
 Region: sikkim
 Age: 14
 DeviceType: digimemo a402
 SkillDevice: good
 Language: hindi
 Script: indic
 Native: false
 Style: discrete
 UsageFreq: every day
 Proficiency: average
 Date: 2007-6-16
 WritingInProfession: yes, but limited

.PEN_DOWN
2353 6597 0
2348 6597 0
2345 6597 0
2342 6598 0
2342 6604 0
2344 6609 0
2346 6614 0
2348 6619 0
2351 6625 0
2354 6630 0
2356 6634 0
2359 6639 0
2362 6642 0
2365 6645 0
2367 6648 0
2369 6651 0
2366 6649 0
2363 6648 0
2360 6646 0
2356 6645 0
2351 6646 0
2344 6647 0
2335 6649 0
2327 6653 0
2317 6658 0
2309 6663 0
2303 6667 0
2299 6670 0
2296 6672 0
2295 6675 0
2298 6678 0
2302 6681 0
2307 6683 0
2313 6685 0
2320 6686 0
2326 6688 0
2332 6691 0
2338 6694 0
2343 6698 0
2347 6702 0
2349 6707 0
2350 6712 0
2349 6716 0
2348 6720 0
2346 6723 0
2343 6726 0
2338 6728 0
2333 6729 0
2326 6729 0
2319 6727 0
2313 6723 0
.PEN_UP
.PEN_DOWN
2317 6727 0
2316 6724 0
2314 6728 0
2312 6732 0
2310 6736 0
2309 6740 0
2308 6744 0
2307 6748 0
2308 6752 0
2309 6756 0
2310 6761 0
2313 6766 0
2316 6770 0
2320 6773 0
2327 6775 0
2336 6776 0
2348 6775 0
2362 6772 0
2377 6767 0
2392 6761 0
2405 6754 0
2417 6747 0
2427 6740 0
2436 6732 0
2444 6725 0
2452 6718 0
2458 6709 0
2464 6700 0
2469 6691 0
2473 6683 0
2476 6676 0
2479 6668 0
2482 6662 0
2483 6656 0
2484 6651 0
2485 6647 0
2485 6641 0
2485 6636 0
2485 6631 0
2485 6628 0
2485 6624 0
2484 6621 0
2482 6618 0
2480 6621 0
2478 6624 0
2476 6629 0
2474 6633 0
2473 6639 0
2472 6646 0
2471 6653 0
2470 6661 0
2469 6670 0
2469 6678 0
2469 6687 0
2469 6696 0
2470 6706 0
2471 6715 0
2471 6724 0
2471 6733 0
2471 6742 0
2471 6749 0
2471 6755 0
2472 6760 0
2472 6764 0
2472 6768 0
2472 6771 0
2472 6774 0
2473 6777 0
2473 6781 0
2473 6785 0
2473 6789 0
2473 6794 0
2473 6799 0
2472 6803 0
2472 6806 0
2473 6810 0
2472 6814 0
2471 6818 0
2471 6822 0
2471 6825 0
2471 6825 0
.PEN_UP
.PEN_DOWN
2331 6728 0
2322 6729 0
2317 6729 0
2314 6729 0
2311 6729 0
2308 6730 0
2305 6732 0
2302 6734 0
2299 6735 0
2296 6738 0
2292 6742 0
2289 6746 0
2285 6752 0
2281 6761 0
2278 6770 0
2275 6780 0
2273 6789 0
2272 6800 0
2271 6811 0
2270 6821 0
2270 6830 0
2271 6839 0
2273 6846 0
2277 6852 0
2282 6857 0
2287 6861 0
2294 6863 0
2302 6864 0
2311 6864 0
2321 6863 0
2330 6861 0
2344 6860 0
.PEN_UP
.PEN_DOWN
2268 6615 0
2271 6617 0
2277 6619 0
2287 6621 0
2301 6623 0
2321 6623 0
2346 6622 0
2374 6622 0
2403 6622 0
2431 6622 0
2454 6623 0
2471 6624 0
2485 6624 0
2495 6624 0
2501 6623 0
2505 6622 0
2508 6622 0
2511 6621 0
.PEN_UP
