.VERSION 1.0 
.HIERARCHY CHARACTER
.COORD X Y T
.SEGMENT CHARACTER 0-2 OK "4"
.H_LINE 1374 2249
.V_LINE 6500 7250
.X_DIM 750
.Y_DIM 874
.X_POINTS_PER_INCH 1000
.Y_POINTS_PER_INCH 1000
.POINTS_PER_SECOND 125
.COMMENT CALIB X: 69 Y: -86

.WRITER_INFO
 Name: S VIJAY KUMAR
 WriterId: 30
 Hand: right
 EducationLevel: college graduate
 Gender: male
 Profession: student
 Region: rajahmundry
 Age: 22
 DeviceType: digimemo a402
 SkillDevice: average
 Language: hindi
 Script: indic
 Native: false
 Style: discrete
 UsageFreq: once a month
 Proficiency: average
 Date: 2007-6-15
 WritingInProfession: no

.PEN_DOWN
6833 1761 0
6834 1758 0
6837 1758 0
6839 1764 0
6842 1771 0
6842 1779 0
6843 1787 0
6845 1797 0
6846 1805 0
6846 1812 0
6847 1817 0
6848 1823 0
6848 1826 0
6847 1829 0
6844 1829 0
6840 1827 0
6835 1824 0
6830 1821 0
6825 1820 0
6819 1819 0
6813 1818 0
6808 1819 0
6804 1820 0
6801 1821 0
6798 1823 0
6797 1827 0
6798 1830 0
6801 1833 0
6805 1836 0
6811 1839 0
6816 1842 0
6821 1845 0
6825 1848 0
6828 1851 0
6832 1857 0
6835 1863 0
6838 1868 0
6839 1873 0
6839 1879 0
6838 1884 0
6831 1891 0
6822 1899 0
6811 1905 0
6800 1908 0
6789 1910 0
6779 1910 0
6771 1908 0
6765 1905 0
6762 1902 0
6760 1898 0
6759 1894 0
6759 1891 0
6760 1888 0
6763 1888 0
6768 1888 0
6774 1890 0
6781 1894 0
6787 1900 0
6794 1906 0
6800 1913 0
6807 1920 0
6813 1927 0
6817 1933 0
6820 1939 0
6822 1944 0
6824 1948 0
6826 1951 0
6830 1950 0
.PEN_UP
.PEN_DOWN
6797 1765 0
6800 1765 0
6805 1764 0
6813 1761 0
6824 1759 0
6837 1757 0
6849 1756 0
6860 1756 0
6870 1756 0
6878 1757 0
6886 1756 0
6894 1756 0
6901 1755 0
6906 1754 0
6910 1753 0
6912 1750 0
6913 1747 0
6913 1747 0
.PEN_UP
.PEN_DOWN
6839 1732 0
6836 1730 0
6832 1726 0
6830 1720 0
6828 1712 0
6826 1704 0
6826 1695 0
6826 1682 0
6827 1665 0
6831 1645 0
6836 1630 0
6843 1619 0
6852 1611 0
6863 1607 0
6874 1605 0
6887 1606 0
6899 1612 0
6909 1619 0
6918 1629 0
6925 1639 0
6930 1650 0
6933 1661 0
6935 1673 0
6936 1683 0
6936 1692 0
6934 1702 0
6932 1711 0
.PEN_UP
