.VERSION 1.0 
.HIERARCHY CHARACTER
.COORD X Y T
.SEGMENT CHARACTER 0-3 OK "103"
.H_LINE 4624 5499
.V_LINE 5000 5750
.X_DIM 750
.Y_DIM 874
.X_POINTS_PER_INCH 1000
.Y_POINTS_PER_INCH 1000
.POINTS_PER_SECOND 125
.COMMENT CALIB X: 35 Y: -91

.WRITER_INFO
 Name: S VIJAY KUMAR
 WriterId: 30
 Hand: right
 EducationLevel: college graduate
 Gender: male
 Profession: student
 Region: rajahmundry
 Age: 22
 DeviceType: digimemo a402
 SkillDevice: average
 Language: hindi
 Script: indic
 Native: false
 Style: discrete
 UsageFreq: once a month
 Proficiency: average
 Date: 2007-6-15
 WritingInProfession: no

.PEN_DOWN
5290 5080 0
5290 5083 0
5290 5086 0
5289 5089 0
5288 5092 0
5285 5095 0
5280 5097 0
5274 5099 0
5268 5100 0
5262 5099 0
5257 5099 0
5253 5097 0
5250 5095 0
5249 5091 0
5249 5087 0
5251 5082 0
5257 5078 0
5264 5075 0
5272 5071 0
5282 5068 0
5293 5064 0
5305 5060 0
5321 5057 0
5337 5054 0
5355 5052 0
5371 5050 0
5384 5049 0
5391 5048 0
5394 5048 0
5391 5049 0
5387 5050 0
5384 5052 0
5381 5053 0
.PEN_UP
.PEN_DOWN
5338 5121 0
5335 5121 0
5332 5123 0
5329 5125 0
5328 5129 0
5329 5134 0
5330 5139 0
5331 5145 0
5333 5151 0
5335 5156 0
5338 5161 0
5342 5165 0
5330 5169 0
5323 5171 0
5319 5172 0
5315 5172 0
5312 5170 0
5310 5166 0
5308 5161 0
5307 5154 0
5307 5145 0
5306 5137 0
5307 5129 0
5309 5121 0
5312 5114 0
5316 5107 0
5322 5100 0
5329 5094 0
5340 5084 0
5354 5076 0
5369 5068 0
5383 5060 0
5395 5054 0
5404 5049 0
5409 5046 0
5412 5044 0
5410 5047 0
5410 5047 0
.PEN_UP
.PEN_DOWN
5409 4952 0
5404 4951 0
5402 4954 0
5402 4958 0
5402 4963 0
5402 4970 0
5402 4978 0
5401 4987 0
5401 4998 0
5401 5010 0
5401 5024 0
5401 5037 0
5401 5049 0
5402 5061 0
5405 5074 0
5408 5087 0
5410 5100 0
5411 5110 0
5412 5118 0
5412 5124 0
5413 5127 0
5412 5123 0
.PEN_UP
.PEN_DOWN
5326 4949 0
5329 4948 0
5334 4948 0
5342 4947 0
5355 4946 0
5371 4944 0
5390 4942 0
5412 4938 0
5435 4934 0
5456 4931 0
5473 4930 0
5485 4931 0
5491 4932 0
.PEN_UP
