.VERSION 1.0 
.HIERARCHY CHARACTER
.COORD X Y T
.SEGMENT CHARACTER 0-4 OK "2"
.H_LINE 1374 2249
.V_LINE 3500 4250
.X_DIM 750
.Y_DIM 874
.X_POINTS_PER_INCH 1000
.Y_POINTS_PER_INCH 1000
.POINTS_PER_SECOND 125
.COMMENT CALIB X: 195 Y: 77

.WRITER_INFO
 Name: ADITYA
 WriterId: 34
 Hand: left
 EducationLevel: primary school
 Gender: male
 Profession: student
 Region: australia
 Age: 14
 DeviceType: digimemo a402
 SkillDevice: average
 Language: hindi
 Script: indic
 Native: false
 Style: discrete
 UsageFreq: every day
 Proficiency: average
 Date: 2007-6-16
 WritingInProfession: yes, but limited

.PEN_DOWN
3665 1816 0
3664 1812 0
3663 1809 0
3663 1806 0
3665 1803 0
3667 1800 0
3669 1797 0
3672 1793 0
3676 1789 0
3682 1787 0
3688 1785 0
3696 1783 0
3702 1782 0
3706 1783 0
3710 1785 0
3713 1789 0
3716 1798 0
3717 1809 0
3717 1821 0
3715 1834 0
3710 1849 0
3704 1860 0
3698 1870 0
3691 1877 0
3685 1881 0
3679 1882 0
3675 1883 0
3672 1882 0
3673 1879 0
3675 1876 0
3679 1872 0
3686 1868 0
3694 1866 0
3700 1866 0
3707 1872 0
3716 1882 0
3725 1895 0
3733 1911 0
3738 1926 0
3742 1939 0
3743 1951 0
3741 1961 0
3736 1970 0
3730 1976 0
3722 1981 0
3710 1983 0
3698 1983 0
3685 1981 0
3672 1978 0
3661 1974 0
3653 1970 0
3646 1966 0
3642 1961 0
3640 1956 0
3638 1951 0
3639 1945 0
3641 1942 0
.PEN_UP
.PEN_DOWN
3788 1814 0
3788 1811 0
3788 1808 0
3788 1811 0
3788 1820 0
3788 1831 0
3788 1845 0
3789 1866 0
3790 1885 0
3792 1905 0
3794 1925 0
3798 1941 0
3801 1953 0
3804 1960 0
3805 1964 0
3805 1964 0
.PEN_UP
.PEN_DOWN
3795 1934 0
3794 1926 0
3793 1920 0
3791 1916 0
3788 1913 0
3784 1911 0
3778 1909 0
3770 1909 0
3764 1910 0
3758 1912 0
3751 1915 0
3746 1916 0
3742 1917 0
3742 1917 0
.PEN_UP
.PEN_DOWN
3864 1824 0
3866 1821 0
3868 1817 0
3869 1814 0
3869 1820 0
3869 1829 0
3869 1842 0
3869 1859 0
3869 1876 0
3870 1892 0
3872 1908 0
3873 1923 0
3876 1937 0
3879 1947 0
3881 1954 0
3882 1957 0
3884 1952 0
.PEN_UP
.PEN_DOWN
3921 1772 0
3923 1769 0
3924 1766 0
3923 1763 0
3920 1762 0
3914 1763 0
3903 1764 0
3889 1765 0
3871 1768 0
3846 1770 0
3819 1772 0
3795 1774 0
3774 1775 0
3757 1778 0
3743 1782 0
3730 1787 0
.PEN_UP
