.VERSION 1.0 
.HIERARCHY CHARACTER
.COORD X Y T
.SEGMENT CHARACTER 0-2 OK "43"
.H_LINE 4624 5499
.V_LINE 5000 5750
.X_DIM 750
.Y_DIM 874
.X_POINTS_PER_INCH 1000
.Y_POINTS_PER_INCH 1000
.POINTS_PER_SECOND 125
.COMMENT CALIB X: 165 Y: 96

.WRITER_INFO
 Name: ADITYA
 WriterId: 34
 Hand: left
 EducationLevel: primary school
 Gender: male
 Profession: student
 Region: australia
 Age: 14
 DeviceType: digimemo a402
 SkillDevice: average
 Language: hindi
 Script: indic
 Native: false
 Style: discrete
 UsageFreq: every day
 Proficiency: average
 Date: 2007-6-16
 WritingInProfession: yes, but limited

.PEN_DOWN
5207 4956 0
5208 4953 0
5209 4950 0
5210 4947 0
5211 4944 0
5213 4941 0
5217 4938 0
5222 4937 0
5229 4937 0
5236 4938 0
5246 4941 0
5258 4945 0
5271 4952 0
5282 4960 0
5290 4971 0
5294 4985 0
5293 5000 0
5289 5014 0
5279 5028 0
5267 5040 0
5253 5050 0
5238 5058 0
5225 5062 0
5214 5062 0
5203 5060 0
5196 5056 0
5191 5051 0
5187 5046 0
5185 5042 0
5184 5039 0
5187 5040 0
5190 5043 0
5195 5047 0
5203 5054 0
5212 5062 0
5223 5070 0
5233 5079 0
5243 5086 0
5251 5092 0
5257 5095 0
5261 5096 0
5264 5094 0
5267 5092 0
.PEN_UP
.PEN_DOWN
5274 5039 0
5277 5039 0
5281 5039 0
5284 5039 0
5288 5038 0
5292 5037 0
5299 5036 0
5308 5034 0
5318 5032 0
5330 5027 0
5341 5021 0
5350 5014 0
5358 5006 0
5364 4996 0
5368 4986 0
5370 4978 0
5371 4973 0
5370 4970 0
5369 4974 0
5369 4980 0
5368 4990 0
5367 5003 0
5366 5017 0
5368 5030 0
5370 5043 0
5373 5059 0
5377 5072 0
5380 5084 0
5382 5093 0
5384 5097 0
5385 5094 0
5388 5080 0
.PEN_UP
.PEN_DOWN
5417 4922 0
5420 4924 0
5423 4924 0
5419 4922 0
5414 4921 0
5402 4919 0
5381 4917 0
5351 4917 0
5316 4917 0
5282 4918 0
5252 4920 0
5227 4923 0
5208 4925 0
5194 4926 0
5183 4929 0
5176 4924 0
.PEN_UP
