.VERSION 1.0 
.HIERARCHY CHARACTER
.COORD X Y T
.SEGMENT CHARACTER 0-1 OK "94"
.H_LINE 1374 2249
.V_LINE 6500 7250
.X_DIM 750
.Y_DIM 874
.X_POINTS_PER_INCH 1000
.Y_POINTS_PER_INCH 1000
.POINTS_PER_SECOND 125
.COMMENT CALIB X: 209 Y: 76

.WRITER_INFO
 Name: ADITYA
 WriterId: 34
 Hand: left
 EducationLevel: primary school
 Gender: male
 Profession: student
 Region: australia
 Age: 14
 DeviceType: digimemo a402
 SkillDevice: average
 Language: hindi
 Script: indic
 Native: false
 Style: discrete
 UsageFreq: every day
 Proficiency: average
 Date: 2007-6-16
 WritingInProfession: yes, but limited

.PEN_DOWN
6794 1871 0
6798 1873 0
6807 1875 0
6815 1876 0
6819 1876 0
6816 1875 0
6812 1875 0
6806 1875 0
6796 1875 0
6780 1875 0
6761 1875 0
6739 1877 0
6715 1879 0
6691 1879 0
6665 1878 0
6642 1878 0
6623 1878 0
6607 1877 0
6597 1877 0
6592 1877 0
6589 1877 0
6594 1876 0
6602 1880 0
6611 1881 0
.PEN_UP
.PEN_DOWN
6745 2002 0
6740 2000 0
6734 2001 0
6723 2003 0
6711 2006 0
6698 2008 0
6683 2010 0
6668 2011 0
6655 2011 0
6642 2010 0
6629 2009 0
6619 2007 0
6610 2004 0
6603 2003 0
6600 2000 0
6598 1996 0
6597 1991 0
6595 1984 0
6595 1976 0
6595 1969 0
6596 1963 0
6598 1958 0
6601 1955 0
6605 1953 0
6609 1951 0
6615 1950 0
6621 1951 0
6628 1953 0
6636 1956 0
6643 1960 0
6648 1965 0
6652 1973 0
6655 1983 0
6657 1993 0
6658 2003 0
6658 2009 0
6656 2015 0
6653 2022 0
6648 2030 0
6643 2038 0
6637 2047 0
6631 2057 0
6626 2065 0
6623 2070 0
6621 2074 0
6620 2077 0
6620 2080 0
6622 2083 0
6626 2086 0
6632 2091 0
6639 2097 0
6647 2103 0
6658 2108 0
6669 2113 0
6680 2116 0
6689 2116 0
6698 2115 0
6705 2113 0
6710 2110 0
6714 2106 0
6718 2099 0
6723 2087 0
6727 2077 0
6730 2069 0
6732 2064 0
6733 2061 0
6734 2058 0
6731 2059 0
6728 2061 0
6727 2064 0
6726 2067 0
6725 2070 0
6725 2075 0
6726 2079 0
6726 2082 0
6727 2086 0
6728 2092 0
6730 2103 0
6733 2119 0
6739 2132 0
6746 2143 0
6753 2152 0
6759 2158 0
6763 2162 0
6764 2154 0
.PEN_UP
