.VERSION 1.0 
.HIERARCHY CHARACTER
.COORD X Y T
.SEGMENT CHARACTER 0-3 OK "104"
.H_LINE 4624 5499
.V_LINE 6500 7250
.X_DIM 750
.Y_DIM 874
.X_POINTS_PER_INCH 1000
.Y_POINTS_PER_INCH 1000
.POINTS_PER_SECOND 125
.COMMENT CALIB X: 173 Y: 107

.WRITER_INFO
 Name: ADITYA
 WriterId: 34
 Hand: left
 EducationLevel: primary school
 Gender: male
 Profession: student
 Region: australia
 Age: 14
 DeviceType: digimemo a402
 SkillDevice: average
 Language: hindi
 Script: indic
 Native: false
 Style: discrete
 UsageFreq: every day
 Proficiency: average
 Date: 2007-6-16
 WritingInProfession: yes, but limited

.PEN_DOWN
6594 5208 0
6598 5206 0
6601 5204 0
6606 5201 0
6610 5197 0
6616 5192 0
6625 5183 0
6635 5174 0
6644 5165 0
6653 5155 0
6661 5143 0
6669 5129 0
6675 5117 0
6679 5109 0
6682 5100 0
6684 5091 0
6686 5082 0
6687 5076 0
6688 5072 0
6685 5072 0
6682 5075 0
6677 5079 0
6672 5084 0
6666 5092 0
6660 5100 0
6655 5111 0
6651 5121 0
6647 5131 0
6644 5142 0
6642 5153 0
6642 5161 0
6643 5166 0
6644 5169 0
6646 5172 0
6650 5178 0
6657 5185 0
6665 5190 0
6674 5194 0
6683 5196 0
6692 5196 0
6702 5193 0
6712 5187 0
6721 5181 0
6730 5175 0
6738 5168 0
6744 5162 0
6749 5158 0
6752 5156 0
6751 5159 0
6749 5164 0
6744 5174 0
6737 5185 0
6731 5197 0
6725 5212 0
6717 5228 0
6711 5242 0
6706 5253 0
6702 5261 0
6700 5265 0
6698 5268 0
6702 5261 0
.PEN_UP
.PEN_DOWN
6785 5096 0
6788 5094 0
6790 5100 0
6790 5114 0
6789 5135 0
6789 5155 0
6791 5175 0
6794 5192 0
6797 5204 0
6798 5214 0
6799 5225 0
6799 5233 0
6799 5238 0
6799 5238 0
.PEN_UP
.PEN_DOWN
6784 5166 0
6779 5166 0
6770 5167 0
6758 5167 0
6748 5168 0
6740 5169 0
6733 5169 0
6726 5169 0
6722 5169 0
.PEN_UP
.PEN_DOWN
6859 5073 0
6864 5074 0
6868 5075 0
6862 5073 0
6852 5072 0
6839 5071 0
6821 5069 0
6803 5068 0
6784 5066 0
6765 5064 0
6745 5062 0
6727 5062 0
6710 5058 0
.PEN_UP
