.VERSION 1.0 
.HIERARCHY CHARACTER
.COORD X Y T
.SEGMENT CHARACTER 0-2 OK "45"
.H_LINE 6249 7124
.V_LINE 499 1250
.X_DIM 750
.Y_DIM 875
.X_POINTS_PER_INCH 1000
.Y_POINTS_PER_INCH 1000
.POINTS_PER_SECOND 125
.COMMENT CALIB X: -52 Y: -209

.WRITER_INFO
 Name: PARVATHI CHARY
 WriterId: 32
 Hand: right
 EducationLevel: post graduate
 Gender: male
 Profession: lecturer
 Region: chennai
 Age: 50
 DeviceType: digimemo a402
 SkillDevice: average
 Language: hindi
 Script: indic
 Native: false
 Style: discrete
 UsageFreq: rarely
 Proficiency: good
 Date: 2007-9-20
 WritingInProfession: no

.PEN_DOWN
893 6438 0
894 6444 0
896 6453 0
900 6467 0
904 6487 0
908 6514 0
910 6545 0
912 6581 0
913 6616 0
914 6646 0
914 6670 0
914 6687 0
914 6700 0
914 6709 0
914 6715 0
914 6719 0
913 6713 0
914 6704 0
.PEN_UP
.PEN_DOWN
909 6566 0
910 6569 0
911 6573 0
911 6579 0
910 6588 0
908 6596 0
904 6603 0
898 6608 0
888 6612 0
873 6615 0
854 6615 0
831 6613 0
808 6608 0
787 6601 0
771 6593 0
758 6584 0
748 6575 0
743 6566 0
741 6557 0
742 6550 0
746 6543 0
754 6539 0
765 6536 0
778 6533 0
793 6532 0
808 6534 0
818 6537 0
825 6544 0
827 6553 0
826 6563 0
821 6578 0
811 6595 0
799 6611 0
787 6627 0
776 6643 0
767 6656 0
763 6667 0
762 6675 0
763 6683 0
767 6689 0
775 6695 0
785 6699 0
798 6700 0
812 6699 0
828 6696 0
841 6692 0
853 6686 0
860 6680 0
864 6674 0
864 6669 0
862 6666 0
856 6663 0
843 6665 0
823 6671 0
801 6677 0
778 6685 0
760 6694 0
742 6703 0
728 6712 0
713 6720 0
702 6727 0
696 6731 0
.PEN_UP
.PEN_DOWN
743 6472 0
738 6471 0
733 6471 0
730 6471 0
733 6470 0
743 6469 0
764 6465 0
807 6460 0
856 6455 0
903 6449 0
941 6443 0
974 6438 0
999 6435 0
1013 6434 0
1020 6433 0
1023 6433 0
1020 6435 0
1016 6438 0
1013 6442 0
1011 6447 0
.PEN_UP
