.VERSION 1.0 
.HIERARCHY CHARACTER
.COORD X Y T
.SEGMENT CHARACTER 0-2 OK "47"
.H_LINE 6249 7124
.V_LINE 3500 4250
.X_DIM 750
.Y_DIM 875
.X_POINTS_PER_INCH 1000
.Y_POINTS_PER_INCH 1000
.POINTS_PER_SECOND 125
.COMMENT CALIB X: -31 Y: -212

.WRITER_INFO
 Name: PARVATHI CHARY
 WriterId: 32
 Hand: right
 EducationLevel: post graduate
 Gender: male
 Profession: lecturer
 Region: chennai
 Age: 50
 DeviceType: digimemo a402
 SkillDevice: average
 Language: hindi
 Script: indic
 Native: false
 Style: discrete
 UsageFreq: rarely
 Proficiency: good
 Date: 2007-9-20
 WritingInProfession: no

.PEN_DOWN
3993 6506 0
3992 6502 0
3992 6498 0
3992 6494 0
3992 6489 0
3992 6486 0
3991 6493 0
3992 6509 0
3993 6530 0
3995 6556 0
3998 6585 0
4000 6613 0
4002 6642 0
4003 6666 0
4004 6684 0
4005 6699 0
4007 6710 0
4008 6718 0
4008 6723 0
4007 6727 0
4009 6723 0
4011 6712 0
.PEN_UP
.PEN_DOWN
4002 6618 0
3999 6618 0
3995 6618 0
3985 6618 0
3971 6618 0
3955 6618 0
3935 6618 0
3912 6617 0
3887 6617 0
3863 6617 0
3841 6619 0
3826 6620 0
3817 6621 0
3812 6623 0
3814 6627 0
3820 6631 0
3831 6636 0
3848 6641 0
3866 6647 0
3883 6653 0
3897 6660 0
3907 6667 0
3914 6674 0
3918 6682 0
3919 6691 0
3918 6699 0
3914 6706 0
3907 6713 0
3896 6720 0
3882 6727 0
3863 6733 0
3846 6737 0
3833 6739 0
3825 6739 0
3821 6738 0
3819 6735 0
3819 6732 0
3822 6733 0
3825 6738 0
3828 6743 0
3831 6749 0
3835 6756 0
3838 6763 0
3842 6771 0
3846 6777 0
3851 6781 0
3856 6783 0
3861 6783 0
3851 6779 0
.PEN_UP
.PEN_DOWN
3829 6497 0
3820 6495 0
3810 6493 0
3802 6491 0
3797 6490 0
3801 6490 0
3813 6489 0
3838 6488 0
3874 6488 0
3916 6487 0
3956 6486 0
4000 6485 0
4046 6485 0
4087 6483 0
4121 6481 0
4141 6480 0
4152 6478 0
4157 6478 0
4160 6478 0
4152 6482 0
.PEN_UP
