.VERSION 1.0 
.HIERARCHY CHARACTER
.COORD X Y T
.SEGMENT CHARACTER 0-1 OK "94"
.H_LINE 1374 2249
.V_LINE 6500 7250
.X_DIM 750
.Y_DIM 874
.X_POINTS_PER_INCH 1000
.Y_POINTS_PER_INCH 1000
.POINTS_PER_SECOND 125
.COMMENT CALIB X: 27 Y: -128

.WRITER_INFO
 Name: PARVATHI CHARY
 WriterId: 32
 Hand: right
 EducationLevel: post graduate
 Gender: male
 Profession: lecturer
 Region: chennai
 Age: 50
 DeviceType: digimemo a402
 SkillDevice: average
 Language: hindi
 Script: indic
 Native: false
 Style: discrete
 UsageFreq: rarely
 Proficiency: good
 Date: 2007-9-20
 WritingInProfession: no

.PEN_DOWN
7072 1768 0
7079 1768 0
7074 1768 0
7070 1768 0
7067 1769 0
7064 1771 0
7061 1774 0
7056 1777 0
7050 1780 0
7043 1783 0
7032 1787 0
7018 1790 0
7000 1791 0
6981 1792 0
6957 1793 0
6928 1793 0
6900 1792 0
6879 1791 0
6864 1789 0
6854 1787 0
6845 1784 0
6838 1780 0
6834 1776 0
6833 1771 0
6834 1765 0
6838 1757 0
6844 1749 0
6853 1742 0
6864 1736 0
6875 1732 0
6884 1729 0
6890 1728 0
6893 1728 0
6896 1730 0
6899 1733 0
6902 1737 0
6905 1742 0
6906 1748 0
6907 1754 0
6907 1759 0
6907 1765 0
6906 1770 0
6904 1776 0
6902 1782 0
6899 1788 0
6895 1793 0
6891 1797 0
6887 1801 0
6882 1809 0
6877 1816 0
6873 1823 0
6869 1829 0
6866 1835 0
6863 1841 0
6862 1846 0
6862 1850 0
6862 1854 0
6865 1859 0
6869 1863 0
6873 1866 0
6882 1870 0
6899 1872 0
6916 1873 0
6931 1872 0
6945 1870 0
6959 1865 0
6971 1860 0
6980 1855 0
6987 1849 0
6992 1844 0
6994 1840 0
6992 1837 0
6989 1835 0
6983 1833 0
6974 1832 0
6962 1833 0
6951 1835 0
6937 1839 0
6922 1845 0
6912 1851 0
6903 1860 0
6890 1870 0
6880 1879 0
6873 1888 0
6867 1897 0
6862 1904 0
6858 1910 0
6855 1916 0
6851 1924 0
6844 1932 0
6836 1938 0
6826 1941 0
.PEN_UP
.PEN_DOWN
6858 1639 0
6865 1639 0
6880 1638 0
6906 1638 0
6937 1638 0
6969 1637 0
6999 1637 0
7022 1636 0
7040 1634 0
7053 1632 0
7061 1631 0
7066 1630 0
7069 1631 0
.PEN_UP
