.VERSION 1.0 
.HIERARCHY CHARACTER
.COORD X Y T
.SEGMENT CHARACTER 0-3 OK "96"
.H_LINE 2999 3874
.V_LINE 1999 2749
.X_DIM 749
.Y_DIM 874
.X_POINTS_PER_INCH 1000
.Y_POINTS_PER_INCH 1000
.POINTS_PER_SECOND 125
.COMMENT CALIB X: -34 Y: -153

.WRITER_INFO
 Name: PARVATHI CHARY
 WriterId: 32
 Hand: right
 EducationLevel: post graduate
 Gender: male
 Profession: lecturer
 Region: chennai
 Age: 50
 DeviceType: digimemo a402
 SkillDevice: average
 Language: hindi
 Script: indic
 Native: false
 Style: discrete
 UsageFreq: rarely
 Proficiency: good
 Date: 2007-9-20
 WritingInProfession: no

.PEN_DOWN
2462 3319 0
2462 3315 0
2463 3311 0
2464 3308 0
2465 3305 0
2465 3309 0
2465 3318 0
2465 3333 0
2464 3355 0
2462 3384 0
2461 3415 0
2459 3444 0
2458 3468 0
2458 3489 0
2458 3504 0
2458 3518 0
2459 3529 0
2459 3537 0
2460 3541 0
2460 3545 0
2461 3541 0
2462 3536 0
2462 3525 0
2461 3513 0
2460 3501 0
2459 3489 0
2457 3479 0
2454 3472 0
2449 3466 0
2438 3462 0
2419 3459 0
2400 3457 0
2383 3457 0
2364 3459 0
2349 3462 0
2338 3465 0
2329 3471 0
2320 3478 0
2313 3486 0
2307 3495 0
2302 3504 0
2299 3513 0
2297 3523 0
2296 3534 0
2296 3544 0
2298 3554 0
2300 3563 0
2301 3569 0
2302 3573 0
2304 3570 0
.PEN_UP
.PEN_DOWN
2437 3445 0
2433 3444 0
2425 3444 0
2412 3444 0
2394 3443 0
2370 3443 0
2343 3443 0
2318 3444 0
2295 3446 0
2275 3448 0
2260 3451 0
2251 3453 0
2246 3454 0
2243 3455 0
2244 3458 0
.PEN_UP
.PEN_DOWN
2448 3456 0
2451 3452 0
2455 3448 0
2458 3446 0
2461 3445 0
2465 3449 0
2470 3455 0
2476 3465 0
2482 3475 0
2488 3485 0
2494 3494 0
2498 3500 0
2500 3506 0
2501 3512 0
2502 3518 0
2501 3523 0
2499 3528 0
2497 3533 0
2495 3539 0
2496 3543 0
.PEN_UP
.PEN_DOWN
2269 3276 0
2265 3277 0
2262 3278 0
2259 3278 0
2265 3278 0
2279 3278 0
2308 3277 0
2351 3277 0
2398 3277 0
2441 3277 0
2479 3277 0
2516 3277 0
2552 3277 0
2581 3276 0
2600 3276 0
2611 3275 0
2617 3275 0
2617 3275 0
.PEN_UP
