335.0,279.0
337.0,283.0
339.0,286.0
340.0,289.0
338.0,291.0
337.0,295.0
334.0,297.0
330.0,299.0
328.0,301.0
326.0,301.0
323.0,299.0
322.0,297.0
322.0,293.0
323.0,291.0
325.0,286.0
328.0,285.0
332.0,283.0
334.0,280.0
340.0,277.0
343.0,276.0
345.0,273.0
349.0,271.0
352.0,268.0
356.0,265.0
358.0,263.0
361.0,259.0
362.0,255.0
365.0,252.0
368.0,250.0
370.0,246.0
372.0,243.0
374.0,241.0
375.0,238.0
377.0,234.0
378.0,232.0
378.0,228.0
379.0,224.0
379.0,220.0
379.0,218.0
379.0,216.0
379.0,213.0
380.0,215.0
380.0,217.0
378.0,220.0
378.0,224.0
378.0,226.0
378.0,228.0
378.0,230.0
378.0,233.0
376.0,237.0
376.0,241.0
374.0,243.0
374.0,247.0
372.0,249.0
372.0,253.0
372.0,255.0
370.0,258.0
370.0,262.0
370.0,264.0
370.0,266.0
370.0,270.0
370.0,274.0
370.0,276.0
370.0,279.0
370.0,281.0
370.0,283.0
368.0,287.0
368.0,290.0
368.0,293.0
369.0,297.0
369.0,300.0
370.0,302.0
370.0,304.0
370.0,302.0
-1.0,-1.0
299.0,223.0
303.0,221.0
307.0,221.0
309.0,221.0
313.0,221.0
317.0,221.0
319.0,221.0
324.0,221.0
327.0,221.0
330.0,221.0
336.0,221.0
340.0,221.0
345.0,221.0
348.0,219.0
351.0,219.0
355.0,219.0
361.0,219.0
363.0,217.0
367.0,217.0
371.0,217.0
373.0,217.0
375.0,217.0
378.0,217.0
380.0,217.0
384.0,217.0
386.0,217.0
390.0,215.0
394.0,215.0
398.0,215.0
402.0,215.0
404.0,215.0
408.0,215.0
410.0,215.0
412.0,213.0
415.0,213.0
416.0,211.0
-1.0,-1.0
 
