375.0,51.0
375.0,52.0
375.0,54.0
375.0,56.0
376.0,58.0
376.0,60.0
376.0,64.0
378.0,66.0
378.0,72.0
379.0,77.0
380.0,85.0
380.0,92.0
380.0,98.0
380.0,101.0
382.0,104.0
382.0,107.0
382.0,109.0
382.0,111.0
382.0,115.0
383.0,117.0
383.0,121.0
383.0,123.0
383.0,127.0
383.0,129.0
385.0,132.0
385.0,134.0
385.0,136.0
385.0,138.0
385.0,141.0
385.0,143.0
386.0,145.0
386.0,149.0
386.0,151.0
386.0,152.0
386.0,156.0
388.0,159.0
388.0,163.0
388.0,166.0
388.0,168.0
388.0,170.0
388.0,171.0
388.0,172.0
388.0,173.0
388.0,175.0
388.0,173.0
388.0,172.0
388.0,171.0
388.0,170.0
388.0,166.0
386.0,164.0
386.0,162.0
385.0,158.0
385.0,154.0
383.0,147.0
381.0,143.0
381.0,140.0
381.0,139.0
380.0,136.0
380.0,135.0
378.0,134.0
378.0,133.0
378.0,131.0
377.0,130.0
377.0,129.0
376.0,128.0
376.0,127.0
374.0,126.0
373.0,124.0
371.0,123.0
370.0,123.0
369.0,122.0
367.0,121.0
364.0,121.0
363.0,120.0
362.0,120.0
360.0,119.0
357.0,119.0
356.0,117.0
353.0,117.0
352.0,117.0
348.0,117.0
345.0,117.0
340.0,117.0
336.0,117.0
332.0,117.0
329.0,117.0
324.0,117.0
319.0,120.0
314.0,122.0
311.0,123.0
307.0,124.0
305.0,126.0
302.0,127.0
301.0,128.0
300.0,129.0
298.0,129.0
297.0,130.0
297.0,131.0
297.0,133.0
297.0,134.0
297.0,135.0
297.0,137.0
297.0,140.0
297.0,143.0
297.0,146.0
297.0,148.0
297.0,150.0
297.0,151.0
297.0,153.0
297.0,155.0
297.0,156.0
297.0,157.0
297.0,158.0
297.0,160.0
297.0,162.0
298.0,163.0
300.0,166.0
301.0,167.0
302.0,168.0
304.0,168.0
304.0,169.0
305.0,169.0
307.0,169.0
308.0,169.0
309.0,169.0
311.0,169.0
312.0,167.0
312.0,166.0
314.0,163.0
314.0,162.0
315.0,160.0
315.0,158.0
315.0,157.0
315.0,156.0
315.0,155.0
315.0,154.0
315.0,153.0
315.0,151.0
315.0,150.0
315.0,148.0
315.0,147.0
315.0,146.0
315.0,144.0
315.0,143.0
315.0,142.0
315.0,141.0
315.0,140.0
315.0,139.0
314.0,139.0
314.0,137.0
314.0,136.0
314.0,135.0
-1.0,-1.0
311.0,63.0
314.0,63.0
315.0,62.0
318.0,62.0
321.0,61.0
325.0,60.0
328.0,60.0
332.0,59.0
335.0,59.0
338.0,58.0
339.0,58.0
342.0,58.0
345.0,56.0
348.0,56.0
350.0,56.0
353.0,55.0
357.0,55.0
360.0,55.0
366.0,54.0
370.0,54.0
376.0,53.0
380.0,53.0
-1.0,-1.0
-1.0,-1.0
 
