149.0,240.0
149.0,244.0
149.0,247.0
149.0,250.0
149.0,251.0
149.0,254.0
149.0,255.0
149.0,256.0
149.0,257.0
149.0,258.0
148.0,258.0
146.0,258.0
145.0,258.0
142.0,258.0
140.0,258.0
138.0,258.0
135.0,257.0
133.0,257.0
133.0,256.0
132.0,255.0
131.0,252.0
131.0,251.0
129.0,250.0
129.0,248.0
128.0,247.0
128.0,245.0
128.0,244.0
128.0,243.0
128.0,242.0
128.0,241.0
129.0,238.0
132.0,237.0
135.0,234.0
138.0,233.0
149.0,229.0
151.0,229.0
154.0,228.0
158.0,228.0
162.0,228.0
165.0,228.0
171.0,228.0
175.0,228.0
179.0,228.0
183.0,228.0
190.0,228.0
195.0,228.0
203.0,228.0
207.0,228.0
216.0,228.0
221.0,228.0
228.0,227.0
234.0,227.0
241.0,224.0
244.0,223.0
249.0,221.0
254.0,219.0
258.0,217.0
261.0,216.0
265.0,212.0
268.0,210.0
269.0,208.0
271.0,205.0
272.0,202.0
273.0,201.0
273.0,198.0
275.0,196.0
275.0,191.0
275.0,188.0
275.0,183.0
275.0,180.0
275.0,176.0
273.0,174.0
272.0,171.0
272.0,169.0
271.0,167.0
269.0,164.0
269.0,162.0
268.0,162.0
268.0,161.0
268.0,163.0
268.0,166.0
268.0,170.0
268.0,175.0
268.0,184.0
268.0,189.0
268.0,201.0
268.0,213.0
268.0,234.0
268.0,240.0
268.0,253.0
268.0,261.0
268.0,270.0
268.0,275.0
268.0,281.0
268.0,283.0
268.0,285.0
268.0,286.0
268.0,288.0
268.0,289.0
268.0,290.0
268.0,291.0
268.0,292.0
268.0,294.0
-1.0,-1.0
198.0,164.0
202.0,163.0
211.0,163.0
216.0,163.0
229.0,163.0
238.0,163.0
261.0,163.0
271.0,163.0
295.0,163.0
307.0,163.0
325.0,163.0
333.0,163.0
339.0,163.0
343.0,163.0
347.0,163.0
350.0,163.0
351.0,163.0
-1.0,-1.0
 
