376.0,68.0
376.0,67.0
375.0,67.0
375.0,70.0
375.0,71.0
375.0,73.0
375.0,76.0
375.0,80.0
375.0,85.0
375.0,94.0
375.0,102.0
375.0,106.0
375.0,109.0
375.0,113.0
376.0,121.0
376.0,125.0
378.0,130.0
378.0,133.0
379.0,136.0
379.0,138.0
381.0,142.0
381.0,144.0
382.0,148.0
382.0,149.0
383.0,151.0
383.0,154.0
383.0,155.0
385.0,155.0
385.0,156.0
385.0,158.0
385.0,161.0
386.0,163.0
386.0,164.0
386.0,167.0
386.0,168.0
388.0,170.0
388.0,171.0
388.0,172.0
388.0,174.0
388.0,175.0
388.0,176.0
388.0,177.0
388.0,176.0
388.0,174.0
386.0,172.0
383.0,169.0
382.0,167.0
379.0,164.0
378.0,162.0
376.0,160.0
375.0,157.0
374.0,155.0
372.0,154.0
371.0,152.0
369.0,150.0
367.0,148.0
365.0,145.0
362.0,142.0
361.0,141.0
360.0,138.0
357.0,137.0
355.0,136.0
354.0,135.0
352.0,134.0
351.0,133.0
348.0,131.0
345.0,130.0
343.0,130.0
341.0,130.0
338.0,129.0
336.0,129.0
333.0,129.0
330.0,128.0
324.0,128.0
321.0,128.0
319.0,128.0
316.0,128.0
313.0,128.0
307.0,128.0
303.0,128.0
300.0,128.0
296.0,128.0
292.0,129.0
281.0,131.0
276.0,133.0
266.0,136.0
263.0,138.0
259.0,141.0
254.0,142.0
250.0,144.0
249.0,146.0
246.0,148.0
246.0,149.0
244.0,150.0
244.0,151.0
244.0,153.0
244.0,154.0
244.0,155.0
244.0,156.0
244.0,157.0
244.0,158.0
244.0,161.0
244.0,162.0
246.0,163.0
247.0,164.0
249.0,167.0
250.0,168.0
252.0,169.0
253.0,169.0
254.0,170.0
256.0,170.0
257.0,170.0
259.0,170.0
260.0,170.0
263.0,170.0
264.0,170.0
266.0,170.0
267.0,170.0
267.0,169.0
268.0,168.0
268.0,167.0
268.0,165.0
268.0,164.0
268.0,163.0
267.0,162.0
266.0,162.0
264.0,161.0
263.0,160.0
261.0,158.0
260.0,158.0
259.0,157.0
257.0,157.0
256.0,157.0
254.0,157.0
253.0,157.0
-1.0,-1.0
291.0,90.0
292.0,89.0
294.0,87.0
297.0,86.0
299.0,85.0
301.0,84.0
305.0,83.0
308.0,82.0
312.0,80.0
316.0,79.0
321.0,77.0
325.0,76.0
329.0,74.0
333.0,74.0
340.0,73.0
344.0,73.0
351.0,72.0
356.0,72.0
359.0,71.0
361.0,71.0
367.0,71.0
380.0,69.0
391.0,67.0
404.0,65.0
408.0,65.0
412.0,65.0
415.0,65.0
419.0,64.0
422.0,64.0
425.0,64.0
428.0,64.0
431.0,64.0
432.0,63.0
434.0,63.0
435.0,63.0
438.0,63.0
-1.0,-1.0
 
