80.0,224.0
80.0,226.0
80.0,228.0
80.0,232.0
80.0,233.0
80.0,237.0
80.0,239.0
80.0,240.0
80.0,241.0
80.0,244.0
79.0,245.0
79.0,246.0
79.0,247.0
78.0,247.0
76.0,248.0
75.0,248.0
73.0,248.0
72.0,248.0
71.0,248.0
69.0,248.0
68.0,248.0
65.0,247.0
63.0,246.0
62.0,245.0
62.0,244.0
61.0,242.0
59.0,241.0
59.0,240.0
58.0,240.0
58.0,239.0
58.0,238.0
58.0,237.0
58.0,235.0
58.0,234.0
58.0,233.0
58.0,232.0
58.0,231.0
58.0,228.0
58.0,227.0
58.0,226.0
59.0,224.0
61.0,220.0
63.0,218.0
66.0,216.0
68.0,213.0
71.0,211.0
72.0,208.0
76.0,206.0
79.0,205.0
82.0,204.0
85.0,203.0
89.0,201.0
92.0,201.0
96.0,200.0
99.0,200.0
101.0,200.0
103.0,200.0
106.0,199.0
111.0,199.0
117.0,198.0
123.0,198.0
125.0,197.0
130.0,197.0
134.0,197.0
138.0,197.0
139.0,197.0
142.0,197.0
144.0,196.0
147.0,196.0
149.0,194.0
152.0,194.0
155.0,193.0
158.0,192.0
161.0,191.0
162.0,191.0
165.0,189.0
166.0,187.0
169.0,185.0
172.0,184.0
173.0,183.0
173.0,181.0
175.0,179.0
176.0,176.0
177.0,173.0
179.0,172.0
179.0,171.0
179.0,169.0
180.0,165.0
182.0,163.0
182.0,159.0
182.0,157.0
182.0,154.0
182.0,153.0
182.0,151.0
182.0,150.0
182.0,147.0
182.0,146.0
182.0,145.0
182.0,144.0
182.0,143.0
182.0,144.0
182.0,145.0
182.0,149.0
182.0,152.0
182.0,159.0
182.0,164.0
182.0,173.0
182.0,177.0
182.0,185.0
182.0,189.0
182.0,196.0
182.0,199.0
182.0,205.0
182.0,208.0
183.0,213.0
183.0,216.0
183.0,220.0
183.0,223.0
185.0,226.0
185.0,228.0
186.0,232.0
186.0,235.0
186.0,240.0
187.0,241.0
187.0,242.0
187.0,244.0
187.0,245.0
187.0,246.0
187.0,247.0
187.0,248.0
187.0,251.0
187.0,252.0
187.0,254.0
187.0,255.0
187.0,257.0
187.0,258.0
187.0,260.0
187.0,261.0
189.0,264.0
189.0,265.0
189.0,267.0
189.0,268.0
189.0,269.0
189.0,271.0
189.0,272.0
189.0,273.0
-1.0,-1.0
79.0,116.0
80.0,116.0
82.0,116.0
84.0,116.0
89.0,116.0
93.0,116.0
99.0,116.0
101.0,116.0
108.0,116.0
113.0,116.0
122.0,116.0
128.0,114.0
139.0,113.0
144.0,112.0
153.0,111.0
165.0,111.0
181.0,109.0
192.0,108.0
199.0,108.0
207.0,108.0
210.0,106.0
216.0,106.0
219.0,105.0
222.0,105.0
223.0,105.0
226.0,105.0
227.0,105.0
229.0,105.0
230.0,105.0
232.0,105.0
233.0,105.0
234.0,105.0
236.0,105.0
-1.0,-1.0
 
