.VERSION 1.0 
.HIERARCHY CHARACTER
.COORD X Y T
.SEGMENT CHARACTER 0-4 OK "7"
.H_LINE 2999 3874
.V_LINE 3500 4250
.X_DIM 750
.Y_DIM 874
.X_POINTS_PER_INCH 1000
.Y_POINTS_PER_INCH 1000
.POINTS_PER_SECOND 125
.COMMENT CALIB X: -14 Y: -96

.WRITER_INFO
 Name: VAMSI KRISHNA
 WriterId: 64
 Hand: right
 EducationLevel: college graduate
 Gender: male
 Profession: student
 Region: visakhapatnam
 Age: 21
 DeviceType: digimemo a402
 SkillDevice: average
 Language: hindi
 Script: indic
 Native: false
 Style: discrete
 UsageFreq: rarely
 Proficiency: average
 Date: 2007-6-26
 WritingInProfession: no

.PEN_DOWN
3781 3315 0
3779 3312 0
3778 3317 0
3779 3324 0
3781 3332 0
3784 3342 0
3786 3355 0
3787 3370 0
3788 3386 0
3789 3405 0
3787 3424 0
3784 3442 0
.PEN_UP
.PEN_DOWN
3776 3365 0
3773 3363 0
3770 3361 0
3766 3358 0
3763 3356 0
3759 3353 0
3751 3349 0
3742 3346 0
3730 3343 0
3718 3341 0
3705 3339 0
3693 3338 0
3683 3338 0
3677 3338 0
3674 3340 0
3677 3342 0
.PEN_UP
.PEN_DOWN
3765 3358 0
3761 3363 0
3753 3372 0
3745 3382 0
3736 3392 0
3727 3402 0
3721 3412 0
3716 3422 0
3713 3429 0
3713 3429 0
.PEN_UP
.PEN_DOWN
3794 3360 0
3797 3358 0
3803 3356 0
3812 3353 0
3823 3349 0
3837 3345 0
3850 3341 0
3863 3336 0
3873 3332 0
3878 3327 0
3880 3324 0
3875 3322 0
3868 3322 0
3859 3325 0
3846 3329 0
3834 3335 0
3823 3344 0
3814 3352 0
3809 3360 0
3808 3367 0
3810 3374 0
3815 3379 0
3822 3383 0
3831 3386 0
3841 3388 0
3849 3390 0
3855 3392 0
3858 3396 0
3861 3401 0
3862 3407 0
3860 3417 0
3856 3428 0
3850 3440 0
3843 3452 0
3837 3462 0
3833 3470 0
3831 3476 0
3831 3481 0
3836 3483 0
3843 3483 0
3853 3481 0
3866 3478 0
3880 3472 0
3894 3463 0
.PEN_UP
.PEN_DOWN
3740 3314 0
3736 3309 0
3736 3306 0
3739 3303 0
3748 3300 0
3763 3298 0
3784 3296 0
3809 3294 0
3837 3292 0
3867 3291 0
.PEN_UP
