.VERSION 1.0 
.HIERARCHY CHARACTER
.COORD X Y T
.SEGMENT CHARACTER 0-1 OK "24"
.H_LINE 7874 8750
.V_LINE 6500 7250
.X_DIM 750
.Y_DIM 875
.X_POINTS_PER_INCH 1000
.Y_POINTS_PER_INCH 1000
.POINTS_PER_SECOND 125
.COMMENT CALIB X: 157 Y: -71

.WRITER_INFO
 Name: VAMSI KRISHNA
 WriterId: 64
 Hand: right
 EducationLevel: college graduate
 Gender: male
 Profession: student
 Region: visakhapatnam
 Age: 21
 DeviceType: digimemo a402
 SkillDevice: average
 Language: hindi
 Script: indic
 Native: false
 Style: discrete
 UsageFreq: rarely
 Proficiency: average
 Date: 2007-6-26
 WritingInProfession: no

.PEN_DOWN
6933 8270 0
6932 8273 0
6931 8277 0
6931 8283 0
6931 8290 0
6932 8297 0
6933 8302 0
6933 8306 0
6933 8309 0
6932 8306 0
6931 8302 0
6929 8299 0
6922 8298 0
6915 8299 0
6907 8302 0
6898 8308 0
6890 8314 0
6883 8322 0
6876 8330 0
6869 8337 0
6864 8343 0
6862 8349 0
6862 8353 0
6863 8356 0
6866 8358 0
6871 8360 0
6877 8361 0
6883 8361 0
6888 8361 0
6894 8361 0
6901 8361 0
6907 8361 0
6915 8362 0
6922 8363 0
6930 8363 0
6937 8364 0
6943 8366 0
6949 8369 0
6955 8374 0
6959 8379 0
6962 8385 0
6963 8391 0
6963 8397 0
6962 8403 0
6960 8412 0
6956 8422 0
6950 8431 0
6943 8438 0
6936 8446 0
6925 8452 0
6915 8455 0
6904 8456 0
6894 8455 0
6884 8451 0
6875 8446 0
6864 8440 0
6855 8434 0
6848 8429 0
.PEN_UP
.PEN_DOWN
6882 8265 0
6874 8265 0
6869 8265 0
6866 8265 0
6863 8265 0
6860 8265 0
6865 8265 0
6873 8265 0
6886 8265 0
6901 8262 0
6918 8261 0
6938 8259 0
6960 8257 0
6982 8253 0
7002 8249 0
7017 8246 0
7026 8243 0
7031 8241 0
7033 8238 0
7033 8234 0
7032 8231 0
7030 8228 0
7029 8225 0
7031 8229 0
7031 8224 0
.PEN_UP
