.VERSION 1.0 
.HIERARCHY CHARACTER
.COORD X Y T
.SEGMENT CHARACTER 0-1 OK "27"
.H_LINE 9500 10374
.V_LINE 3500 4250
.X_DIM 750
.Y_DIM 874
.X_POINTS_PER_INCH 1000
.Y_POINTS_PER_INCH 1000
.POINTS_PER_SECOND 125
.COMMENT CALIB X: 10 Y: -84

.WRITER_INFO
 Name: VAMSI KRISHNA
 WriterId: 64
 Hand: right
 EducationLevel: college graduate
 Gender: male
 Profession: student
 Region: visakhapatnam
 Age: 21
 DeviceType: digimemo a402
 SkillDevice: average
 Language: hindi
 Script: indic
 Native: false
 Style: discrete
 UsageFreq: rarely
 Proficiency: average
 Date: 2007-6-26
 WritingInProfession: no

.PEN_DOWN
3937 10044 0
3937 10048 0
3937 10051 0
3933 10054 0
3930 10056 0
3926 10057 0
3923 10057 0
3920 10057 0
3917 10057 0
3914 10055 0
3912 10052 0
3910 10049 0
3908 10044 0
3905 10037 0
3902 10026 0
3901 10010 0
3901 9992 0
3904 9971 0
3908 9952 0
3913 9937 0
3919 9924 0
3926 9914 0
3934 9905 0
3943 9899 0
3952 9894 0
3962 9890 0
3973 9888 0
3983 9887 0
3994 9887 0
4004 9887 0
4014 9887 0
4023 9887 0
4030 9886 0
4037 9885 0
4042 9884 0
4045 9883 0
4046 9880 0
4044 9877 0
4041 9874 0
4039 9870 0
4037 9866 0
4036 9863 0
4035 9860 0
4034 9857 0
4033 9854 0
4032 9851 0
4030 9858 0
4028 9864 0
4027 9873 0
4026 9885 0
4026 9904 0
4025 9929 0
4023 9953 0
4022 9974 0
4021 9992 0
4020 10006 0
4019 10017 0
4019 10027 0
4019 10027 0
.PEN_UP
.PEN_DOWN
3945 9851 0
3935 9851 0
3927 9850 0
3922 9850 0
3918 9850 0
3914 9850 0
3911 9850 0
3917 9850 0
3928 9850 0
3945 9850 0
3966 9849 0
3988 9848 0
4009 9847 0
4029 9845 0
4049 9843 0
4068 9842 0
4084 9840 0
4095 9839 0
4101 9838 0
4098 9839 0
4092 9842 0
.PEN_UP
