.VERSION 1.0 
.HIERARCHY CHARACTER
.COORD X Y T
.SEGMENT CHARACTER 0-2 OK "28"
.H_LINE 9500 10374
.V_LINE 5000 5750
.X_DIM 750
.Y_DIM 874
.X_POINTS_PER_INCH 1000
.Y_POINTS_PER_INCH 1000
.POINTS_PER_SECOND 125
.COMMENT CALIB X: 8 Y: -164

.WRITER_INFO
 Name: VAMSI KRISHNA
 WriterId: 64
 Hand: right
 EducationLevel: college graduate
 Gender: male
 Profession: student
 Region: visakhapatnam
 Age: 21
 DeviceType: digimemo a402
 SkillDevice: average
 Language: hindi
 Script: indic
 Native: false
 Style: discrete
 UsageFreq: rarely
 Proficiency: average
 Date: 2007-6-26
 WritingInProfession: no

.PEN_DOWN
5204 9767 0
5207 9764 0
5212 9762 0
5216 9761 0
5221 9761 0
5227 9761 0
5231 9762 0
5234 9763 0
5236 9766 0
5236 9769 0
5235 9772 0
5233 9775 0
5230 9777 0
5226 9779 0
5220 9781 0
5213 9783 0
5206 9784 0
5200 9783 0
5195 9782 0
5190 9780 0
5186 9777 0
5183 9775 0
5181 9771 0
5182 9768 0
5187 9765 0
5194 9763 0
5203 9761 0
5213 9760 0
5224 9759 0
5232 9759 0
5238 9760 0
5243 9761 0
5247 9763 0
5249 9767 0
5248 9774 0
5245 9783 0
5241 9793 0
5234 9805 0
5226 9818 0
5218 9831 0
5211 9844 0
5207 9855 0
5207 9863 0
5208 9869 0
5212 9874 0
5219 9878 0
5230 9880 0
5242 9879 0
5255 9875 0
5268 9869 0
5280 9860 0
5292 9850 0
5302 9839 0
5309 9827 0
5314 9815 0
5317 9805 0
5317 9797 0
5316 9790 0
5315 9784 0
5314 9779 0
5312 9776 0
5309 9774 0
5308 9779 0
5307 9785 0
5307 9794 0
5307 9805 0
5308 9819 0
5308 9836 0
5309 9857 0
5310 9878 0
5311 9898 0
5311 9916 0
5311 9931 0
5310 9944 0
5309 9950 0
.PEN_UP
.PEN_DOWN
5102 9767 0
5099 9766 0
5102 9765 0
5110 9765 0
5122 9765 0
5139 9765 0
5158 9765 0
5179 9765 0
.PEN_UP
.PEN_DOWN
5304 9766 0
5301 9765 0
5297 9764 0
5294 9763 0
5301 9760 0
5317 9758 0
5337 9756 0
5359 9754 0
5382 9753 0
5400 9752 0
5415 9750 0
5426 9749 0
5433 9748 0
5436 9748 0
5436 9748 0
.PEN_UP
