.VERSION 1.0 
.HIERARCHY CHARACTER
.COORD X Y T
.SEGMENT CHARACTER 0-2 OK "42"
.H_LINE 4624 5499
.V_LINE 3500 4250
.X_DIM 750
.Y_DIM 874
.X_POINTS_PER_INCH 1000
.Y_POINTS_PER_INCH 1000
.POINTS_PER_SECOND 125
.COMMENT CALIB X: 95 Y: -107

.WRITER_INFO
 Name: VAMSI KRISHNA
 WriterId: 64
 Hand: right
 EducationLevel: college graduate
 Gender: male
 Profession: student
 Region: visakhapatnam
 Age: 21
 DeviceType: digimemo a402
 SkillDevice: average
 Language: hindi
 Script: indic
 Native: false
 Style: discrete
 UsageFreq: rarely
 Proficiency: average
 Date: 2007-6-26
 WritingInProfession: no

.PEN_DOWN
3880 4918 0
3878 4915 0
3876 4911 0
3875 4907 0
3873 4903 0
3872 4900 0
3871 4904 0
3870 4911 0
3869 4921 0
3869 4935 0
3869 4950 0
3870 4966 0
3870 4981 0
3871 4993 0
3872 5004 0
3873 5013 0
3875 5019 0
3878 5024 0
3882 5027 0
3887 5027 0
3894 5025 0
3903 5021 0
3913 5014 0
3924 5004 0
3936 4991 0
3949 4976 0
3961 4962 0
3973 4947 0
3984 4935 0
3991 4924 0
3994 4915 0
3995 4908 0
3994 4902 0
3991 4897 0
3987 4893 0
3982 4890 0
3977 4887 0
3973 4884 0
3970 4882 0
3967 4881 0
3965 4885 0
3964 4891 0
3965 4900 0
3966 4912 0
3967 4928 0
3967 4946 0
3968 4966 0
3970 4984 0
3971 5001 0
3972 5016 0
3972 5029 0
3972 5040 0
3971 5045 0
.PEN_UP
.PEN_DOWN
3866 4908 0
3864 4905 0
3868 4910 0
3873 4916 0
3881 4923 0
3892 4933 0
3906 4944 0
3921 4953 0
3936 4967 0
3949 4970 0
.PEN_UP
.PEN_DOWN
3810 4872 0
3806 4872 0
3801 4871 0
3796 4871 0
3792 4870 0
3798 4870 0
3808 4870 0
3823 4869 0
3842 4869 0
3866 4868 0
3895 4867 0
3931 4867 0
3968 4866 0
4002 4865 0
4028 4864 0
4046 4863 0
4055 4862 0
4059 4861 0
4057 4864 0
4057 4864 0
.PEN_UP
