.VERSION 1.0 
.HIERARCHY CHARACTER
.COORD X Y T
.SEGMENT CHARACTER 0-2 OK "98"
.H_LINE 2999 3874
.V_LINE 5000 5750
.X_DIM 750
.Y_DIM 874
.X_POINTS_PER_INCH 1000
.Y_POINTS_PER_INCH 1000
.POINTS_PER_SECOND 125
.COMMENT CALIB X: 127 Y: -83

.WRITER_INFO
 Name: VAMSI KRISHNA
 WriterId: 64
 Hand: right
 EducationLevel: college graduate
 Gender: male
 Profession: student
 Region: visakhapatnam
 Age: 21
 DeviceType: digimemo a402
 SkillDevice: average
 Language: hindi
 Script: indic
 Native: false
 Style: discrete
 UsageFreq: rarely
 Proficiency: average
 Date: 2007-6-26
 WritingInProfession: no

.PEN_DOWN
5507 3499 0
5502 3502 0
5499 3504 0
5496 3507 0
5493 3508 0
5490 3508 0
5487 3508 0
5483 3507 0
5479 3504 0
5473 3500 0
5468 3495 0
5464 3488 0
5460 3479 0
5457 3465 0
5454 3449 0
5453 3431 0
5455 3412 0
5459 3396 0
5465 3384 0
5473 3374 0
5484 3365 0
5495 3360 0
5507 3356 0
5520 3353 0
5534 3352 0
5547 3352 0
5560 3352 0
5571 3353 0
5581 3354 0
5591 3355 0
5598 3356 0
5604 3356 0
5608 3355 0
5611 3353 0
5612 3350 0
5612 3347 0
5611 3344 0
5610 3341 0
5609 3338 0
5607 3335 0
5605 3332 0
5602 3330 0
5602 3333 0
5601 3330 0
5598 3327 0
5595 3328 0
5594 3332 0
5594 3339 0
5594 3349 0
5595 3363 0
5596 3382 0
5597 3404 0
5597 3428 0
5597 3452 0
5597 3475 0
5596 3496 0
5593 3516 0
5590 3525 0
.PEN_UP
.PEN_DOWN
5414 3376 0
5411 3377 0
5408 3378 0
5405 3377 0
5402 3377 0
5407 3375 0
5417 3373 0
5431 3372 0
5449 3371 0
5472 3369 0
5495 3367 0
5516 3355 0
.PEN_UP
.PEN_DOWN
5507 3322 0
5503 3322 0
5496 3322 0
5490 3322 0
5484 3316 0
5478 3313 0
5474 3311 0
5471 3310 0
5476 3309 0
5487 3309 0
5503 3309 0
5527 3310 0
5555 3310 0
5582 3310 0
5606 3310 0
5625 3309 0
5638 3308 0
5647 3308 0
5652 3308 0
5656 3308 0
.PEN_UP
