.VERSION 1.0 
.HIERARCHY CHARACTER
.COORD X Y T
.SEGMENT CHARACTER 0-1 OK "99"
.H_LINE 2999 3874
.V_LINE 6500 7250
.X_DIM 750
.Y_DIM 874
.X_POINTS_PER_INCH 1000
.Y_POINTS_PER_INCH 1000
.POINTS_PER_SECOND 125
.COMMENT CALIB X: 4 Y: -106

.WRITER_INFO
 Name: VAMSI KRISHNA
 WriterId: 64
 Hand: right
 EducationLevel: college graduate
 Gender: male
 Profession: student
 Region: visakhapatnam
 Age: 21
 DeviceType: digimemo a402
 SkillDevice: average
 Language: hindi
 Script: indic
 Native: false
 Style: discrete
 UsageFreq: rarely
 Proficiency: average
 Date: 2007-6-26
 WritingInProfession: no

.PEN_DOWN
6778 3304 0
6781 3306 0
6783 3309 0
6780 3308 0
6777 3308 0
6771 3308 0
6765 3309 0
6759 3312 0
6751 3316 0
6743 3320 0
6736 3325 0
6730 3330 0
6724 3336 0
6720 3342 0
6717 3348 0
6716 3354 0
6716 3361 0
6718 3368 0
6722 3375 0
6726 3381 0
6731 3386 0
6737 3390 0
6744 3393 0
6751 3395 0
6756 3397 0
6761 3399 0
6764 3399 0
6766 3396 0
6767 3393 0
6766 3390 0
6763 3388 0
6760 3387 0
6757 3387 0
6753 3388 0
6749 3390 0
6743 3392 0
6738 3394 0
6734 3398 0
6729 3404 0
6723 3410 0
6717 3416 0
6711 3423 0
6705 3432 0
6700 3441 0
6695 3449 0
6692 3458 0
6689 3466 0
6688 3475 0
6689 3482 0
6691 3487 0
6694 3492 0
6699 3497 0
6706 3502 0
6715 3505 0
6725 3507 0
6736 3508 0
6747 3507 0
6757 3505 0
6767 3501 0
6778 3497 0
6788 3491 0
6797 3485 0
6804 3480 0
6808 3475 0
6811 3471 0
6812 3467 0
6812 3464 0
6809 3461 0
6806 3459 0
6803 3457 0
6800 3456 0
6796 3456 0
6793 3456 0
6790 3458 0
6787 3460 0
6785 3466 0
6782 3473 0
6779 3482 0
6777 3492 0
6776 3504 0
6775 3517 0
6775 3530 0
6776 3542 0
6776 3551 0
6775 3558 0
6774 3565 0
6772 3571 0
.PEN_UP
.PEN_DOWN
6713 3301 0
6710 3301 0
6707 3301 0
6703 3301 0
6707 3301 0
6714 3302 0
6726 3302 0
6742 3303 0
6760 3305 0
6779 3305 0
6799 3304 0
6818 3303 0
6833 3302 0
6842 3301 0
6846 3301 0
6846 3301 0
.PEN_UP
