.VERSION 1.0 
.HIERARCHY CHARACTER
.COORD X Y T
.SEGMENT CHARACTER 0-3 OK "103"
.H_LINE 4624 5499
.V_LINE 5000 5750
.X_DIM 750
.Y_DIM 874
.X_POINTS_PER_INCH 1000
.Y_POINTS_PER_INCH 1000
.POINTS_PER_SECOND 125
.COMMENT CALIB X: 112 Y: -107

.WRITER_INFO
 Name: VAMSI KRISHNA
 WriterId: 64
 Hand: right
 EducationLevel: college graduate
 Gender: male
 Profession: student
 Region: visakhapatnam
 Age: 21
 DeviceType: digimemo a402
 SkillDevice: average
 Language: hindi
 Script: indic
 Native: false
 Style: discrete
 UsageFreq: rarely
 Proficiency: average
 Date: 2007-6-26
 WritingInProfession: no

.PEN_DOWN
5546 4900 0
5546 4897 0
5544 4892 0
5543 4887 0
5542 4882 0
5540 4878 0
5538 4874 0
5535 4871 0
5533 4875 0
5533 4881 0
5533 4889 0
5533 4898 0
5533 4910 0
5533 4925 0
5533 4943 0
5533 4961 0
5534 4978 0
5534 4995 0
5535 5011 0
5535 5025 0
5535 5037 0
5535 5046 0
5535 5053 0
5540 5058 0
.PEN_UP
.PEN_DOWN
5537 4968 0
5534 4968 0
5531 4968 0
5528 4968 0
5525 4968 0
5521 4968 0
5514 4968 0
5505 4968 0
5496 4968 0
5485 4963 0
5471 4961 0
5456 4962 0
5441 4965 0
5428 4968 0
5419 4972 0
5412 4977 0
5405 4983 0
5401 4988 0
5398 4996 0
5395 5003 0
5394 5008 0
5394 5012 0
5395 5015 0
5398 5017 0
5401 5018 0
5404 5018 0
5409 5013 0
5413 5008 0
5416 5002 0
5419 4995 0
5423 4986 0
5426 4978 0
5428 4972 0
5428 4969 0
5430 4975 0
.PEN_UP
.PEN_DOWN
5536 4965 0
5536 4958 0
5536 4954 0
5533 4954 0
5530 4955 0
5526 4957 0
5522 4960 0
5518 4964 0
5513 4971 0
5505 4981 0
5496 4991 0
5487 5002 0
5479 5013 0
5470 5024 0
5461 5036 0
5453 5046 0
5446 5054 0
5441 5061 0
5438 5067 0
5436 5071 0
5435 5074 0
5438 5074 0
5443 5072 0
5448 5070 0
5453 5065 0
5460 5061 0
5464 5058 0
5465 5055 0
5465 5052 0
5464 5049 0
5462 5046 0
5459 5045 0
5459 5045 0
.PEN_UP
.PEN_DOWN
5474 4880 0
5471 4879 0
5466 4878 0
5462 4878 0
5458 4878 0
5454 4877 0
5450 4876 0
5447 4876 0
5453 4875 0
5464 4874 0
5483 4873 0
5509 4872 0
5535 4870 0
5559 4868 0
5578 4866 0
5592 4865 0
5602 4864 0
5607 4863 0
5603 4863 0
.PEN_UP
