323.0,48.0
323.0,50.0
323.0,52.0
323.0,54.0
323.0,58.0
323.0,82.0
323.0,105.0
323.0,137.0
323.0,147.0
323.0,156.0
323.0,158.0
323.0,162.0
323.0,164.0
323.0,167.0
323.0,170.0
323.0,173.0
323.0,176.0
323.0,179.0
323.0,181.0
323.0,185.0
325.0,186.0
325.0,189.0
325.0,190.0
325.0,191.0
325.0,192.0
325.0,194.0
325.0,196.0
325.0,198.0
325.0,199.0
325.0,198.0
325.0,197.0
325.0,196.0
325.0,194.0
325.0,191.0
325.0,185.0
325.0,180.0
325.0,170.0
325.0,162.0
325.0,150.0
325.0,145.0
325.0,138.0
325.0,133.0
323.0,127.0
323.0,124.0
322.0,120.0
320.0,118.0
320.0,116.0
319.0,114.0
319.0,112.0
316.0,110.0
315.0,107.0
312.0,105.0
311.0,104.0
309.0,103.0
306.0,103.0
304.0,101.0
301.0,100.0
298.0,100.0
295.0,99.0
291.0,99.0
287.0,98.0
282.0,98.0
275.0,97.0
271.0,97.0
261.0,97.0
256.0,97.0
247.0,97.0
243.0,98.0
235.0,100.0
230.0,103.0
226.0,106.0
223.0,107.0
220.0,110.0
218.0,112.0
215.0,117.0
213.0,119.0
213.0,123.0
212.0,125.0
212.0,130.0
212.0,132.0
212.0,136.0
212.0,137.0
212.0,140.0
212.0,141.0
212.0,144.0
215.0,145.0
218.0,146.0
220.0,147.0
226.0,148.0
229.0,148.0
233.0,148.0
237.0,148.0
243.0,148.0
247.0,148.0
253.0,148.0
258.0,147.0
261.0,146.0
264.0,146.0
268.0,144.0
280.0,140.0
285.0,137.0
296.0,131.0
302.0,130.0
309.0,126.0
311.0,124.0
319.0,119.0
326.0,115.0
328.0,112.0
330.0,111.0
335.0,108.0
339.0,105.0
342.0,102.0
345.0,101.0
346.0,100.0
347.0,99.0
352.0,97.0
355.0,96.0
357.0,95.0
360.0,95.0
364.0,94.0
366.0,93.0
370.0,93.0
374.0,93.0
378.0,93.0
383.0,93.0
388.0,94.0
391.0,95.0
394.0,95.0
395.0,97.0
398.0,99.0
402.0,101.0
404.0,103.0
405.0,105.0
407.0,106.0
408.0,107.0
408.0,110.0
408.0,112.0
408.0,116.0
408.0,120.0
408.0,126.0
408.0,129.0
405.0,135.0
402.0,137.0
400.0,143.0
397.0,146.0
393.0,150.0
391.0,153.0
388.0,155.0
385.0,156.0
384.0,157.0
383.0,159.0
383.0,157.0
383.0,156.0
383.0,155.0
384.0,154.0
385.0,153.0
387.0,153.0
-1.0,-1.0
277.0,52.0
283.0,52.0
287.0,52.0
294.0,52.0
298.0,52.0
305.0,52.0
309.0,52.0
316.0,52.0
319.0,52.0
325.0,52.0
329.0,52.0
333.0,52.0
336.0,52.0
340.0,52.0
343.0,52.0
346.0,52.0
347.0,52.0
349.0,52.0
350.0,52.0
352.0,52.0
-1.0,-1.0
 
