293.0,96.0
291.0,98.0
288.0,103.0
286.0,107.0
284.0,114.0
283.0,118.0
281.0,128.0
280.0,133.0
280.0,143.0
280.0,149.0
280.0,162.0
282.0,170.0
285.0,180.0
290.0,187.0
291.0,190.0
293.0,192.0
295.0,196.0
297.0,197.0
300.0,198.0
303.0,198.0
305.0,198.0
310.0,198.0
314.0,196.0
321.0,191.0
325.0,189.0
332.0,183.0
336.0,178.0
349.0,168.0
355.0,159.0
363.0,148.0
369.0,141.0
375.0,131.0
377.0,124.0
380.0,117.0
382.0,113.0
384.0,108.0
386.0,105.0
387.0,101.0
387.0,99.0
388.0,95.0
388.0,94.0
388.0,92.0
388.0,93.0
388.0,94.0
388.0,95.0
388.0,98.0
388.0,101.0
388.0,104.0
388.0,109.0
388.0,114.0
388.0,124.0
388.0,128.0
388.0,135.0
388.0,139.0
388.0,142.0
388.0,144.0
388.0,147.0
388.0,151.0
388.0,152.0
388.0,153.0
388.0,154.0
388.0,155.0
388.0,156.0
388.0,155.0
390.0,154.0
391.0,153.0
394.0,149.0
395.0,148.0
400.0,144.0
401.0,141.0
405.0,136.0
408.0,133.0
412.0,129.0
415.0,126.0
418.0,122.0
421.0,121.0
425.0,117.0
428.0,114.0
432.0,111.0
435.0,108.0
438.0,107.0
440.0,106.0
443.0,105.0
446.0,104.0
450.0,104.0
452.0,104.0
456.0,104.0
457.0,104.0
460.0,104.0
463.0,104.0
466.0,106.0
469.0,108.0
471.0,113.0
473.0,117.0
474.0,121.0
474.0,124.0
474.0,129.0
474.0,133.0
474.0,138.0
474.0,140.0
474.0,144.0
474.0,146.0
473.0,149.0
471.0,153.0
470.0,156.0
467.0,159.0
464.0,163.0
462.0,166.0
457.0,169.0
456.0,172.0
452.0,175.0
449.0,176.0
446.0,179.0
445.0,180.0
443.0,181.0
442.0,181.0
440.0,182.0
439.0,182.0
438.0,182.0
436.0,183.0
435.0,183.0
433.0,183.0
432.0,183.0
431.0,183.0
429.0,183.0
428.0,183.0
426.0,183.0
425.0,183.0
424.0,183.0
422.0,183.0
421.0,185.0
419.0,185.0
-1.0,-1.0
319.0,56.0
324.0,53.0
335.0,50.0
341.0,49.0
361.0,46.0
372.0,44.0
390.0,41.0
398.0,39.0
412.0,37.0
422.0,35.0
431.0,34.0
436.0,34.0
439.0,34.0
442.0,34.0
443.0,34.0
445.0,34.0
445.0,35.0
445.0,36.0
-1.0,-1.0
280.0,95.0
284.0,91.0
287.0,89.0
293.0,86.0
295.0,85.0
302.0,83.0
307.0,82.0
309.0,82.0
312.0,80.0
317.0,80.0
324.0,80.0
326.0,80.0
331.0,80.0
333.0,80.0
335.0,80.0
336.0,80.0
338.0,80.0
340.0,80.0
343.0,80.0
345.0,80.0
346.0,80.0
349.0,80.0
350.0,82.0
353.0,82.0
356.0,82.0
357.0,82.0
359.0,82.0
360.0,82.0
363.0,83.0
364.0,83.0
367.0,83.0
369.0,83.0
370.0,83.0
371.0,84.0
373.0,84.0
374.0,85.0
376.0,85.0
377.0,85.0
378.0,86.0
380.0,86.0
383.0,86.0
384.0,88.0
386.0,88.0
387.0,88.0
388.0,88.0
390.0,88.0
391.0,88.0
393.0,88.0
-1.0,-1.0
 
