347.0,36.0
349.0,42.0
349.0,46.0
351.0,61.0
351.0,75.0
355.0,99.0
355.0,108.0
357.0,115.0
357.0,119.0
357.0,124.0
359.0,131.0
359.0,137.0
359.0,141.0
359.0,144.0
359.0,147.0
361.0,148.0
361.0,151.0
361.0,152.0
361.0,153.0
361.0,154.0
361.0,155.0
362.0,157.0
362.0,158.0
362.0,159.0
362.0,160.0
362.0,161.0
-1.0,-1.0
342.0,65.0
339.0,64.0
334.0,63.0
331.0,63.0
325.0,61.0
321.0,61.0
316.0,61.0
313.0,61.0
308.0,61.0
306.0,61.0
304.0,61.0
303.0,61.0
301.0,63.0
300.0,64.0
299.0,65.0
297.0,66.0
296.0,69.0
294.0,71.0
294.0,72.0
292.0,76.0
290.0,78.0
289.0,83.0
287.0,86.0
286.0,92.0
286.0,95.0
286.0,100.0
286.0,103.0
286.0,107.0
286.0,110.0
287.0,112.0
289.0,114.0
292.0,115.0
294.0,117.0
297.0,117.0
299.0,117.0
303.0,118.0
306.0,118.0
310.0,118.0
313.0,117.0
317.0,115.0
320.0,114.0
324.0,113.0
325.0,112.0
328.0,111.0
330.0,110.0
331.0,110.0
332.0,108.0
334.0,107.0
335.0,106.0
337.0,106.0
337.0,105.0
-1.0,-1.0
362.0,74.0
366.0,72.0
369.0,70.0
375.0,67.0
379.0,65.0
387.0,61.0
392.0,60.0
394.0,59.0
397.0,59.0
400.0,58.0
404.0,58.0
407.0,58.0
410.0,58.0
411.0,58.0
413.0,58.0
413.0,59.0
413.0,60.0
414.0,61.0
414.0,64.0
414.0,65.0
415.0,66.0
415.0,67.0
415.0,70.0
415.0,72.0
415.0,74.0
415.0,76.0
415.0,79.0
414.0,84.0
411.0,87.0
407.0,94.0
404.0,99.0
399.0,106.0
396.0,110.0
393.0,113.0
392.0,115.0
389.0,119.0
387.0,120.0
386.0,122.0
386.0,125.0
384.0,126.0
384.0,127.0
-1.0,-1.0
314.0,25.0
320.0,25.0
324.0,25.0
331.0,25.0
337.0,25.0
346.0,26.0
351.0,26.0
359.0,26.0
362.0,26.0
368.0,26.0
370.0,26.0
376.0,25.0
379.0,25.0
380.0,25.0
382.0,25.0
383.0,25.0
384.0,25.0
-1.0,-1.0
 
