277.0,96.0
275.0,99.0
275.0,103.0
274.0,107.0
272.0,112.0
271.0,123.0
269.0,134.0
267.0,148.0
267.0,154.0
267.0,160.0
267.0,163.0
267.0,168.0
267.0,174.0
267.0,178.0
267.0,180.0
267.0,184.0
267.0,186.0
267.0,187.0
267.0,188.0
268.0,191.0
268.0,193.0
270.0,194.0
271.0,196.0
272.0,196.0
274.0,197.0
275.0,197.0
277.0,197.0
278.0,197.0
278.0,196.0
278.0,194.0
278.0,193.0
278.0,191.0
278.0,187.0
278.0,185.0
275.0,181.0
274.0,178.0
266.0,164.0
258.0,157.0
256.0,153.0
254.0,152.0
249.0,148.0
245.0,145.0
241.0,143.0
237.0,139.0
234.0,137.0
230.0,134.0
227.0,132.0
223.0,131.0
220.0,130.0
214.0,128.0
211.0,128.0
207.0,127.0
204.0,127.0
200.0,127.0
197.0,127.0
193.0,127.0
190.0,128.0
189.0,130.0
187.0,131.0
186.0,132.0
185.0,134.0
182.0,136.0
180.0,138.0
179.0,139.0
178.0,143.0
176.0,144.0
176.0,147.0
175.0,150.0
175.0,153.0
173.0,155.0
173.0,160.0
173.0,164.0
173.0,167.0
173.0,171.0
173.0,175.0
173.0,178.0
176.0,184.0
178.0,186.0
180.0,191.0
182.0,193.0
186.0,195.0
187.0,197.0
192.0,197.0
194.0,198.0
199.0,198.0
202.0,198.0
203.0,198.0
206.0,198.0
209.0,198.0
214.0,198.0
218.0,198.0
227.0,194.0
231.0,192.0
241.0,187.0
247.0,185.0
258.0,179.0
268.0,173.0
279.0,163.0
287.0,157.0
297.0,148.0
306.0,143.0
316.0,136.0
322.0,131.0
326.0,128.0
329.0,127.0
332.0,126.0
333.0,126.0
336.0,124.0
337.0,124.0
340.0,123.0
345.0,123.0
347.0,123.0
352.0,123.0
353.0,123.0
354.0,123.0
356.0,123.0
357.0,123.0
357.0,124.0
359.0,127.0
359.0,129.0
360.0,132.0
360.0,134.0
361.0,137.0
361.0,140.0
361.0,144.0
361.0,147.0
361.0,151.0
361.0,154.0
361.0,156.0
361.0,159.0
361.0,161.0
360.0,164.0
359.0,168.0
356.0,173.0
353.0,175.0
350.0,178.0
349.0,181.0
346.0,184.0
343.0,186.0
342.0,189.0
340.0,190.0
337.0,191.0
337.0,193.0
-1.0,-1.0
224.0,107.0
225.0,107.0
229.0,107.0
232.0,107.0
238.0,107.0
243.0,107.0
253.0,108.0
259.0,110.0
263.0,110.0
267.0,110.0
273.0,111.0
284.0,111.0
288.0,111.0
294.0,111.0
297.0,111.0
298.0,111.0
300.0,111.0
302.0,111.0
305.0,111.0
307.0,111.0
309.0,111.0
-1.0,-1.0
311.0,161.0
312.0,161.0
-1.0,-1.0
 
