298.0,82.0
298.0,84.0
298.0,89.0
298.0,92.0
296.0,102.0
296.0,106.0
294.0,119.0
294.0,127.0
294.0,138.0
293.0,142.0
293.0,147.0
293.0,151.0
291.0,154.0
291.0,156.0
291.0,158.0
291.0,159.0
291.0,160.0
-1.0,-1.0
277.0,106.0
275.0,105.0
272.0,104.0
269.0,103.0
266.0,102.0
262.0,102.0
259.0,100.0
256.0,100.0
253.0,100.0
252.0,100.0
251.0,100.0
248.0,100.0
245.0,100.0
244.0,100.0
242.0,100.0
241.0,100.0
239.0,100.0
237.0,100.0
235.0,102.0
234.0,102.0
232.0,103.0
232.0,104.0
231.0,105.0
231.0,106.0
228.0,110.0
227.0,113.0
225.0,117.0
224.0,118.0
224.0,122.0
224.0,123.0
224.0,125.0
224.0,126.0
224.0,127.0
224.0,129.0
224.0,130.0
224.0,132.0
224.0,133.0
224.0,136.0
224.0,137.0
225.0,139.0
227.0,140.0
228.0,143.0
230.0,144.0
231.0,145.0
232.0,146.0
234.0,147.0
235.0,147.0
237.0,147.0
238.0,147.0
239.0,147.0
241.0,147.0
242.0,147.0
244.0,147.0
246.0,147.0
248.0,147.0
249.0,147.0
252.0,147.0
253.0,147.0
255.0,146.0
258.0,145.0
260.0,144.0
263.0,142.0
266.0,140.0
269.0,138.0
270.0,137.0
273.0,136.0
275.0,135.0
277.0,133.0
279.0,132.0
280.0,131.0
282.0,130.0
284.0,129.0
286.0,127.0
287.0,126.0
289.0,125.0
290.0,124.0
290.0,123.0
291.0,122.0
293.0,122.0
294.0,119.0
296.0,119.0
297.0,117.0
298.0,116.0
300.0,115.0
300.0,113.0
301.0,112.0
303.0,111.0
304.0,110.0
306.0,109.0
-1.0,-1.0
315.0,100.0
317.0,100.0
318.0,98.0
320.0,98.0
322.0,97.0
324.0,96.0
327.0,95.0
328.0,95.0
331.0,95.0
332.0,95.0
334.0,95.0
335.0,95.0
338.0,95.0
341.0,95.0
342.0,97.0
344.0,98.0
345.0,100.0
345.0,102.0
346.0,105.0
346.0,108.0
348.0,111.0
348.0,115.0
348.0,118.0
348.0,120.0
348.0,123.0
348.0,124.0
348.0,127.0
348.0,131.0
348.0,132.0
348.0,135.0
348.0,137.0
348.0,139.0
346.0,145.0
345.0,150.0
342.0,156.0
341.0,159.0
339.0,163.0
339.0,165.0
338.0,169.0
336.0,170.0
335.0,172.0
334.0,173.0
332.0,173.0
331.0,173.0
329.0,173.0
-1.0,-1.0
270.0,65.0
272.0,64.0
277.0,63.0
281.0,62.0
288.0,61.0
292.0,60.0
299.0,60.0
303.0,60.0
308.0,60.0
311.0,60.0
313.0,60.0
316.0,60.0
318.0,60.0
318.0,61.0
319.0,62.0
319.0,63.0
-1.0,-1.0
 
