247.0,81.0
247.0,83.0
247.0,84.0
247.0,87.0
247.0,89.0
247.0,92.0
249.0,99.0
249.0,104.0
250.0,115.0
252.0,122.0
254.0,131.0
255.0,134.0
255.0,139.0
255.0,141.0
256.0,146.0
256.0,148.0
258.0,149.0
258.0,151.0
258.0,153.0
259.0,156.0
259.0,158.0
259.0,161.0
261.0,163.0
261.0,166.0
261.0,168.0
262.0,171.0
262.0,173.0
263.0,174.0
263.0,176.0
263.0,178.0
263.0,179.0
265.0,181.0
265.0,182.0
266.0,185.0
266.0,186.0
266.0,188.0
266.0,189.0
266.0,190.0
266.0,192.0
266.0,194.0
268.0,195.0
268.0,198.0
268.0,200.0
268.0,203.0
268.0,205.0
268.0,207.0
269.0,208.0
269.0,209.0
269.0,210.0
269.0,212.0
269.0,213.0
269.0,214.0
269.0,215.0
269.0,216.0
269.0,217.0
270.0,219.0
270.0,220.0
270.0,221.0
270.0,222.0
270.0,223.0
272.0,225.0
-1.0,-1.0
246.0,141.0
245.0,141.0
241.0,141.0
238.0,141.0
234.0,141.0
231.0,141.0
227.0,141.0
224.0,141.0
220.0,141.0
217.0,141.0
210.0,141.0
206.0,141.0
201.0,141.0
199.0,141.0
194.0,144.0
193.0,145.0
189.0,146.0
187.0,147.0
183.0,149.0
182.0,151.0
179.0,153.0
178.0,154.0
176.0,155.0
176.0,156.0
175.0,158.0
175.0,159.0
175.0,160.0
175.0,161.0
175.0,162.0
175.0,163.0
176.0,163.0
176.0,165.0
178.0,165.0
179.0,166.0
180.0,166.0
183.0,166.0
185.0,166.0
187.0,166.0
192.0,166.0
206.0,164.0
224.0,159.0
252.0,151.0
261.0,146.0
268.0,144.0
272.0,143.0
277.0,142.0
279.0,141.0
284.0,139.0
285.0,138.0
288.0,137.0
289.0,137.0
292.0,136.0
294.0,135.0
296.0,134.0
298.0,134.0
301.0,132.0
303.0,132.0
306.0,132.0
308.0,132.0
309.0,132.0
310.0,132.0
312.0,132.0
313.0,132.0
315.0,132.0
316.0,132.0
317.0,134.0
317.0,135.0
317.0,136.0
317.0,137.0
317.0,139.0
317.0,142.0
316.0,150.0
314.0,158.0
305.0,173.0
303.0,180.0
301.0,185.0
300.0,187.0
299.0,191.0
299.0,193.0
299.0,194.0
299.0,195.0
297.0,198.0
297.0,200.0
297.0,202.0
297.0,203.0
297.0,205.0
296.0,206.0
296.0,207.0
-1.0,-1.0
157.0,87.0
160.0,87.0
163.0,87.0
167.0,87.0
171.0,87.0
175.0,87.0
180.0,87.0
184.0,87.0
188.0,87.0
199.0,87.0
209.0,87.0
228.0,87.0
236.0,87.0
245.0,87.0
252.0,87.0
258.0,87.0
265.0,87.0
273.0,87.0
277.0,87.0
281.0,87.0
284.0,87.0
288.0,87.0
291.0,87.0
294.0,87.0
295.0,87.0
298.0,87.0
299.0,87.0
302.0,87.0
303.0,87.0
305.0,87.0
306.0,87.0
308.0,87.0
309.0,87.0
310.0,87.0
312.0,87.0
313.0,87.0
315.0,87.0
-1.0,-1.0
 
