265.0,119.0
262.0,120.0
258.0,122.0
255.0,123.0
251.0,126.0
248.0,128.0
245.0,130.0
242.0,133.0
240.0,135.0
238.0,137.0
235.0,140.0
235.0,141.0
234.0,143.0
234.0,146.0
234.0,147.0
234.0,148.0
234.0,150.0
234.0,154.0
234.0,156.0
234.0,160.0
235.0,162.0
238.0,166.0
240.0,168.0
242.0,170.0
245.0,171.0
248.0,173.0
249.0,173.0
254.0,173.0
256.0,173.0
261.0,173.0
265.0,170.0
271.0,167.0
275.0,164.0
280.0,160.0
285.0,157.0
290.0,152.0
295.0,147.0
299.0,143.0
301.0,140.0
304.0,137.0
306.0,136.0
308.0,133.0
309.0,132.0
309.0,131.0
309.0,132.0
309.0,133.0
309.0,137.0
309.0,140.0
309.0,146.0
309.0,150.0
309.0,154.0
311.0,158.0
311.0,161.0
312.0,164.0
315.0,166.0
316.0,167.0
319.0,169.0
322.0,169.0
326.0,170.0
329.0,170.0
333.0,170.0
337.0,170.0
342.0,170.0
346.0,167.0
351.0,165.0
354.0,163.0
363.0,157.0
369.0,150.0
372.0,147.0
375.0,144.0
380.0,138.0
388.0,127.0
396.0,121.0
402.0,112.0
408.0,106.0
411.0,102.0
413.0,101.0
416.0,98.0
421.0,95.0
425.0,92.0
429.0,91.0
432.0,90.0
436.0,90.0
439.0,90.0
443.0,90.0
446.0,90.0
450.0,92.0
453.0,95.0
455.0,97.0
456.0,99.0
457.0,102.0
460.0,106.0
460.0,110.0
462.0,115.0
462.0,117.0
462.0,120.0
462.0,124.0
462.0,127.0
462.0,130.0
459.0,133.0
457.0,136.0
457.0,137.0
456.0,139.0
454.0,142.0
451.0,146.0
448.0,150.0
444.0,153.0
441.0,156.0
435.0,158.0
432.0,160.0
427.0,163.0
422.0,164.0
418.0,164.0
417.0,164.0
414.0,165.0
413.0,165.0
411.0,165.0
410.0,165.0
-1.0,-1.0
271.0,84.0
274.0,84.0
277.0,84.0
283.0,84.0
288.0,84.0
303.0,83.0
320.0,81.0
340.0,81.0
345.0,79.0
350.0,79.0
355.0,79.0
362.0,79.0
367.0,78.0
371.0,78.0
374.0,78.0
377.0,78.0
378.0,78.0
381.0,78.0
382.0,78.0
384.0,78.0
-1.0,-1.0
300.0,88.0
297.0,87.0
295.0,87.0
292.0,87.0
289.0,88.0
288.0,88.0
285.0,91.0
282.0,94.0
274.0,102.0
272.0,106.0
269.0,111.0
267.0,115.0
267.0,119.0
267.0,123.0
267.0,128.0
267.0,130.0
267.0,132.0
269.0,135.0
273.0,136.0
277.0,137.0
283.0,137.0
287.0,137.0
293.0,137.0
297.0,135.0
301.0,132.0
304.0,131.0
308.0,128.0
311.0,125.0
314.0,123.0
314.0,122.0
315.0,120.0
315.0,122.0
315.0,124.0
315.0,126.0
315.0,130.0
315.0,133.0
315.0,136.0
315.0,138.0
315.0,142.0
315.0,145.0
315.0,146.0
315.0,149.0
318.0,149.0
321.0,150.0
324.0,150.0
328.0,149.0
331.0,147.0
335.0,144.0
339.0,140.0
342.0,138.0
345.0,136.0
349.0,132.0
352.0,129.0
356.0,126.0
360.0,124.0
367.0,120.0
371.0,119.0
377.0,119.0
380.0,119.0
384.0,119.0
386.0,119.0
388.0,119.0
390.0,119.0
393.0,120.0
393.0,123.0
394.0,124.0
394.0,125.0
394.0,128.0
394.0,131.0
394.0,135.0
394.0,137.0
394.0,139.0
394.0,144.0
391.0,152.0
388.0,157.0
384.0,164.0
381.0,167.0
378.0,171.0
375.0,174.0
372.0,177.0
371.0,178.0
368.0,179.0
367.0,179.0
365.0,180.0
364.0,180.0
363.0,180.0
361.0,180.0
360.0,180.0
-1.0,-1.0
304.0,94.0
303.0,94.0
298.0,92.0
295.0,92.0
290.0,91.0
287.0,91.0
283.0,90.0
279.0,90.0
274.0,90.0
272.0,90.0
266.0,90.0
265.0,91.0
260.0,94.0
259.0,95.0
257.0,96.0
256.0,97.0
256.0,100.0
256.0,102.0
255.0,104.0
255.0,107.0
255.0,110.0
255.0,112.0
255.0,117.0
255.0,121.0
256.0,126.0
259.0,130.0
263.0,134.0
266.0,136.0
267.0,137.0
269.0,137.0
272.0,138.0
277.0,138.0
281.0,138.0
290.0,138.0
295.0,138.0
303.0,136.0
307.0,134.0
314.0,129.0
317.0,126.0
322.0,122.0
325.0,119.0
329.0,116.0
332.0,112.0
335.0,109.0
336.0,108.0
338.0,107.0
338.0,105.0
339.0,104.0
339.0,103.0
341.0,102.0
341.0,101.0
339.0,102.0
338.0,102.0
336.0,103.0
335.0,104.0
339.0,130.0
343.0,130.0
348.0,130.0
353.0,128.0
356.0,125.0
362.0,121.0
364.0,118.0
370.0,114.0
373.0,111.0
377.0,109.0
380.0,107.0
383.0,104.0
386.0,103.0
390.0,102.0
393.0,101.0
395.0,100.0
398.0,100.0
402.0,100.0
404.0,100.0
408.0,100.0
409.0,100.0
412.0,102.0
414.0,103.0
415.0,107.0
415.0,108.0
417.0,112.0
417.0,115.0
417.0,118.0
417.0,122.0
417.0,125.0
417.0,129.0
415.0,132.0
415.0,135.0
412.0,138.0
411.0,141.0
407.0,144.0
405.0,146.0
401.0,149.0
400.0,150.0
397.0,151.0
394.0,152.0
391.0,152.0
390.0,152.0
-1.0,-1.0
317.0,74.0
320.0,74.0
324.0,73.0
328.0,72.0
334.0,72.0
338.0,71.0
342.0,71.0
345.0,70.0
348.0,70.0
351.0,70.0
354.0,70.0
355.0,70.0
356.0,70.0
358.0,70.0
359.0,70.0
361.0,70.0
362.0,70.0
364.0,70.0
365.0,70.0
366.0,70.0
-1.0,-1.0
 
