.VERSION 1.0 
.HIERARCHY CHARACTER
.COORD X Y T
.SEGMENT CHARACTER 0-1 OK "90"
.H_LINE 1374 2249
.V_LINE 499 1250
.X_DIM 750
.Y_DIM 874
.X_POINTS_PER_INCH 1000
.Y_POINTS_PER_INCH 1000
.POINTS_PER_SECOND 125
.COMMENT CALIB X: 7 Y: -123

.WRITER_INFO
 Name: GOVIND PRATAP SINGH
 WriterId: 102
 Hand: right
 EducationLevel: post graduate
 Gender: male
 Profession: research scholar
 Region: punjab
 Age: 26
 DeviceType: digimemo a402
 SkillDevice: average
 Language: hindi
 Script: indic
 Native: false
 Style: discrete
 UsageFreq: once a month
 Proficiency: good
 Date: 2007-7-20
 WritingInProfession: no

.PEN_DOWN
683 1698 0
687 1696 0
690 1694 0
694 1693 0
700 1692 0
706 1691 0
714 1692 0
726 1692 0
740 1691 0
755 1690 0
772 1689 0
791 1688 0
813 1687 0
835 1686 0
857 1684 0
878 1683 0
895 1683 0
909 1683 0
920 1684 0
927 1685 0
930 1685 0
925 1685 0
919 1685 0
912 1685 0
904 1686 0
897 1686 0
890 1687 0
886 1688 0
.PEN_UP
.PEN_DOWN
763 1722 0
765 1719 0
768 1717 0
771 1716 0
775 1716 0
778 1716 0
781 1717 0
784 1718 0
788 1719 0
792 1719 0
796 1722 0
800 1723 0
803 1724 0
806 1725 0
809 1726 0
811 1729 0
812 1732 0
812 1735 0
813 1740 0
813 1745 0
813 1749 0
813 1753 0
813 1758 0
812 1764 0
810 1771 0
807 1777 0
805 1783 0
802 1788 0
798 1793 0
795 1798 0
792 1802 0
789 1805 0
786 1808 0
783 1810 0
780 1813 0
776 1815 0
771 1816 0
766 1818 0
761 1819 0
758 1820 0
755 1819 0
752 1818 0
749 1815 0
746 1811 0
743 1808 0
741 1805 0
740 1802 0
742 1799 0
746 1796 0
751 1794 0
755 1792 0
759 1791 0
763 1791 0
766 1791 0
769 1792 0
772 1793 0
775 1796 0
777 1799 0
780 1803 0
784 1806 0
787 1809 0
790 1814 0
792 1820 0
796 1826 0
801 1832 0
807 1838 0
812 1844 0
818 1849 0
823 1854 0
829 1858 0
836 1861 0
845 1862 0
854 1862 0
865 1861 0
876 1859 0
889 1856 0
904 1851 0
.PEN_UP
