.VERSION 1.0 
.HIERARCHY CHARACTER
.COORD X Y T
.SEGMENT CHARACTER 0-1 OK "37"
.H_LINE 2999 3874
.V_LINE 3500 4250
.X_DIM 750
.Y_DIM 874
.X_POINTS_PER_INCH 1000
.Y_POINTS_PER_INCH 1000
.POINTS_PER_SECOND 125
.COMMENT CALIB X: 10 Y: -89

.WRITER_INFO
 Name: CHANDU VIJAY
 WriterId: 53
 Hand: right
 EducationLevel: post graduate
 Gender: male
 Profession: student
 Region: kollum
 Age: 24
 DeviceType: digimemo a402
 SkillDevice: average
 Language: hindi
 Script: indic
 Native: false
 Style: discrete
 UsageFreq: rarely
 Proficiency: average
 Date: 2007-6-22
 WritingInProfession: no

.PEN_DOWN
3715 3320 0
3706 3320 0
3699 3320 0
3695 3319 0
3692 3319 0
3692 3316 0
3694 3313 0
3697 3311 0
3700 3308 0
3706 3306 0
3713 3303 0
3721 3301 0
3730 3299 0
3738 3298 0
3745 3297 0
3752 3296 0
3758 3297 0
3761 3300 0
3763 3303 0
3764 3308 0
3764 3312 0
3763 3317 0
3762 3320 0
3760 3324 0
3756 3330 0
3750 3336 0
3743 3341 0
3736 3347 0
3729 3354 0
3722 3361 0
3716 3368 0
3712 3376 0
3709 3384 0
3707 3393 0
3707 3402 0
3708 3410 0
3709 3418 0
3712 3426 0
3717 3433 0
3722 3438 0
3727 3441 0
3732 3443 0
3737 3442 0
3744 3439 0
3753 3433 0
3762 3425 0
3770 3415 0
3778 3404 0
3785 3393 0
3792 3381 0
3800 3368 0
3807 3357 0
3814 3346 0
3821 3335 0
3829 3324 0
3836 3315 0
3841 3307 0
3844 3301 0
3845 3298 0
3845 3295 0
3844 3299 0
3843 3305 0
3841 3312 0
3839 3319 0
3838 3328 0
3837 3337 0
3836 3350 0
3834 3366 0
3832 3385 0
3830 3407 0
3827 3429 0
3823 3451 0
3821 3469 0
3820 3483 0
3819 3493 0
3819 3500 0
3819 3503 0
3819 3499 0
3819 3489 0
.PEN_UP
.PEN_DOWN
3621 3308 0
3626 3308 0
3635 3304 0
3650 3301 0
3671 3298 0
3697 3296 0
3728 3293 0
3757 3289 0
3788 3286 0
3823 3284 0
3859 3282 0
3891 3281 0
3914 3281 0
3929 3281 0
3938 3281 0
3942 3280 0
3938 3279 0
3935 3279 0
.PEN_UP
