.VERSION 1.0 
.HIERARCHY CHARACTER
.COORD X Y T
.SEGMENT CHARACTER 0 OK "50"
.H_LINE 7874 8750
.V_LINE 499 1250
.X_DIM 750
.Y_DIM 875
.X_POINTS_PER_INCH 1000
.Y_POINTS_PER_INCH 1000
.POINTS_PER_SECOND 125
.COMMENT CALIB X: -36 Y: -70

.WRITER_INFO
 Name: CHANDU VIJAY
 WriterId: 53
 Hand: right
 EducationLevel: post graduate
 Gender: male
 Profession: student
 Region: kollum
 Age: 24
 DeviceType: digimemo a402
 SkillDevice: average
 Language: hindi
 Script: indic
 Native: false
 Style: discrete
 UsageFreq: rarely
 Proficiency: average
 Date: 2007-6-22
 WritingInProfession: no

.PEN_DOWN
840 8222 0
834 8220 0
830 8219 0
827 8218 0
824 8217 0
821 8217 0
818 8215 0
815 8213 0
813 8210 0
811 8207 0
809 8203 0
808 8198 0
807 8193 0
806 8188 0
806 8182 0
806 8177 0
807 8172 0
807 8168 0
807 8165 0
808 8161 0
810 8158 0
811 8155 0
813 8152 0
816 8148 0
821 8144 0
826 8141 0
830 8139 0
833 8138 0
836 8136 0
839 8135 0
843 8134 0
848 8132 0
852 8131 0
856 8130 0
862 8128 0
867 8128 0
872 8127 0
878 8127 0
883 8127 0
887 8127 0
891 8129 0
895 8130 0
898 8132 0
902 8133 0
905 8135 0
908 8138 0
911 8142 0
913 8146 0
915 8150 0
916 8155 0
917 8159 0
917 8163 0
918 8169 0
918 8173 0
918 8177 0
918 8182 0
918 8187 0
917 8194 0
917 8202 0
916 8209 0
916 8216 0
916 8225 0
916 8234 0
916 8244 0
916 8255 0
915 8265 0
914 8276 0
912 8287 0
911 8298 0
910 8309 0
909 8320 0
909 8330 0
909 8340 0
910 8350 0
911 8358 0
912 8365 0
913 8373 0
915 8380 0
916 8387 0
916 8391 0
916 8396 0
916 8401 0
917 8404 0
917 8407 0
917 8410 0
917 8414 0
917 8417 0
917 8420 0
918 8425 0
918 8428 0
917 8431 0
917 8434 0
917 8438 0
918 8442 0
918 8446 0
917 8451 0
917 8456 0
916 8459 0
916 8462 0
916 8465 0
916 8468 0
916 8464 0
.PEN_UP
