.VERSION 1.0 
.HIERARCHY CHARACTER
.COORD X Y T
.SEGMENT CHARACTER 0-1 OK "65"
.H_LINE 2999 3874
.V_LINE 499 1250
.X_DIM 750
.Y_DIM 874
.X_POINTS_PER_INCH 1000
.Y_POINTS_PER_INCH 1000
.POINTS_PER_SECOND 125
.COMMENT CALIB X: 1 Y: -76

.WRITER_INFO
 Name: CHANDU VIJAY
 WriterId: 53
 Hand: right
 EducationLevel: post graduate
 Gender: male
 Profession: student
 Region: kollum
 Age: 24
 DeviceType: digimemo a402
 SkillDevice: average
 Language: hindi
 Script: indic
 Native: false
 Style: discrete
 UsageFreq: rarely
 Proficiency: average
 Date: 2007-6-22
 WritingInProfession: no

.PEN_DOWN
846 3311 0
847 3308 0
849 3305 0
849 3302 0
850 3299 0
850 3296 0
850 3293 0
851 3300 0
852 3308 0
853 3316 0
854 3326 0
854 3336 0
854 3348 0
853 3362 0
854 3376 0
853 3394 0
853 3412 0
853 3430 0
853 3447 0
854 3461 0
853 3472 0
852 3479 0
852 3484 0
852 3480 0
852 3473 0
852 3467 0
852 3459 0
852 3450 0
852 3441 0
852 3433 0
851 3426 0
851 3419 0
851 3413 0
850 3406 0
849 3399 0
847 3394 0
845 3388 0
842 3383 0
838 3378 0
832 3373 0
826 3368 0
821 3365 0
817 3361 0
814 3362 0
810 3359 0
806 3357 0
802 3355 0
798 3352 0
793 3351 0
788 3350 0
783 3349 0
778 3347 0
772 3346 0
765 3346 0
758 3347 0
753 3348 0
748 3349 0
743 3351 0
738 3353 0
733 3355 0
728 3358 0
723 3363 0
718 3369 0
713 3376 0
708 3383 0
704 3388 0
702 3394 0
701 3399 0
700 3405 0
701 3411 0
703 3417 0
705 3424 0
708 3430 0
710 3435 0
713 3440 0
718 3443 0
724 3446 0
728 3447 0
733 3448 0
739 3449 0
745 3449 0
749 3449 0
754 3448 0
759 3447 0
764 3445 0
769 3441 0
775 3436 0
781 3431 0
787 3426 0
792 3423 0
795 3420 0
799 3417 0
802 3415 0
805 3413 0
808 3410 0
812 3407 0
816 3403 0
823 3397 0
831 3391 0
842 3386 0
850 3382 0
856 3380 0
860 3378 0
863 3376 0
867 3374 0
872 3371 0
880 3367 0
892 3363 0
903 3360 0
913 3358 0
921 3357 0
927 3356 0
932 3356 0
935 3356 0
939 3356 0
943 3355 0
946 3355 0
949 3355 0
952 3355 0
952 3355 0
.PEN_UP
.PEN_DOWN
718 3316 0
715 3316 0
719 3316 0
723 3316 0
730 3316 0
739 3316 0
749 3316 0
763 3316 0
783 3316 0
812 3316 0
844 3316 0
875 3302 0
904 3295 0
928 3290 0
945 3288 0
954 3287 0
958 3286 0
958 3286 0
.PEN_UP
