.VERSION 1.0 
.HIERARCHY CHARACTER
.COORD X Y T
.SEGMENT CHARACTER 0-2 OK "66"
.H_LINE 2999 3874
.V_LINE 1999 2749
.X_DIM 749
.Y_DIM 874
.X_POINTS_PER_INCH 1000
.Y_POINTS_PER_INCH 1000
.POINTS_PER_SECOND 125
.COMMENT CALIB X: -15 Y: -74

.WRITER_INFO
 Name: CHANDU VIJAY
 WriterId: 53
 Hand: right
 EducationLevel: post graduate
 Gender: male
 Profession: student
 Region: kollum
 Age: 24
 DeviceType: digimemo a402
 SkillDevice: average
 Language: hindi
 Script: indic
 Native: false
 Style: discrete
 UsageFreq: rarely
 Proficiency: average
 Date: 2007-6-22
 WritingInProfession: no

.PEN_DOWN
2283 3295 0
2280 3294 0
2283 3294 0
2287 3296 0
2292 3301 0
2298 3306 0
2303 3312 0
2307 3319 0
2311 3328 0
2315 3336 0
2318 3344 0
2319 3351 0
2317 3358 0
2313 3365 0
2308 3372 0
2300 3380 0
2290 3389 0
2280 3397 0
2270 3404 0
2260 3410 0
2248 3412 0
2235 3413 0
2223 3411 0
2210 3408 0
2198 3404 0
2189 3399 0
2183 3395 0
2179 3390 0
2177 3387 0
2176 3384 0
2177 3387 0
2180 3392 0
2183 3398 0
2188 3404 0
2193 3411 0
2200 3419 0
2208 3427 0
2216 3437 0
2225 3447 0
2235 3457 0
2245 3467 0
2256 3475 0
2269 3479 0
2285 3480 0
2302 3478 0
2320 3473 0
2341 3466 0
2363 3459 0
.PEN_UP
.PEN_DOWN
2439 3339 0
2439 3336 0
2437 3333 0
2433 3331 0
2429 3331 0
2424 3331 0
2417 3331 0
2408 3332 0
2399 3334 0
2388 3337 0
2375 3342 0
2366 3347 0
2359 3353 0
2354 3360 0
2352 3370 0
2353 3380 0
2358 3390 0
2368 3399 0
2380 3405 0
2396 3406 0
2414 3405 0
2433 3396 0
.PEN_UP
.PEN_DOWN
2195 3296 0
2192 3295 0
2199 3296 0
2210 3296 0
2226 3294 0
2243 3291 0
2265 3288 0
2291 3286 0
2320 3285 0
2351 3284 0
2375 3284 0
2392 3284 0
2402 3285 0
2407 3285 0
2410 3285 0
2410 3285 0
.PEN_UP
