.VERSION 1.0 
.HIERARCHY CHARACTER
.COORD X Y T
.SEGMENT CHARACTER 0-2 OK "66"
.H_LINE 2999 3874
.V_LINE 1999 2749
.X_DIM 749
.Y_DIM 874
.X_POINTS_PER_INCH 1000
.Y_POINTS_PER_INCH 1000
.POINTS_PER_SECOND 125
.COMMENT CALIB X: -3 Y: -76

.WRITER_INFO
 Name: CHANDU VIJAY
 WriterId: 53
 Hand: right
 EducationLevel: post graduate
 Gender: male
 Profession: student
 Region: kollum
 Age: 24
 DeviceType: digimemo a402
 SkillDevice: average
 Language: hindi
 Script: indic
 Native: false
 Style: discrete
 UsageFreq: rarely
 Proficiency: average
 Date: 2007-6-22
 WritingInProfession: no

.PEN_DOWN
2296 3263 0
2293 3263 0
2291 3256 0
2290 3253 0
2293 3256 0
2294 3259 0
2296 3263 0
2298 3267 0
2299 3270 0
2301 3273 0
2302 3277 0
2303 3281 0
2303 3285 0
2303 3289 0
2303 3294 0
2302 3298 0
2302 3301 0
2301 3304 0
2299 3307 0
2296 3311 0
2292 3316 0
2288 3319 0
2284 3324 0
2280 3327 0
2276 3330 0
2273 3332 0
2270 3333 0
2266 3333 0
2261 3334 0
2255 3335 0
2251 3335 0
2248 3336 0
2244 3336 0
2239 3337 0
2234 3337 0
2231 3336 0
2227 3333 0
2224 3331 0
2221 3329 0
2218 3327 0
2216 3324 0
2218 3327 0
2220 3330 0
2224 3333 0
2227 3336 0
2229 3339 0
2232 3341 0
2235 3345 0
2239 3348 0
2240 3351 0
2243 3354 0
2246 3356 0
2248 3359 0
2250 3362 0
2252 3365 0
2254 3368 0
2255 3372 0
2257 3375 0
2260 3379 0
2262 3383 0
2264 3386 0
2266 3390 0
2268 3393 0
2269 3397 0
2271 3401 0
2272 3404 0
2275 3408 0
2278 3410 0
2281 3412 0
2285 3414 0
2289 3416 0
2292 3418 0
2295 3419 0
2298 3420 0
2302 3421 0
2305 3421 0
2308 3422 0
2311 3422 0
2315 3423 0
2319 3424 0
2322 3425 0
2326 3426 0
2329 3427 0
2333 3427 0
2337 3428 0
2341 3428 0
2345 3428 0
2348 3428 0
2351 3428 0
2354 3428 0
2357 3428 0
2360 3428 0
2363 3427 0
2366 3426 0
2371 3423 0
2379 3421 0
2387 3419 0
2393 3417 0
2397 3415 0
2401 3412 0
2405 3410 0
2408 3409 0
2411 3407 0
2414 3404 0
2416 3401 0
2417 3395 0
.PEN_UP
.PEN_DOWN
2194 3232 0
2198 3232 0
2202 3232 0
2207 3232 0
2213 3232 0
2221 3232 0
2231 3232 0
2242 3232 0
2254 3232 0
2264 3232 0
2276 3232 0
2288 3232 0
2301 3232 0
2314 3232 0
2326 3232 0
2336 3232 0
2348 3232 0
2360 3232 0
2372 3232 0
2383 3224 0
2393 3220 0
2401 3218 0
2407 3217 0
2411 3217 0
2414 3217 0
2417 3216 0
2420 3216 0
2423 3216 0
2426 3216 0
2429 3218 0
2432 3219 0
2435 3219 0
2438 3219 0
2441 3219 0
2445 3219 0
2448 3218 0
2451 3218 0
2454 3217 0
2454 3217 0
.PEN_UP
.PEN_DOWN
2440 3289 0
2437 3289 0
2434 3289 0
2431 3289 0
2427 3289 0
2423 3289 0
2419 3289 0
2416 3289 0
2412 3289 0
2408 3289 0
2405 3289 0
2402 3289 0
2398 3289 0
2394 3289 0
2390 3289 0
2385 3291 0
2380 3293 0
2376 3296 0
2372 3298 0
2369 3300 0
2366 3303 0
2364 3307 0
2362 3311 0
2361 3314 0
2359 3318 0
2357 3321 0
2356 3325 0
2355 3328 0
2354 3332 0
2355 3336 0
2356 3339 0
2358 3342 0
2360 3345 0
2363 3347 0
2366 3349 0
2369 3351 0
2373 3353 0
2376 3353 0
2380 3353 0
2383 3353 0
2386 3354 0
2391 3354 0
2395 3354 0
2398 3354 0
2401 3353 0
2404 3353 0
2407 3352 0
2410 3351 0
2415 3348 0
2421 3347 0
2426 3345 0
2430 3344 0
2433 3343 0
2436 3343 0
2437 3337 0
.PEN_UP
