.VERSION 1.0 
.HIERARCHY CHARACTER
.COORD X Y T
.SEGMENT CHARACTER 0-2 OK "97"
.H_LINE 2999 3874
.V_LINE 3500 4250
.X_DIM 750
.Y_DIM 874
.X_POINTS_PER_INCH 1000
.Y_POINTS_PER_INCH 1000
.POINTS_PER_SECOND 125
.COMMENT CALIB X: 10 Y: -89

.WRITER_INFO
 Name: CHANDU VIJAY
 WriterId: 53
 Hand: right
 EducationLevel: post graduate
 Gender: male
 Profession: student
 Region: kollum
 Age: 24
 DeviceType: digimemo a402
 SkillDevice: average
 Language: hindi
 Script: indic
 Native: false
 Style: discrete
 UsageFreq: rarely
 Proficiency: average
 Date: 2007-6-22
 WritingInProfession: no

.PEN_DOWN
3865 3240 0
3861 3238 0
3859 3244 0
3858 3251 0
3858 3259 0
3857 3267 0
3857 3276 0
3857 3285 0
3857 3293 0
3858 3298 0
3858 3303 0
3859 3307 0
3860 3310 0
3859 3307 0
3858 3304 0
3855 3301 0
3852 3298 0
3848 3296 0
3842 3295 0
3836 3295 0
3829 3295 0
3821 3295 0
3814 3296 0
3806 3298 0
3796 3302 0
3787 3307 0
3778 3314 0
3771 3320 0
3766 3326 0
3761 3333 0
3758 3340 0
3757 3349 0
3758 3358 0
3761 3365 0
3765 3373 0
3772 3379 0
3781 3382 0
3792 3383 0
3806 3381 0
3821 3378 0
3833 3377 0
3841 3375 0
3848 3372 0
.PEN_UP
.PEN_DOWN
3826 3389 0
3825 3394 0
3824 3401 0
3824 3409 0
3824 3417 0
3824 3426 0
3824 3435 0
3825 3445 0
3824 3454 0
3825 3462 0
3825 3469 0
3825 3473 0
3823 3470 0
3822 3467 0
3820 3463 0
3815 3460 0
3809 3458 0
3802 3459 0
3794 3460 0
3786 3462 0
3776 3466 0
3767 3471 0
3758 3477 0
3751 3484 0
3745 3492 0
3741 3500 0
3739 3509 0
3740 3518 0
3744 3526 0
3749 3532 0
3758 3536 0
3771 3537 0
3787 3534 0
3807 3527 0
3831 3519 0
.PEN_UP
.PEN_DOWN
3727 3249 0
3724 3249 0
3728 3248 0
3734 3247 0
3744 3246 0
3758 3244 0
3777 3240 0
3804 3235 0
3839 3231 0
3880 3228 0
3921 3225 0
3956 3223 0
3980 3223 0
3994 3223 0
4003 3223 0
4007 3223 0
4007 3223 0
.PEN_UP
