.VERSION 1.0 
.HIERARCHY CHARACTER
.COORD X Y T
.SEGMENT CHARACTER 0-3 OK "100"
.H_LINE 4624 5499
.V_LINE 499 1250
.X_DIM 750
.Y_DIM 874
.X_POINTS_PER_INCH 1000
.Y_POINTS_PER_INCH 1000
.POINTS_PER_SECOND 125
.COMMENT CALIB X: 7 Y: -63

.WRITER_INFO
 Name: CHANDU VIJAY
 WriterId: 53
 Hand: right
 EducationLevel: post graduate
 Gender: male
 Profession: student
 Region: kollum
 Age: 24
 DeviceType: digimemo a402
 SkillDevice: average
 Language: hindi
 Script: indic
 Native: false
 Style: discrete
 UsageFreq: rarely
 Proficiency: average
 Date: 2007-6-22
 WritingInProfession: no

.PEN_DOWN
884 4911 0
884 4908 0
884 4905 0
884 4908 0
883 4912 0
883 4918 0
883 4924 0
885 4930 0
887 4936 0
889 4942 0
891 4946 0
892 4950 0
892 4953 0
892 4956 0
889 4955 0
887 4952 0
884 4948 0
881 4946 0
878 4945 0
875 4944 0
871 4944 0
865 4944 0
857 4946 0
849 4947 0
842 4949 0
835 4952 0
829 4954 0
823 4956 0
819 4957 0
816 4958 0
813 4960 0
810 4963 0
807 4966 0
804 4968 0
802 4971 0
798 4975 0
794 4979 0
791 4983 0
788 4987 0
786 4991 0
784 4995 0
783 4998 0
782 5001 0
781 5004 0
782 5007 0
782 5011 0
783 5015 0
783 5019 0
784 5023 0
785 5027 0
785 5030 0
786 5033 0
788 5037 0
789 5040 0
790 5044 0
791 5048 0
793 5052 0
795 5055 0
797 5058 0
800 5061 0
802 5065 0
804 5069 0
806 5072 0
809 5075 0
812 5077 0
815 5079 0
819 5081 0
823 5082 0
827 5083 0
830 5084 0
834 5085 0
838 5085 0
843 5086 0
848 5086 0
853 5086 0
858 5086 0
862 5086 0
867 5085 0
871 5084 0
875 5083 0
880 5082 0
883 5081 0
886 5081 0
889 5081 0
892 5080 0
895 5077 0
899 5075 0
903 5072 0
907 5070 0
910 5067 0
912 5064 0
913 5061 0
914 5058 0
913 5055 0
910 5054 0
907 5054 0
904 5054 0
900 5056 0
897 5058 0
894 5059 0
894 5059 0
.PEN_UP
.PEN_DOWN
819 5088 0
816 5088 0
813 5089 0
810 5089 0
807 5090 0
804 5092 0
801 5094 0
799 5097 0
797 5100 0
796 5103 0
794 5106 0
792 5109 0
790 5112 0
789 5115 0
789 5118 0
789 5121 0
789 5124 0
790 5127 0
792 5130 0
792 5133 0
793 5136 0
796 5138 0
799 5141 0
802 5144 0
805 5146 0
808 5147 0
811 5148 0
814 5149 0
817 5151 0
820 5153 0
824 5155 0
827 5156 0
830 5157 0
833 5157 0
837 5158 0
841 5158 0
844 5158 0
847 5157 0
850 5157 0
853 5156 0
856 5155 0
859 5154 0
862 5154 0
865 5153 0
868 5151 0
872 5149 0
876 5147 0
880 5145 0
886 5143 0
893 5140 0
900 5137 0
905 5135 0
909 5133 0
912 5130 0
917 5126 0
.PEN_UP
.PEN_DOWN
897 5077 0
890 5077 0
887 5078 0
886 5081 0
890 5087 0
894 5093 0
899 5100 0
906 5108 0
915 5116 0
924 5126 0
933 5136 0
941 5147 0
950 5158 0
957 5169 0
963 5177 0
968 5184 0
974 5188 0
.PEN_UP
.PEN_DOWN
766 4892 0
770 4891 0
776 4891 0
786 4889 0
801 4888 0
822 4887 0
846 4886 0
874 4885 0
903 4884 0
928 4884 0
948 4883 0
961 4882 0
968 4882 0
971 4882 0
971 4882 0
.PEN_UP
