.VERSION 1.0 
.HIERARCHY CHARACTER
.COORD X Y T
.SEGMENT CHARACTER 0-1 OK "13"
.H_LINE 4624 5499
.V_LINE 5000 5750
.X_DIM 750
.Y_DIM 874
.X_POINTS_PER_INCH 1000
.Y_POINTS_PER_INCH 1000
.POINTS_PER_SECOND 125
.COMMENT CALIB X: 24 Y: 9

.WRITER_INFO
 Name: UJJWAL
 WriterId: 51
 Hand: right
 EducationLevel: high school
 Gender: male
 Profession: student
 Region: darjeeling
 Age: 17
 DeviceType: digimemo a402
 SkillDevice: average
 Language: hindi
 Script: indic
 Native: true
 Style: discrete
 UsageFreq: once a month
 Proficiency: average
 Date: 2007-6-22
 WritingInProfession: no

.PEN_DOWN
5180 5016 0
5181 5012 0
5183 5009 0
5187 5007 0
5192 5005 0
5198 5003 0
5207 5000 0
5216 4998 0
5224 4997 0
5231 4997 0
5237 5000 0
5244 5003 0
5250 5007 0
5255 5012 0
5259 5018 0
5262 5025 0
5266 5034 0
5268 5044 0
5269 5054 0
5270 5064 0
5270 5075 0
5270 5085 0
5269 5094 0
5266 5103 0
5262 5112 0
5258 5120 0
5251 5127 0
5242 5135 0
5231 5141 0
5218 5146 0
5203 5149 0
5189 5151 0
5173 5152 0
5161 5151 0
5154 5150 0
5150 5148 0
5148 5145 0
5147 5141 0
5147 5136 0
5148 5129 0
5151 5122 0
5155 5117 0
5159 5113 0
5165 5110 0
5172 5107 0
5181 5106 0
5190 5106 0
5197 5108 0
5204 5111 0
5209 5117 0
5213 5124 0
5216 5132 0
5219 5139 0
5221 5145 0
5223 5152 0
5226 5159 0
5231 5166 0
5236 5171 0
5240 5175 0
5244 5178 0
5249 5180 0
5255 5182 0
5261 5184 0
5267 5184 0
5274 5185 0
5280 5185 0
5285 5185 0
5289 5185 0
5294 5183 0
5300 5180 0
5305 5178 0
5311 5175 0
5316 5172 0
5322 5168 0
5327 5163 0
5331 5157 0
5335 5151 0
5337 5144 0
5339 5137 0
5340 5130 0
5340 5123 0
5340 5117 0
5340 5113 0
5337 5110 0
5332 5107 0
5326 5104 0
5319 5103 0
5314 5103 0
5310 5104 0
5307 5105 0
5304 5107 0
5302 5110 0
5301 5114 0
5300 5120 0
5299 5125 0
5300 5132 0
5302 5138 0
5304 5143 0
5307 5147 0
5311 5151 0
5316 5154 0
5321 5156 0
5326 5157 0
5330 5157 0
5333 5156 0
5336 5155 0
5340 5152 0
5344 5149 0
5348 5147 0
5351 5143 0
5354 5139 0
5356 5134 0
5357 5128 0
5358 5119 0
5359 5108 0
5360 5096 0
5362 5083 0
5366 5070 0
5368 5059 0
5369 5049 0
5370 5041 0
5370 5033 0
5370 5026 0
5369 5018 0
5368 5012 0
5367 5007 0
5367 5004 0
5365 5009 0
5364 5015 0
5363 5023 0
5363 5032 0
5363 5043 0
5364 5055 0
5365 5066 0
5366 5078 0
5367 5091 0
5367 5104 0
5368 5117 0
5369 5129 0
5371 5140 0
5373 5149 0
5376 5157 0
5379 5163 0
5382 5168 0
5384 5171 0
5386 5174 0
5389 5175 0
5391 5171 0
5392 5167 0
5391 5160 0
.PEN_UP
.PEN_DOWN
5170 4983 0
5178 4985 0
5194 4985 0
5211 4985 0
5227 4985 0
5243 4985 0
5261 4985 0
5276 4985 0
5291 4985 0
5307 4985 0
5324 4986 0
5342 4987 0
5358 4987 0
5371 4987 0
5382 4986 0
5393 4986 0
5404 4984 0
5415 4984 0
5424 4984 0
5432 4984 0
5437 4984 0
5440 4984 0
5439 4988 0
5435 4989 0
.PEN_UP
