.VERSION 1.0 
.HIERARCHY CHARACTER
.COORD X Y T
.SEGMENT CHARACTER 0-1 OK "33"
.H_LINE 1374 2249
.V_LINE 5000 5750
.X_DIM 750
.Y_DIM 874
.X_POINTS_PER_INCH 1000
.Y_POINTS_PER_INCH 1000
.POINTS_PER_SECOND 125
.COMMENT CALIB X: 7 Y: -51

.WRITER_INFO
 Name: UJJWAL
 WriterId: 51
 Hand: right
 EducationLevel: high school
 Gender: male
 Profession: student
 Region: darjeeling
 Age: 17
 DeviceType: digimemo a402
 SkillDevice: average
 Language: hindi
 Script: indic
 Native: true
 Style: discrete
 UsageFreq: once a month
 Proficiency: average
 Date: 2007-6-22
 WritingInProfession: no

.PEN_DOWN
5223 1785 0
5221 1782 0
5219 1786 0
5217 1792 0
5215 1799 0
5214 1808 0
5213 1819 0
5212 1830 0
5211 1841 0
5213 1851 0
5216 1859 0
5221 1868 0
5228 1873 0
5234 1876 0
5240 1878 0
5245 1879 0
5251 1877 0
5257 1873 0
5263 1869 0
5267 1863 0
5271 1853 0
5275 1843 0
5277 1832 0
5278 1821 0
5278 1810 0
5278 1801 0
5277 1793 0
5277 1787 0
5276 1783 0
5275 1786 0
5274 1791 0
5273 1801 0
5272 1813 0
5271 1826 0
5270 1840 0
5269 1854 0
5267 1866 0
5266 1881 0
5266 1896 0
5266 1910 0
5267 1926 0
5267 1938 0
5267 1948 0
5268 1957 0
5269 1964 0
5271 1967 0
5270 1963 0
5270 1956 0
5269 1947 0
5269 1937 0
5270 1926 0
5272 1917 0
5273 1910 0
5275 1904 0
5278 1898 0
5282 1892 0
5288 1888 0
5294 1886 0
5298 1885 0
5302 1885 0
5306 1887 0
5312 1894 0
5318 1901 0
5322 1908 0
5326 1918 0
5328 1930 0
5330 1942 0
5331 1954 0
5334 1965 0
5336 1973 0
5338 1978 0
5339 1982 0
5342 1981 0
5345 1977 0
.PEN_UP
.PEN_DOWN
5186 1772 0
5183 1772 0
5180 1772 0
5178 1775 0
5177 1778 0
5176 1781 0
5177 1784 0
5181 1787 0
5187 1789 0
5197 1790 0
5210 1790 0
5225 1789 0
5242 1787 0
5261 1785 0
5281 1782 0
5303 1779 0
5325 1776 0
5346 1774 0
5363 1773 0
5375 1773 0
5384 1772 0
5391 1772 0
5397 1771 0
5400 1771 0
5403 1773 0
5408 1778 0
.PEN_UP
