.VERSION 1.0 
.HIERARCHY CHARACTER
.COORD X Y T
.SEGMENT CHARACTER 0-1 OK "83"
.H_LINE 7874 8750
.V_LINE 5000 5750
.X_DIM 750
.Y_DIM 875
.X_POINTS_PER_INCH 1000
.Y_POINTS_PER_INCH 1000
.POINTS_PER_SECOND 125
.COMMENT CALIB X: 30 Y: -35

.WRITER_INFO
 Name: UJJWAL
 WriterId: 51
 Hand: right
 EducationLevel: high school
 Gender: male
 Profession: student
 Region: darjeeling
 Age: 17
 DeviceType: digimemo a402
 SkillDevice: average
 Language: hindi
 Script: indic
 Native: true
 Style: discrete
 UsageFreq: once a month
 Proficiency: average
 Date: 2007-6-22
 WritingInProfession: no

.PEN_DOWN
5228 8247 0
5231 8248 0
5235 8249 0
5241 8249 0
5250 8249 0
5262 8248 0
5275 8247 0
5288 8247 0
5300 8247 0
5311 8247 0
5321 8248 0
5328 8248 0
5333 8249 0
5336 8249 0
5339 8249 0
5342 8250 0
.PEN_UP
.PEN_DOWN
5299 8250 0
5297 8253 0
5295 8256 0
5294 8260 0
5295 8265 0
5295 8269 0
5296 8274 0
5296 8278 0
5297 8282 0
5297 8287 0
5298 8292 0
5299 8297 0
5300 8303 0
5301 8308 0
5302 8314 0
5303 8321 0
5303 8328 0
5303 8334 0
5303 8339 0
5304 8345 0
5304 8350 0
5304 8355 0
5304 8360 0
5304 8364 0
5304 8368 0
5304 8371 0
5304 8374 0
5303 8377 0
5303 8380 0
5302 8383 0
5301 8386 0
5300 8389 0
5298 8392 0
5297 8395 0
5295 8398 0
5294 8394 0
5293 8389 0
5292 8385 0
5291 8381 0
5291 8378 0
5291 8375 0
5291 8372 0
5292 8369 0
5292 8366 0
5293 8363 0
5295 8360 0
5297 8357 0
5302 8354 0
5305 8353 0
5308 8352 0
5311 8352 0
5317 8352 0
5326 8351 0
5338 8350 0
5352 8350 0
5364 8350 0
5375 8350 0
5384 8350 0
5393 8351 0
5399 8351 0
5403 8351 0
5406 8351 0
5409 8351 0
5412 8351 0
5416 8350 0
5425 8349 0
.PEN_UP
