.VERSION 1.0 
.HIERARCHY CHARACTER
.COORD X Y T
.SEGMENT CHARACTER 0-3 OK "106"
.H_LINE 6249 7124
.V_LINE 1999 2749
.X_DIM 749
.Y_DIM 875
.X_POINTS_PER_INCH 1000
.Y_POINTS_PER_INCH 1000
.POINTS_PER_SECOND 125
.COMMENT CALIB X: -38 Y: -93

.WRITER_INFO
 Name: UJJWAL
 WriterId: 51
 Hand: right
 EducationLevel: high school
 Gender: male
 Profession: student
 Region: darjeeling
 Age: 17
 DeviceType: digimemo a402
 SkillDevice: average
 Language: hindi
 Script: indic
 Native: true
 Style: discrete
 UsageFreq: once a month
 Proficiency: average
 Date: 2007-6-22
 WritingInProfession: no

.PEN_DOWN
2204 6514 0
2202 6517 0
2204 6520 0
2207 6522 0
2212 6524 0
2218 6526 0
2225 6527 0
2236 6528 0
2253 6528 0
2276 6528 0
2305 6528 0
2337 6528 0
2367 6527 0
2393 6527 0
2415 6527 0
2431 6527 0
2441 6528 0
2448 6528 0
2452 6528 0
2455 6528 0
2455 6524 0
2452 6531 0
.PEN_UP
.PEN_DOWN
2313 6536 0
2311 6540 0
2309 6545 0
2308 6551 0
2308 6558 0
2307 6566 0
2306 6574 0
2306 6582 0
2305 6592 0
2304 6602 0
2303 6610 0
2303 6617 0
2303 6624 0
2303 6629 0
2303 6632 0
2303 6635 0
2303 6632 0
2302 6628 0
2301 6625 0
2299 6622 0
2296 6619 0
2292 6616 0
2284 6614 0
2271 6613 0
2258 6613 0
2248 6613 0
2241 6614 0
2236 6617 0
2229 6622 0
2224 6626 0
2221 6630 0
2220 6633 0
2219 6636 0
2219 6639 0
2220 6642 0
2222 6646 0
2224 6649 0
2227 6653 0
2231 6657 0
2236 6661 0
2242 6663 0
2249 6666 0
2256 6669 0
2263 6672 0
2269 6675 0
2273 6678 0
2276 6680 0
2278 6683 0
2275 6680 0
2272 6678 0
2269 6676 0
2266 6674 0
2262 6672 0
2259 6671 0
2255 6669 0
2251 6668 0
2248 6668 0
2245 6669 0
2242 6669 0
2239 6671 0
2238 6674 0
2236 6677 0
2234 6681 0
2231 6687 0
2228 6691 0
2226 6696 0
2224 6701 0
2223 6707 0
2222 6712 0
2222 6718 0
2221 6725 0
2220 6732 0
2219 6740 0
2218 6747 0
2218 6753 0
2218 6758 0
2218 6764 0
2218 6769 0
2219 6774 0
2221 6778 0
2222 6782 0
2225 6785 0
2229 6789 0
2232 6791 0
2235 6793 0
2238 6794 0
2243 6797 0
2248 6799 0
2252 6801 0
2257 6804 0
2261 6806 0
2265 6808 0
2268 6811 0
2271 6814 0
2274 6817 0
2277 6821 0
2279 6824 0
2281 6828 0
2282 6831 0
2283 6834 0
2283 6828 0
2282 6823 0
.PEN_UP
.PEN_DOWN
2250 6673 0
2253 6671 0
2256 6670 0
2259 6670 0
2263 6671 0
2268 6673 0
2273 6676 0
2277 6679 0
2281 6682 0
2285 6685 0
2292 6689 0
2300 6692 0
2308 6698 0
2316 6705 0
2323 6711 0
2328 6716 0
2331 6720 0
2333 6723 0
2335 6726 0
2336 6729 0
2335 6732 0
2332 6735 0
2328 6739 0
2320 6745 0
2310 6751 0
2300 6756 0
2292 6760 0
2288 6762 0
2286 6765 0
2288 6768 0
2290 6771 0
2293 6774 0
2296 6776 0
2300 6779 0
2305 6781 0
2312 6783 0
2319 6783 0
2328 6783 0
2337 6782 0
2345 6780 0
2354 6778 0
2363 6774 0
2372 6769 0
2379 6764 0
2385 6757 0
2391 6749 0
2397 6739 0
2403 6728 0
2410 6714 0
2416 6702 0
2420 6691 0
2423 6681 0
2425 6670 0
2426 6660 0
2428 6649 0
2428 6637 0
2428 6624 0
2427 6612 0
2427 6600 0
2427 6592 0
2427 6584 0
2427 6580 0
2426 6577 0
2425 6573 0
2425 6569 0
2424 6574 0
2424 6581 0
2423 6590 0
2422 6599 0
2421 6609 0
2421 6622 0
2421 6636 0
2421 6652 0
2420 6671 0
2419 6690 0
2418 6707 0
2418 6726 0
2418 6743 0
2418 6759 0
2418 6773 0
2418 6784 0
2418 6793 0
2418 6802 0
2418 6808 0
2418 6814 0
2418 6818 0
2418 6822 0
2419 6825 0
2420 6829 0
2421 6832 0
2422 6835 0
2423 6839 0
2423 6842 0
2423 6839 0
2423 6832 0
2423 6824 0
.PEN_UP
.PEN_DOWN
2428 6560 0
2427 6557 0
2425 6554 0
2424 6551 0
2423 6548 0
2423 6540 0
2423 6534 0
2423 6529 0
2423 6526 0
2424 6530 0
.PEN_UP
