.VERSION 1.0 
.HIERARCHY CHARACTER
.COORD X Y T
.SEGMENT CHARACTER 0-2 OK "107"
.H_LINE 6249 7124
.V_LINE 3500 4250
.X_DIM 750
.Y_DIM 875
.X_POINTS_PER_INCH 1000
.Y_POINTS_PER_INCH 1000
.POINTS_PER_SECOND 125
.COMMENT CALIB X: 9 Y: -30

.WRITER_INFO
 Name: UJJWAL
 WriterId: 51
 Hand: right
 EducationLevel: high school
 Gender: male
 Profession: student
 Region: darjeeling
 Age: 17
 DeviceType: digimemo a402
 SkillDevice: average
 Language: hindi
 Script: indic
 Native: true
 Style: discrete
 UsageFreq: once a month
 Proficiency: average
 Date: 2007-6-22
 WritingInProfession: no

.PEN_DOWN
3722 6551 0
3719 6550 0
3716 6550 0
3720 6552 0
3725 6555 0
3732 6557 0
3744 6559 0
3756 6560 0
3770 6561 0
3784 6561 0
3799 6561 0
3817 6561 0
3835 6560 0
3853 6559 0
3869 6557 0
3883 6556 0
3894 6554 0
3903 6553 0
3909 6553 0
3912 6553 0
3913 6556 0
3913 6562 0
3911 6570 0
.PEN_UP
.PEN_DOWN
3841 6581 0
3832 6581 0
3827 6581 0
3824 6581 0
3823 6576 0
3822 6573 0
3820 6576 0
3819 6579 0
3818 6583 0
3816 6587 0
3815 6592 0
3814 6595 0
3814 6598 0
3814 6601 0
3815 6605 0
3815 6608 0
3815 6611 0
3815 6615 0
3815 6618 0
3815 6623 0
3815 6627 0
3815 6631 0
3815 6634 0
3815 6637 0
3815 6640 0
3815 6643 0
3812 6641 0
3809 6640 0
3806 6639 0
3803 6638 0
3799 6638 0
3794 6638 0
3788 6638 0
3782 6638 0
3776 6638 0
3772 6638 0
3769 6638 0
3766 6640 0
3763 6643 0
3758 6647 0
3753 6651 0
3749 6655 0
3746 6660 0
3743 6664 0
3741 6669 0
3740 6674 0
3739 6677 0
3739 6680 0
3741 6683 0
3744 6686 0
3747 6687 0
3751 6689 0
3756 6690 0
3761 6692 0
3765 6694 0
3768 6695 0
3773 6696 0
3778 6696 0
3784 6697 0
3790 6698 0
3795 6699 0
3800 6699 0
3803 6700 0
3807 6702 0
3810 6704 0
3814 6707 0
3817 6709 0
3820 6711 0
3822 6715 0
3824 6718 0
3826 6722 0
3828 6725 0
3829 6728 0
3830 6731 0
3829 6727 0
3827 6722 0
3824 6717 0
3821 6714 0
3818 6710 0
3815 6707 0
3810 6704 0
3805 6700 0
3800 6698 0
3797 6697 0
3794 6696 0
3791 6696 0
3786 6696 0
3781 6697 0
3773 6698 0
3766 6698 0
3762 6700 0
3758 6703 0
3754 6707 0
3751 6711 0
3747 6715 0
3744 6720 0
3741 6727 0
3738 6735 0
3736 6742 0
3734 6749 0
3733 6758 0
3732 6767 0
3732 6774 0
3733 6781 0
3734 6788 0
3737 6794 0
3739 6799 0
3741 6802 0
3743 6805 0
3746 6808 0
3748 6812 0
3751 6815 0
3754 6817 0
3757 6819 0
3760 6821 0
3763 6824 0
3765 6827 0
3768 6829 0
3771 6831 0
3774 6833 0
3777 6834 0
3781 6834 0
3784 6835 0
3787 6836 0
3790 6838 0
3793 6841 0
3796 6845 0
3799 6848 0
3802 6851 0
3804 6854 0
3807 6856 0
3809 6859 0
3812 6862 0
3813 6865 0
3815 6868 0
3817 6871 0
3819 6874 0
3821 6877 0
3823 6880 0
3825 6883 0
3830 6880 0
.PEN_UP
.PEN_DOWN
3802 6715 0
3800 6718 0
3797 6722 0
3794 6730 0
3791 6740 0
3788 6751 0
3785 6764 0
3783 6776 0
3780 6788 0
3777 6801 0
3773 6813 0
3769 6823 0
3767 6831 0
3765 6839 0
3763 6848 0
3761 6855 0
3759 6861 0
3758 6866 0
3757 6870 0
3756 6873 0
3756 6873 0
.PEN_UP
