.VERSION 1.0 
.HIERARCHY CHARACTER
.COORD X Y T
.SEGMENT CHARACTER 0-1 OK "28"
.H_LINE 9500 10374
.V_LINE 5000 5750
.X_DIM 750
.Y_DIM 874
.X_POINTS_PER_INCH 1000
.Y_POINTS_PER_INCH 1000
.POINTS_PER_SECOND 125
.COMMENT CALIB X: 111 Y: -159

.WRITER_INFO
 Name: S BALASUBRAHMANIAM
 WriterId: 109
 Hand: right
 EducationLevel: post graduate
 Gender: male
 Profession: reseach scholar
 Region: chennai
 Age: 28
 DeviceType: digimemo a402
 SkillDevice: average
 Language: hindi
 Script: indic
 Native: false
 Style: discrete
 UsageFreq: rarely
 Proficiency: average
 Date: 2007-11-23
 WritingInProfession: no

.PEN_DOWN
5313 9853 0
5317 9854 0
5321 9856 0
5323 9859 0
5326 9863 0
5327 9868 0
5327 9875 0
5327 9885 0
5326 9896 0
5324 9908 0
5321 9920 0
5316 9930 0
5312 9936 0
5308 9941 0
5302 9945 0
5295 9946 0
5285 9945 0
5276 9942 0
5267 9937 0
5259 9928 0
5252 9916 0
5248 9903 0
5247 9889 0
5250 9875 0
5257 9863 0
5265 9854 0
5275 9848 0
5285 9844 0
5293 9842 0
5302 9843 0
5310 9845 0
5317 9849 0
5322 9853 0
5326 9857 0
5328 9861 0
5329 9866 0
5330 9870 0
5329 9873 0
5329 9876 0
5329 9879 0
5330 9882 0
5330 9886 0
5330 9890 0
5330 9894 0
5331 9898 0
5331 9902 0
5332 9907 0
5332 9911 0
5332 9916 0
5333 9922 0
5333 9929 0
5333 9936 0
5333 9944 0
5332 9953 0
5332 9962 0
5333 9969 0
5333 9975 0
5334 9981 0
5335 9987 0
5336 9993 0
5337 9999 0
5338 10004 0
5340 10010 0
5343 10014 0
5345 10017 0
5349 10020 0
5353 10023 0
5357 10025 0
5361 10026 0
5364 10027 0
5367 10027 0
5370 10025 0
5375 10020 0
5380 10008 0
5388 9992 0
5397 9970 0
5406 9945 0
5416 9921 0
5425 9902 0
5432 9888 0
5437 9879 0
5440 9874 0
5439 9877 0
5438 9883 0
5437 9893 0
5436 9905 0
5436 9919 0
5437 9937 0
5438 9955 0
5438 9972 0
5440 9987 0
5441 9999 0
5442 10011 0
5443 10019 0
5443 10024 0
5444 10028 0
5444 10017 0
5441 10000 0
.PEN_UP
.PEN_DOWN
5353 9847 0
5359 9850 0
5370 9852 0
5388 9853 0
5415 9853 0
5446 9851 0
5479 9848 0
5510 9844 0
5533 9842 0
5549 9840 0
5557 9839 0
5561 9838 0
5559 9835 0
.PEN_UP
