.VERSION 1.0 
.HIERARCHY CHARACTER
.COORD X Y T
.SEGMENT CHARACTER 0-2 OK "45"
.H_LINE 6249 7124
.V_LINE 499 1250
.X_DIM 750
.Y_DIM 875
.X_POINTS_PER_INCH 1000
.Y_POINTS_PER_INCH 1000
.POINTS_PER_SECOND 125
.COMMENT CALIB X: 11 Y: -127

.WRITER_INFO
 Name: S BALASUBRAHMANIAM
 WriterId: 109
 Hand: right
 EducationLevel: post graduate
 Gender: male
 Profession: reseach scholar
 Region: chennai
 Age: 28
 DeviceType: digimemo a402
 SkillDevice: average
 Language: hindi
 Script: indic
 Native: false
 Style: discrete
 UsageFreq: rarely
 Proficiency: average
 Date: 2007-11-23
 WritingInProfession: no

.PEN_DOWN
741 6604 0
744 6603 0
747 6607 0
749 6611 0
750 6615 0
751 6618 0
752 6622 0
752 6626 0
753 6631 0
752 6637 0
752 6644 0
751 6651 0
749 6657 0
747 6664 0
745 6671 0
743 6677 0
739 6682 0
735 6688 0
731 6693 0
726 6697 0
722 6700 0
716 6702 0
710 6704 0
705 6705 0
701 6704 0
698 6702 0
693 6697 0
689 6692 0
685 6685 0
683 6674 0
682 6664 0
682 6653 0
684 6643 0
687 6635 0
690 6629 0
692 6624 0
695 6621 0
698 6618 0
702 6615 0
709 6612 0
717 6609 0
725 6607 0
733 6605 0
741 6604 0
747 6604 0
751 6605 0
755 6605 0
758 6606 0
761 6607 0
763 6610 0
765 6613 0
766 6616 0
768 6619 0
769 6622 0
770 6625 0
772 6628 0
773 6632 0
775 6638 0
777 6643 0
779 6649 0
781 6655 0
780 6660 0
782 6665 0
783 6670 0
784 6674 0
784 6677 0
784 6680 0
784 6683 0
784 6686 0
784 6689 0
784 6693 0
783 6698 0
782 6703 0
781 6707 0
780 6711 0
779 6716 0
776 6720 0
774 6724 0
772 6729 0
769 6734 0
766 6739 0
763 6744 0
760 6748 0
758 6752 0
755 6757 0
752 6761 0
749 6767 0
746 6773 0
744 6779 0
743 6784 0
742 6789 0
740 6794 0
740 6799 0
740 6804 0
740 6809 0
741 6814 0
742 6820 0
745 6825 0
748 6827 0
753 6830 0
759 6831 0
766 6830 0
774 6828 0
784 6823 0
795 6817 0
805 6811 0
813 6805 0
820 6796 0
824 6788 0
825 6779 0
824 6773 0
820 6768 0
815 6766 0
811 6764 0
807 6764 0
803 6765 0
800 6768 0
798 6772 0
797 6779 0
797 6788 0
797 6796 0
798 6806 0
799 6816 0
801 6827 0
804 6838 0
806 6850 0
808 6860 0
811 6867 0
813 6872 0
817 6876 0
817 6876 0
.PEN_UP
.PEN_DOWN
712 6657 0
709 6659 0
707 6662 0
707 6665 0
708 6668 0
710 6671 0
713 6674 0
715 6677 0
717 6680 0
719 6683 0
723 6687 0
726 6690 0
730 6692 0
733 6694 0
737 6697 0
741 6700 0
746 6703 0
750 6705 0
754 6707 0
759 6710 0
765 6713 0
773 6715 0
778 6716 0
782 6716 0
785 6716 0
789 6715 0
792 6714 0
796 6712 0
801 6710 0
805 6708 0
809 6706 0
812 6704 0
816 6702 0
820 6700 0
823 6698 0
826 6697 0
830 6694 0
835 6691 0
840 6689 0
844 6687 0
848 6685 0
851 6683 0
853 6680 0
855 6677 0
857 6674 0
859 6671 0
860 6668 0
861 6665 0
863 6660 0
865 6652 0
868 6640 0
871 6628 0
873 6613 0
874 6599 0
874 6588 0
872 6580 0
869 6575 0
866 6575 0
865 6584 0
866 6598 0
869 6617 0
871 6639 0
874 6664 0
877 6686 0
879 6708 0
880 6728 0
881 6745 0
881 6757 0
882 6767 0
883 6773 0
884 6776 0
886 6773 0
888 6761 0
.PEN_UP
.PEN_DOWN
800 6578 0
805 6577 0
819 6572 0
845 6565 0
885 6557 0
929 6546 0
975 6537 0
1008 6522 0
.PEN_UP
