.VERSION 1.0 
.HIERARCHY CHARACTER
.COORD X Y T
.SEGMENT CHARACTER 0-2 OK "12"
.H_LINE 4624 5499
.V_LINE 3500 4250
.X_DIM 750
.Y_DIM 874
.X_POINTS_PER_INCH 1000
.Y_POINTS_PER_INCH 1000
.POINTS_PER_SECOND 125
.COMMENT CALIB X: 1 Y: -94

.WRITER_INFO
 Name: B. SRIMANARAYANA
 WriterId: 5
 Hand: right
 EducationLevel: post graduate
 Gender: male
 Profession: student
 Region: prakasam
 Age: 27
 DeviceType: digimemo a402
 SkillDevice: average
 Language: hindi
 Script: indic
 Native: false
 Style: discrete
 UsageFreq: rarely
 Proficiency: average
 Date: 2007-6-11
 WritingInProfession: no

.PEN_DOWN
3731 4835 0
3734 4836 0
3738 4837 0
3744 4837 0
3752 4836 0
3760 4836 0
3773 4834 0
3791 4832 0
3814 4828 0
3847 4825 0
3880 4821 0
3908 4818 0
3925 4817 0
3933 4817 0
3937 4817 0
3940 4817 0
3943 4822 0
.PEN_UP
.PEN_DOWN
3844 4838 0
3844 4841 0
3843 4846 0
3841 4854 0
3839 4865 0
3837 4881 0
3834 4897 0
3831 4917 0
3826 4939 0
3822 4964 0
3816 4988 0
3810 5013 0
3804 5036 0
3799 5054 0
3794 5066 0
3790 5076 0
3788 5080 0
3787 5083 0
3787 5083 0
.PEN_UP
.PEN_DOWN
3827 4948 0
3827 4945 0
3827 4942 0
3827 4938 0
3827 4934 0
3826 4929 0
3825 4923 0
3824 4918 0
3823 4914 0
3822 4910 0
3820 4906 0
3817 4903 0
3815 4899 0
3810 4896 0
3804 4895 0
3798 4891 0
3791 4892 0
3786 4893 0
3778 4896 0
3772 4898 0
3765 4899 0
3762 4901 0
3759 4904 0
3759 4908 0
3756 4911 0
3752 4917 0
3749 4925 0
3745 4933 0
3742 4939 0
3740 4947 0
3741 4958 0
3743 4967 0
3747 4976 0
3752 4982 0
3758 4987 0
3765 4989 0
3771 4990 0
3776 4989 0
3780 4986 0
3785 4982 0
3791 4976 0
3798 4971 0
3806 4963 0
3816 4954 0
3825 4946 0
3831 4939 0
3835 4936 0
3838 4934 0
3841 4930 0
3846 4927 0
3854 4924 0
3862 4922 0
3869 4921 0
3875 4921 0
3880 4923 0
3884 4925 0
3888 4928 0
3893 4932 0
3897 4936 0
3900 4941 0
3901 4946 0
3902 4955 0
3901 4963 0
3898 4974 0
3895 4987 0
3891 4998 0
3887 5009 0
3883 5018 0
3881 5024 0
3879 5029 0
3879 5029 0
.PEN_UP
