.VERSION 1.0 
.HIERARCHY CHARACTER
.COORD X Y T
.SEGMENT CHARACTER 0-1 OK "17"
.H_LINE 6249 7124
.V_LINE 3500 4250
.X_DIM 750
.Y_DIM 875
.X_POINTS_PER_INCH 1000
.Y_POINTS_PER_INCH 1000
.POINTS_PER_SECOND 125
.COMMENT CALIB X: 32 Y: -45

.WRITER_INFO
 Name: B. SRIMANARAYANA
 WriterId: 5
 Hand: right
 EducationLevel: post graduate
 Gender: male
 Profession: student
 Region: prakasam
 Age: 27
 DeviceType: digimemo a402
 SkillDevice: average
 Language: hindi
 Script: indic
 Native: false
 Style: discrete
 UsageFreq: rarely
 Proficiency: average
 Date: 2007-6-11
 WritingInProfession: no

.PEN_DOWN
3744 6491 0
3741 6492 0
3744 6491 0
3752 6489 0
3764 6486 0
3778 6482 0
3796 6475 0
3818 6469 0
3845 6465 0
3877 6461 0
3910 6458 0
3939 6455 0
3959 6453 0
3973 6452 0
3982 6450 0
3987 6450 0
3986 6453 0
3982 6455 0
3972 6459 0
3959 6468 0
3947 6473 0
.PEN_UP
.PEN_DOWN
3759 6593 0
3758 6596 0
3761 6598 0
3766 6598 0
3771 6598 0
3777 6597 0
3787 6595 0
3797 6592 0
3805 6589 0
3811 6586 0
3820 6584 0
3826 6585 0
3829 6586 0
3830 6589 0
3830 6592 0
3827 6596 0
3824 6599 0
3819 6606 0
3813 6612 0
3808 6618 0
3801 6625 0
3793 6629 0
3788 6633 0
3784 6635 0
3779 6639 0
3775 6640 0
3774 6643 0
3774 6646 0
3773 6651 0
3775 6657 0
3777 6663 0
3782 6667 0
3786 6672 0
3793 6674 0
3800 6673 0
3809 6669 0
3821 6663 0
3832 6657 0
3842 6649 0
3853 6640 0
3864 6628 0
3876 6615 0
3887 6602 0
3896 6585 0
3903 6569 0
3911 6548 0
3922 6524 0
3931 6504 0
3938 6486 0
3943 6472 0
3947 6464 0
3948 6460 0
3945 6472 0
3940 6486 0
3935 6501 0
3930 6514 0
3926 6526 0
3922 6536 0
3919 6548 0
3915 6559 0
3911 6571 0
3907 6582 0
3903 6594 0
3898 6605 0
3895 6616 0
3891 6626 0
3889 6636 0
3886 6646 0
3885 6654 0
3884 6663 0
3882 6672 0
3881 6677 0
3880 6680 0
3881 6674 0
.PEN_UP
