.VERSION 1.0 
.HIERARCHY CHARACTER
.COORD X Y T
.SEGMENT CHARACTER 0-1 OK "77"
.H_LINE 6249 7124
.V_LINE 3500 4250
.X_DIM 750
.Y_DIM 875
.X_POINTS_PER_INCH 1000
.Y_POINTS_PER_INCH 1000
.POINTS_PER_SECOND 125
.COMMENT CALIB X: 29 Y: -96

.WRITER_INFO
 Name: B. SRIMANARAYANA
 WriterId: 5
 Hand: right
 EducationLevel: post graduate
 Gender: male
 Profession: student
 Region: prakasam
 Age: 27
 DeviceType: digimemo a402
 SkillDevice: average
 Language: hindi
 Script: indic
 Native: false
 Style: discrete
 UsageFreq: rarely
 Proficiency: average
 Date: 2007-6-11
 WritingInProfession: no

.PEN_DOWN
3687 6584 0
3692 6583 0
3700 6582 0
3714 6580 0
3733 6579 0
3756 6577 0
3779 6575 0
3802 6571 0
3825 6569 0
3847 6565 0
3865 6563 0
3877 6561 0
3883 6560 0
3886 6560 0
3886 6563 0
3882 6569 0
3875 6574 0
.PEN_UP
.PEN_DOWN
3742 6676 0
3745 6678 0
3749 6682 0
3757 6684 0
3763 6685 0
3770 6686 0
3776 6686 0
3781 6685 0
3784 6684 0
3787 6683 0
3788 6680 0
3788 6677 0
3787 6674 0
3784 6671 0
3781 6667 0
3777 6664 0
3772 6663 0
3769 6662 0
3766 6663 0
3763 6665 0
3759 6668 0
3753 6674 0
3747 6679 0
3742 6685 0
3736 6690 0
3733 6695 0
3731 6701 0
3730 6706 0
3730 6710 0
3731 6714 0
3735 6720 0
3741 6724 0
3746 6728 0
3754 6731 0
3762 6732 0
3770 6733 0
3777 6733 0
3784 6732 0
3790 6731 0
3793 6730 0
3790 6731 0
3786 6733 0
3779 6734 0
3772 6735 0
3766 6736 0
3761 6737 0
3757 6739 0
3752 6741 0
3747 6743 0
3742 6746 0
3738 6749 0
3734 6752 0
3731 6754 0
3729 6757 0
3727 6761 0
3725 6766 0
3725 6771 0
3725 6776 0
3726 6781 0
3728 6786 0
3731 6791 0
3736 6796 0
3742 6801 0
3749 6805 0
3755 6807 0
3762 6808 0
3772 6808 0
3781 6808 0
3790 6808 0
3797 6807 0
3805 6806 0
3810 6805 0
3813 6804 0
3816 6804 0
3816 6804 0
.PEN_UP
