.VERSION 1.0 
.HIERARCHY CHARACTER
.COORD X Y T
.SEGMENT CHARACTER 0-3 OK "103"
.H_LINE 4624 5499
.V_LINE 5000 5750
.X_DIM 750
.Y_DIM 874
.X_POINTS_PER_INCH 1000
.Y_POINTS_PER_INCH 1000
.POINTS_PER_SECOND 125
.COMMENT CALIB X: 73 Y: -27

.WRITER_INFO
 Name: B. SRIMANARAYANA
 WriterId: 5
 Hand: right
 EducationLevel: post graduate
 Gender: male
 Profession: student
 Region: prakasam
 Age: 27
 DeviceType: digimemo a402
 SkillDevice: average
 Language: hindi
 Script: indic
 Native: false
 Style: discrete
 UsageFreq: rarely
 Proficiency: average
 Date: 2007-6-11
 WritingInProfession: no

.PEN_DOWN
5275 5002 0
5272 5003 0
5270 5006 0
5271 5009 0
5275 5012 0
5285 5015 0
5299 5016 0
5315 5014 0
5335 5010 0
5358 5004 0
5388 4999 0
5417 4994 0
5446 4989 0
5465 4985 0
5477 4983 0
5483 4982 0
5486 4982 0
5480 4987 0
5473 4992 0
.PEN_UP
.PEN_DOWN
5416 5004 0
5414 5007 0
5414 5011 0
5414 5021 0
5413 5032 0
5413 5042 0
5413 5053 0
5412 5065 0
5410 5081 0
5407 5099 0
5404 5120 0
5399 5138 0
5395 5159 0
5391 5181 0
5387 5202 0
5382 5222 0
5380 5240 0
5379 5255 0
5379 5265 0
5379 5272 0
5378 5278 0
5369 5270 0
.PEN_UP
.PEN_DOWN
5398 5114 0
5395 5114 0
5391 5116 0
5387 5115 0
5383 5114 0
5380 5113 0
5377 5112 0
5374 5111 0
5370 5109 0
5364 5108 0
5357 5108 0
5348 5108 0
5337 5109 0
5329 5110 0
5322 5111 0
5318 5112 0
5315 5113 0
5312 5113 0
5308 5115 0
5302 5118 0
5295 5123 0
5286 5127 0
5276 5133 0
5266 5138 0
5259 5143 0
5251 5148 0
5244 5153 0
5239 5160 0
5235 5167 0
5232 5173 0
5231 5178 0
5233 5183 0
5237 5189 0
5243 5194 0
5252 5199 0
5260 5202 0
5267 5202 0
5273 5201 0
5278 5198 0
5281 5192 0
5282 5187 0
5281 5183 0
5277 5178 0
5272 5174 0
5267 5171 0
5264 5169 0
5261 5167 0
5258 5166 0
5255 5165 0
5250 5164 0
5244 5163 0
5244 5163 0
.PEN_UP
.PEN_DOWN
5379 5119 0
5377 5116 0
5374 5117 0
5372 5122 0
5367 5128 0
5361 5135 0
5356 5142 0
5351 5148 0
5345 5156 0
5338 5165 0
5332 5173 0
5328 5181 0
5323 5190 0
5319 5195 0
5316 5201 0
5311 5210 0
5307 5218 0
5300 5230 0
5291 5242 0
5283 5254 0
5276 5266 0
5270 5276 0
5266 5286 0
5264 5297 0
5263 5307 0
5263 5315 0
5265 5321 0
5268 5325 0
5271 5327 0
5276 5327 0
5282 5324 0
5288 5320 0
5293 5314 0
5298 5307 0
5301 5300 0
5304 5292 0
5305 5285 0
5306 5278 0
5305 5271 0
5302 5266 0
5298 5263 0
5292 5261 0
5284 5261 0
5278 5263 0
5274 5264 0
5271 5265 0
5271 5270 0
5271 5264 0
.PEN_UP
