.VERSION 1.0 
.HIERARCHY CHARACTER
.COORD X Y T
.SEGMENT CHARACTER 0-2 OK "104"
.H_LINE 4624 5499
.V_LINE 6500 7250
.X_DIM 750
.Y_DIM 874
.X_POINTS_PER_INCH 1000
.Y_POINTS_PER_INCH 1000
.POINTS_PER_SECOND 125
.COMMENT CALIB X: 63 Y: -79

.WRITER_INFO
 Name: B. SRIMANARAYANA
 WriterId: 5
 Hand: right
 EducationLevel: post graduate
 Gender: male
 Profession: student
 Region: prakasam
 Age: 27
 DeviceType: digimemo a402
 SkillDevice: average
 Language: hindi
 Script: indic
 Native: false
 Style: discrete
 UsageFreq: rarely
 Proficiency: average
 Date: 2007-6-11
 WritingInProfession: no

.PEN_DOWN
6706 4908 0
6706 4905 0
6709 4903 0
6713 4901 0
6719 4899 0
6732 4896 0
6751 4893 0
6774 4890 0
6803 4888 0
6829 4886 0
6857 4885 0
6884 4884 0
6902 4883 0
6917 4882 0
6931 4880 0
6942 4879 0
6947 4879 0
6950 4878 0
6944 4882 0
6934 4888 0
.PEN_UP
.PEN_DOWN
6635 5095 0
6639 5095 0
6643 5093 0
6650 5092 0
6662 5089 0
6677 5087 0
6689 5084 0
6704 5080 0
6718 5076 0
6733 5069 0
6749 5062 0
6763 5054 0
6776 5046 0
6788 5034 0
6802 5022 0
6812 5011 0
6819 5001 0
6824 4993 0
6826 4986 0
6826 4979 0
6824 4974 0
6822 4970 0
6817 4966 0
6809 4962 0
6799 4959 0
6788 4957 0
6776 4956 0
6764 4955 0
6755 4955 0
6747 4956 0
6740 4957 0
6736 4959 0
6734 4964 0
6731 4971 0
6729 4977 0
6728 4982 0
6728 4987 0
6730 4993 0
6734 4999 0
6740 5004 0
6751 5009 0
6768 5012 0
6787 5015 0
6805 5017 0
6818 5018 0
6827 5018 0
6836 5018 0
6841 5018 0
6844 5018 0
6845 5021 0
6845 5024 0
6844 5029 0
6842 5038 0
6838 5049 0
6833 5061 0
6823 5073 0
6811 5085 0
6795 5095 0
6780 5103 0
6767 5111 0
6755 5120 0
6744 5127 0
6738 5131 0
6734 5133 0
6734 5133 0
.PEN_UP
.PEN_DOWN
6877 4886 0
6875 4891 0
6873 4896 0
6871 4905 0
6869 4915 0
6868 4927 0
6866 4943 0
6865 4957 0
6866 4971 0
6866 4990 0
6866 5009 0
6866 5031 0
6866 5051 0
6865 5068 0
6863 5085 0
6861 5100 0
6859 5113 0
6858 5124 0
6857 5136 0
6855 5147 0
6854 5156 0
6854 5162 0
6855 5166 0
6858 5166 0
.PEN_UP
