.VERSION 1.0 
.HIERARCHY CHARACTER
.COORD X Y T
.SEGMENT CHARACTER 0-3 OK "13"
.H_LINE 4624 5499
.V_LINE 5000 5750
.X_DIM 750
.Y_DIM 874
.X_POINTS_PER_INCH 1000
.Y_POINTS_PER_INCH 1000
.POINTS_PER_SECOND 125
.COMMENT CALIB X: 68 Y: -118

.WRITER_INFO
 Name: ABHINAY
 WriterId: 33
 Hand: right
 EducationLevel: primary school
 Gender: male
 Profession: student
 Region: hyderabad
 Age: 14
 DeviceType: digimemo a402
 SkillDevice: good
 Language: hindi
 Script: indic
 Native: false
 Style: discrete
 UsageFreq: every day
 Proficiency: good
 Date: 2007-6-16
 WritingInProfession: yes, but limited

.PEN_DOWN
5238 4967 0
5242 4964 0
5251 4961 0
5261 4959 0
5272 4958 0
5285 4959 0
5296 4961 0
5307 4965 0
5316 4970 0
5323 4975 0
5328 4982 0
5333 4989 0
5336 4996 0
5338 5003 0
5340 5011 0
5341 5017 0
5341 5023 0
5340 5029 0
5337 5034 0
5330 5040 0
5321 5045 0
5309 5048 0
5295 5050 0
5279 5051 0
5262 5052 0
5243 5052 0
5227 5052 0
5212 5052 0
5204 5051 0
5200 5051 0
5204 5050 0
5207 5050 0
5211 5050 0
5218 5052 0
5226 5054 0
5236 5056 0
5245 5058 0
5251 5060 0
5255 5063 0
5259 5067 0
5263 5072 0
5267 5077 0
5270 5082 0
5274 5088 0
5279 5094 0
5283 5101 0
5288 5108 0
5293 5115 0
5297 5121 0
5300 5126 0
5306 5132 0
5311 5136 0
5316 5140 0
5322 5143 0
5328 5145 0
5336 5146 0
5344 5145 0
5352 5143 0
5363 5139 0
5373 5135 0
5379 5133 0
5383 5132 0
5386 5130 0
5391 5127 0
.PEN_UP
.PEN_DOWN
5424 4965 0
5421 4964 0
5421 4967 0
5423 4972 0
5425 4981 0
5426 4990 0
5428 5000 0
5431 5011 0
5433 5022 0
5434 5031 0
5435 5040 0
5435 5049 0
5435 5058 0
5434 5070 0
5433 5080 0
5432 5091 0
5431 5104 0
5430 5118 0
5429 5131 0
5428 5143 0
5428 5154 0
5428 5162 0
5429 5168 0
5430 5173 0
5432 5183 0
5432 5183 0
.PEN_UP
.PEN_DOWN
5434 5070 0
5434 5067 0
5434 5064 0
5434 5060 0
5434 5055 0
5434 5051 0
5434 5046 0
5435 5040 0
5426 5036 0
5419 5033 0
5412 5030 0
5405 5028 0
5397 5029 0
5388 5031 0
5380 5034 0
5374 5041 0
5369 5047 0
5366 5053 0
5365 5060 0
5366 5068 0
5370 5075 0
5377 5081 0
5387 5085 0
5399 5087 0
5412 5088 0
5427 5083 0
.PEN_UP
.PEN_DOWN
5173 4942 0
5170 4942 0
5174 4942 0
5187 4943 0
5210 4945 0
5244 4947 0
5284 4948 0
5324 4948 0
5369 4947 0
5415 4944 0
5457 4939 0
5492 4933 0
5516 4929 0
5532 4928 0
5541 4927 0
.PEN_UP
