.VERSION 1.0 
.HIERARCHY CHARACTER
.COORD X Y T
.SEGMENT CHARACTER 0-1 OK "35"
.H_LINE 2999 3874
.V_LINE 499 1250
.X_DIM 750
.Y_DIM 874
.X_POINTS_PER_INCH 1000
.Y_POINTS_PER_INCH 1000
.POINTS_PER_SECOND 125
.COMMENT CALIB X: 30 Y: -127

.WRITER_INFO
 Name: ABHINAY
 WriterId: 33
 Hand: right
 EducationLevel: primary school
 Gender: male
 Profession: student
 Region: hyderabad
 Age: 14
 DeviceType: digimemo a402
 SkillDevice: good
 Language: hindi
 Script: indic
 Native: false
 Style: discrete
 UsageFreq: every day
 Proficiency: good
 Date: 2007-6-16
 WritingInProfession: yes, but limited

.PEN_DOWN
819 3472 0
816 3473 0
812 3475 0
809 3478 0
806 3481 0
801 3483 0
795 3484 0
787 3484 0
779 3484 0
771 3482 0
763 3479 0
756 3476 0
751 3474 0
747 3472 0
747 3469 0
749 3465 0
754 3461 0
758 3459 0
764 3458 0
771 3458 0
777 3459 0
783 3462 0
789 3467 0
796 3474 0
802 3480 0
807 3486 0
812 3495 0
818 3503 0
823 3514 0
827 3525 0
831 3534 0
834 3543 0
835 3551 0
835 3560 0
834 3568 0
831 3574 0
828 3580 0
823 3583 0
819 3585 0
814 3585 0
808 3583 0
802 3580 0
792 3573 0
784 3566 0
778 3560 0
773 3556 0
770 3553 0
775 3551 0
781 3550 0
789 3550 0
800 3549 0
814 3548 0
829 3546 0
844 3545 0
858 3544 0
872 3541 0
883 3539 0
890 3538 0
894 3537 0
896 3533 0
899 3527 0
902 3520 0
903 3512 0
905 3502 0
906 3491 0
906 3482 0
905 3474 0
904 3466 0
903 3460 0
902 3456 0
901 3460 0
900 3466 0
900 3471 0
900 3479 0
901 3487 0
903 3498 0
906 3509 0
908 3519 0
912 3527 0
915 3535 0
918 3542 0
920 3548 0
923 3557 0
926 3567 0
929 3579 0
930 3589 0
932 3600 0
933 3609 0
935 3614 0
936 3617 0
942 3616 0
.PEN_UP
.PEN_DOWN
862 3450 0
855 3449 0
851 3448 0
857 3452 0
872 3456 0
894 3459 0
919 3459 0
948 3457 0
978 3452 0
1005 3444 0
.PEN_UP
