.VERSION 1.0 
.HIERARCHY CHARACTER
.COORD X Y T
.SEGMENT CHARACTER 0-2 OK "105"
.H_LINE 6249 7124
.V_LINE 499 1250
.X_DIM 750
.Y_DIM 875
.X_POINTS_PER_INCH 1000
.Y_POINTS_PER_INCH 1000
.POINTS_PER_SECOND 125
.COMMENT CALIB X: 80 Y: -100

.WRITER_INFO
 Name: ABHINAY
 WriterId: 33
 Hand: right
 EducationLevel: primary school
 Gender: male
 Profession: student
 Region: hyderabad
 Age: 14
 DeviceType: digimemo a402
 SkillDevice: good
 Language: hindi
 Script: indic
 Native: false
 Style: discrete
 UsageFreq: every day
 Proficiency: good
 Date: 2007-6-16
 WritingInProfession: yes, but limited

.PEN_DOWN
825 6593 0
822 6595 0
822 6599 0
823 6605 0
826 6614 0
829 6625 0
833 6636 0
837 6645 0
841 6653 0
845 6658 0
842 6654 0
838 6650 0
834 6648 0
825 6647 0
814 6647 0
799 6650 0
782 6655 0
766 6661 0
752 6668 0
741 6674 0
735 6680 0
731 6686 0
730 6692 0
732 6699 0
737 6707 0
745 6716 0
755 6725 0
766 6732 0
777 6738 0
790 6744 0
800 6748 0
808 6752 0
816 6755 0
821 6758 0
824 6760 0
820 6758 0
815 6756 0
810 6754 0
805 6753 0
798 6754 0
789 6756 0
780 6760 0
772 6764 0
765 6768 0
758 6774 0
751 6780 0
747 6785 0
745 6790 0
744 6794 0
745 6798 0
748 6801 0
754 6805 0
763 6808 0
777 6810 0
794 6812 0
815 6811 0
.PEN_UP
.PEN_DOWN
886 6649 0
885 6652 0
886 6656 0
887 6663 0
889 6673 0
892 6687 0
895 6700 0
898 6714 0
900 6729 0
903 6744 0
905 6756 0
908 6766 0
909 6772 0
909 6779 0
908 6783 0
903 6785 0
897 6785 0
887 6783 0
875 6779 0
862 6774 0
846 6767 0
831 6761 0
822 6757 0
817 6755 0
825 6754 0
838 6754 0
857 6754 0
883 6754 0
911 6753 0
942 6751 0
969 6748 0
990 6745 0
1005 6742 0
1018 6738 0
1025 6736 0
1028 6733 0
1030 6727 0
1031 6720 0
1031 6712 0
1030 6700 0
1027 6689 0
1024 6677 0
1021 6667 0
1018 6658 0
1015 6652 0
1012 6646 0
1010 6643 0
1009 6646 0
1009 6651 0
1010 6660 0
1011 6671 0
1012 6685 0
1014 6702 0
1018 6723 0
1020 6742 0
1021 6762 0
1023 6781 0
1027 6798 0
1031 6812 0
1036 6822 0
1041 6829 0
.PEN_UP
.PEN_DOWN
755 6568 0
744 6568 0
739 6569 0
744 6574 0
764 6579 0
796 6587 0
831 6595 0
874 6600 0
927 6605 0
979 6609 0
1021 6609 0
1052 6608 0
1072 6607 0
1086 6608 0
.PEN_UP
