.VERSION 1.0 
.HIERARCHY CHARACTER
.COORD X Y T
.SEGMENT CHARACTER 0-2 OK "108"
.H_LINE 6249 7124
.V_LINE 5000 5750
.X_DIM 750
.Y_DIM 875
.X_POINTS_PER_INCH 1000
.Y_POINTS_PER_INCH 1000
.POINTS_PER_SECOND 125
.COMMENT CALIB X: 89 Y: -60

.WRITER_INFO
 Name: ABHINAY
 WriterId: 33
 Hand: right
 EducationLevel: primary school
 Gender: male
 Profession: student
 Region: hyderabad
 Age: 14
 DeviceType: digimemo a402
 SkillDevice: good
 Language: hindi
 Script: indic
 Native: false
 Style: discrete
 UsageFreq: every day
 Proficiency: good
 Date: 2007-6-16
 WritingInProfession: yes, but limited

.PEN_DOWN
5407 6686 0
5407 6690 0
5408 6695 0
5410 6703 0
5413 6712 0
5416 6722 0
5419 6734 0
5422 6742 0
5424 6747 0
5425 6751 0
5422 6747 0
5418 6742 0
5411 6737 0
5402 6732 0
5390 6730 0
5378 6729 0
5366 6732 0
5352 6736 0
5340 6743 0
5330 6750 0
5324 6757 0
5321 6763 0
5320 6769 0
5321 6774 0
5323 6779 0
5329 6785 0
5336 6789 0
5343 6792 0
5350 6795 0
5358 6798 0
5366 6799 0
5375 6800 0
5386 6801 0
5396 6802 0
5405 6804 0
5411 6806 0
5418 6808 0
5423 6809 0
5427 6810 0
5431 6813 0
5435 6816 0
5439 6820 0
5442 6823 0
5444 6826 0
5442 6823 0
5439 6820 0
5433 6816 0
5427 6813 0
5420 6811 0
5412 6809 0
5405 6807 0
5398 6805 0
5392 6805 0
5386 6806 0
5380 6807 0
5373 6807 0
5367 6809 0
5362 6813 0
5356 6819 0
5351 6826 0
5348 6832 0
5346 6839 0
5345 6845 0
5346 6852 0
5347 6858 0
5349 6862 0
5352 6867 0
5357 6870 0
5364 6874 0
5374 6876 0
5385 6878 0
5397 6871 0
.PEN_UP
.PEN_DOWN
5450 6845 0
5449 6842 0
5449 6839 0
5440 6839 0
5433 6841 0
5428 6843 0
5424 6846 0
5421 6849 0
5420 6852 0
5421 6855 0
5425 6858 0
5433 6861 0
5445 6862 0
5468 6860 0
5489 6858 0
5510 6852 0
.PEN_UP
.PEN_DOWN
5301 6648 0
5305 6648 0
5318 6647 0
5339 6645 0
5372 6643 0
5419 6640 0
5472 6636 0
5519 6632 0
5558 6629 0
.PEN_UP
