.VERSION 1.0 
.HIERARCHY CHARACTER
.COORD X Y T
.SEGMENT CHARACTER 0-2 OK "7"
.H_LINE 2999 3874
.V_LINE 3500 4250
.X_DIM 750
.Y_DIM 874
.X_POINTS_PER_INCH 1000
.Y_POINTS_PER_INCH 1000
.POINTS_PER_SECOND 125
.COMMENT CALIB X: -136 Y: 102

.WRITER_INFO
 Name: GOVIND
 WriterId: 84
 Hand: right
 EducationLevel: college graduate
 Gender: male
 Profession: student
 Region: kannur
 Age: 21
 DeviceType: digimemo a402
 SkillDevice: average
 Language: hindi
 Script: indic
 Native: false
 Style: discrete
 UsageFreq: once a month
 Proficiency: average
 Date: 2007-6-30
 WritingInProfession: no

.PEN_DOWN
3775 3580 0
3774 3577 0
3774 3574 0
3774 3570 0
3774 3567 0
3775 3564 0
3776 3561 0
3780 3557 0
3784 3554 0
3787 3551 0
3792 3547 0
3797 3544 0
3801 3542 0
3804 3541 0
3807 3541 0
3810 3543 0
3813 3546 0
3817 3552 0
3821 3560 0
3826 3571 0
3832 3581 0
3837 3589 0
3842 3596 0
3846 3601 0
3849 3604 0
3850 3601 0
3851 3596 0
3851 3589 0
3851 3580 0
3851 3569 0
3851 3555 0
3851 3543 0
3851 3533 0
3851 3525 0
3851 3518 0
3851 3512 0
3850 3507 0
3850 3502 0
3850 3498 0
3849 3495 0
3849 3500 0
3849 3507 0
3849 3517 0
3849 3528 0
3849 3540 0
3850 3555 0
3850 3572 0
3850 3588 0
3851 3603 0
3851 3617 0
3851 3630 0
3851 3642 0
3851 3651 0
3851 3658 0
3851 3664 0
3851 3670 0
3851 3675 0
3850 3679 0
3850 3682 0
3850 3676 0
3850 3668 0
3850 3658 0
3851 3647 0
3851 3637 0
3852 3628 0
3852 3620 0
3851 3613 0
3851 3607 0
3851 3603 0
3851 3600 0
3849 3603 0
3845 3609 0
3840 3615 0
3834 3623 0
3827 3632 0
3819 3642 0
3810 3652 0
3801 3660 0
3793 3667 0
3787 3673 0
3782 3678 0
3778 3681 0
3778 3677 0
.PEN_UP
.PEN_DOWN
3854 3599 0
3857 3599 0
3860 3593 0
3865 3588 0
3871 3582 0
3878 3577 0
3884 3570 0
3892 3564 0
3899 3560 0
3905 3555 0
3910 3551 0
3914 3547 0
3917 3543 0
3920 3540 0
3922 3537 0
3924 3534 0
3924 3531 0
3924 3528 0
3924 3525 0
3924 3522 0
3923 3519 0
3920 3517 0
3917 3517 0
3914 3518 0
3911 3519 0
3907 3521 0
3904 3522 0
3901 3525 0
3899 3529 0
3897 3534 0
3896 3541 0
3894 3549 0
3893 3556 0
3893 3562 0
3893 3568 0
3894 3575 0
3895 3581 0
3896 3586 0
3898 3590 0
3901 3593 0
3905 3595 0
3909 3596 0
3912 3596 0
3915 3596 0
3918 3595 0
3921 3594 0
3918 3596 0
3915 3597 0
3911 3599 0
3908 3601 0
3905 3604 0
3903 3607 0
3901 3611 0
3898 3615 0
3896 3619 0
3894 3623 0
3893 3626 0
3892 3629 0
3891 3633 0
3891 3636 0
3891 3640 0
3890 3645 0
3890 3649 0
3890 3653 0
3890 3656 0
3890 3659 0
3891 3662 0
3893 3665 0
3896 3667 0
3900 3668 0
3903 3669 0
3907 3670 0
3910 3671 0
3913 3671 0
3916 3671 0
3919 3671 0
3922 3671 0
3925 3671 0
3928 3671 0
3931 3670 0
3934 3669 0
3937 3668 0
3937 3668 0
.PEN_UP
.PEN_DOWN
3664 3497 0
3661 3497 0
3664 3496 0
3668 3495 0
3674 3495 0
3685 3493 0
3703 3491 0
3729 3489 0
3760 3486 0
3793 3482 0
3824 3478 0
3855 3474 0
3886 3470 0
3914 3467 0
3940 3463 0
3957 3461 0
3967 3460 0
3971 3459 0
3971 3459 0
.PEN_UP
