.VERSION 1.0 
.HIERARCHY CHARACTER
.COORD X Y T
.SEGMENT CHARACTER 0-2 OK "16"
.H_LINE 6249 7124
.V_LINE 1999 2749
.X_DIM 749
.Y_DIM 875
.X_POINTS_PER_INCH 1000
.Y_POINTS_PER_INCH 1000
.POINTS_PER_SECOND 125
.COMMENT CALIB X: 41 Y: -89

.WRITER_INFO
 Name: GOVIND
 WriterId: 84
 Hand: right
 EducationLevel: college graduate
 Gender: male
 Profession: student
 Region: kannur
 Age: 21
 DeviceType: digimemo a402
 SkillDevice: average
 Language: hindi
 Script: indic
 Native: false
 Style: discrete
 UsageFreq: once a month
 Proficiency: average
 Date: 2007-6-30
 WritingInProfession: no

.PEN_DOWN
2548 6472 0
2548 6469 0
2547 6466 0
2546 6469 0
2546 6475 0
2545 6483 0
2545 6490 0
2545 6496 0
2545 6501 0
2546 6504 0
2547 6507 0
2544 6505 0
2541 6504 0
2535 6504 0
2527 6504 0
2519 6505 0
2511 6508 0
2502 6511 0
2493 6514 0
2485 6518 0
2477 6522 0
2471 6526 0
2466 6529 0
2463 6532 0
2465 6536 0
2469 6538 0
2474 6540 0
2480 6542 0
2487 6544 0
2495 6546 0
2505 6549 0
2514 6552 0
2522 6555 0
2528 6559 0
2534 6563 0
2538 6567 0
2541 6572 0
2543 6577 0
2545 6583 0
2546 6589 0
2547 6597 0
2547 6605 0
2546 6613 0
2543 6623 0
2540 6632 0
2533 6642 0
2525 6650 0
2516 6656 0
2506 6659 0
2496 6660 0
2486 6659 0
2478 6657 0
2470 6653 0
2461 6648 0
2452 6641 0
2444 6635 0
2439 6631 0
2436 6627 0
2433 6623 0
2433 6620 0
2434 6615 0
2436 6611 0
.PEN_UP
.PEN_DOWN
2608 6531 0
2605 6531 0
2602 6533 0
2599 6536 0
2596 6540 0
2593 6543 0
2592 6547 0
2591 6550 0
2591 6553 0
2595 6554 0
2598 6553 0
2601 6552 0
2603 6549 0
2604 6546 0
2604 6543 0
2603 6540 0
2600 6538 0
2597 6536 0
2594 6537 0
2591 6538 0
2588 6540 0
2586 6543 0
2593 6545 0
.PEN_UP
.PEN_DOWN
2355 6461 0
2355 6457 0
2356 6453 0
2359 6450 0
2365 6447 0
2375 6444 0
2391 6442 0
2411 6441 0
2435 6440 0
2462 6439 0
2492 6438 0
2521 6436 0
2556 6433 0
2596 6429 0
2637 6425 0
2673 6420 0
2700 6416 0
2717 6413 0
2727 6410 0
2731 6409 0
2730 6412 0
2729 6420 0
2729 6420 0
.PEN_UP
