.VERSION 1.0 
.HIERARCHY CHARACTER
.COORD X Y T
.SEGMENT CHARACTER 0-2 OK "18"
.H_LINE 6249 7124
.V_LINE 5000 5750
.X_DIM 750
.Y_DIM 875
.X_POINTS_PER_INCH 1000
.Y_POINTS_PER_INCH 1000
.POINTS_PER_SECOND 125
.COMMENT CALIB X: -158 Y: 75

.WRITER_INFO
 Name: GOVIND
 WriterId: 84
 Hand: right
 EducationLevel: college graduate
 Gender: male
 Profession: student
 Region: kannur
 Age: 21
 DeviceType: digimemo a402
 SkillDevice: average
 Language: hindi
 Script: indic
 Native: false
 Style: discrete
 UsageFreq: once a month
 Proficiency: average
 Date: 2007-6-30
 WritingInProfession: no

.PEN_DOWN
5216 6679 0
5219 6676 0
5215 6675 0
5209 6676 0
5201 6680 0
5191 6685 0
5183 6691 0
5175 6700 0
5167 6710 0
5161 6719 0
5156 6729 0
5153 6737 0
5152 6743 0
5152 6748 0
5154 6752 0
5158 6756 0
5165 6759 0
5173 6760 0
5181 6759 0
5189 6757 0
5196 6755 0
5201 6753 0
5205 6752 0
5208 6751 0
5205 6752 0
5200 6755 0
5194 6760 0
5186 6764 0
5180 6770 0
5174 6778 0
5169 6787 0
5165 6797 0
5163 6805 0
5161 6811 0
5160 6817 0
5161 6822 0
5162 6827 0
5165 6832 0
5170 6836 0
5177 6839 0
5186 6841 0
5199 6842 0
5215 6842 0
5233 6840 0
5249 6837 0
5265 6833 0
5280 6828 0
5294 6822 0
5306 6815 0
5317 6806 0
5326 6795 0
5335 6781 0
5342 6766 0
5348 6752 0
5353 6740 0
5355 6731 0
5355 6724 0
5354 6718 0
5352 6714 0
5349 6711 0
5344 6710 0
5336 6711 0
5329 6714 0
5323 6717 0
5318 6722 0
5313 6728 0
5309 6735 0
5306 6740 0
5305 6746 0
5304 6751 0
5304 6755 0
5305 6760 0
5307 6763 0
5310 6766 0
5314 6768 0
5318 6769 0
5322 6769 0
5325 6774 0
5328 6768 0
.PEN_UP
.PEN_DOWN
5319 6665 0
5321 6668 0
5322 6672 0
5322 6676 0
5322 6681 0
5322 6686 0
5322 6691 0
5322 6696 0
5322 6701 0
5322 6705 0
5322 6708 0
5321 6711 0
5320 6708 0
.PEN_UP
.PEN_DOWN
5098 6675 0
5101 6676 0
5104 6676 0
5111 6676 0
5120 6675 0
5134 6673 0
5161 6671 0
5193 6669 0
5232 6667 0
5267 6666 0
5299 6666 0
5324 6665 0
5346 6663 0
5362 6661 0
5373 6660 0
5380 6659 0
5384 6659 0
5384 6659 0
.PEN_UP
