.VERSION 1.0 
.HIERARCHY CHARACTER
.COORD X Y T
.SEGMENT CHARACTER 0-2 OK "26"
.H_LINE 9500 10374
.V_LINE 1999 2749
.X_DIM 749
.Y_DIM 874
.X_POINTS_PER_INCH 1000
.Y_POINTS_PER_INCH 1000
.POINTS_PER_SECOND 125
.COMMENT CALIB X: -190 Y: 104

.WRITER_INFO
 Name: GOVIND
 WriterId: 84
 Hand: right
 EducationLevel: college graduate
 Gender: male
 Profession: student
 Region: kannur
 Age: 21
 DeviceType: digimemo a402
 SkillDevice: average
 Language: hindi
 Script: indic
 Native: false
 Style: discrete
 UsageFreq: once a month
 Proficiency: average
 Date: 2007-6-30
 WritingInProfession: no

.PEN_DOWN
2230 9889 0
2230 9885 0
2229 9882 0
2229 9879 0
2229 9876 0
2229 9873 0
2229 9870 0
2228 9874 0
2227 9879 0
2226 9884 0
2226 9891 0
2225 9901 0
2224 9912 0
2223 9922 0
2223 9932 0
2224 9942 0
2226 9949 0
2228 9957 0
2231 9964 0
2235 9970 0
2240 9974 0
2245 9977 0
2250 9977 0
2257 9974 0
2264 9970 0
2270 9965 0
2277 9959 0
2283 9950 0
2288 9941 0
2292 9931 0
2295 9920 0
2297 9908 0
2299 9895 0
2301 9886 0
2302 9877 0
2302 9871 0
2302 9866 0
2302 9863 0
2302 9871 0
2302 9871 0
.PEN_UP
.PEN_DOWN
2346 9843 0
2344 9846 0
2343 9852 0
2342 9859 0
2342 9868 0
2342 9878 0
2342 9889 0
2341 9902 0
2341 9916 0
2341 9929 0
2340 9941 0
2339 9952 0
2338 9964 0
2337 9973 0
2336 9982 0
2335 9990 0
2333 10000 0
2332 10008 0
2331 10014 0
2330 10017 0
2328 10013 0
2325 10008 0
.PEN_UP
.PEN_DOWN
2156 9867 0
2153 9866 0
2150 9865 0
2147 9863 0
2150 9861 0
2154 9860 0
2160 9859 0
2172 9858 0
2190 9856 0
2212 9855 0
2237 9854 0
2262 9852 0
2289 9849 0
2317 9846 0
2347 9842 0
2378 9838 0
2405 9835 0
2425 9831 0
2440 9828 0
2448 9826 0
2453 9825 0
2456 9825 0
.PEN_UP
