.VERSION 1.0 
.HIERARCHY CHARACTER
.COORD X Y T
.SEGMENT CHARACTER 0-1 OK "29"
.H_LINE 9500 10374
.V_LINE 6500 7250
.X_DIM 750
.Y_DIM 874
.X_POINTS_PER_INCH 1000
.Y_POINTS_PER_INCH 1000
.POINTS_PER_SECOND 125
.COMMENT CALIB X: -192 Y: 137

.WRITER_INFO
 Name: GOVIND
 WriterId: 84
 Hand: right
 EducationLevel: college graduate
 Gender: male
 Profession: student
 Region: kannur
 Age: 21
 DeviceType: digimemo a402
 SkillDevice: average
 Language: hindi
 Script: indic
 Native: false
 Style: discrete
 UsageFreq: once a month
 Proficiency: average
 Date: 2007-6-30
 WritingInProfession: no

.PEN_DOWN
6820 9917 0
6817 9917 0
6816 9920 0
6817 9924 0
6818 9930 0
6820 9936 0
6822 9942 0
6824 9949 0
6825 9956 0
6826 9961 0
6826 9966 0
6827 9970 0
6827 9973 0
6827 9976 0
6822 9976 0
6817 9977 0
6811 9978 0
6803 9979 0
6796 9982 0
6788 9985 0
6780 9989 0
6774 9994 0
6767 10001 0
6762 10007 0
6757 10014 0
6753 10023 0
6751 10030 0
6750 10037 0
6750 10045 0
6751 10052 0
6753 10058 0
6756 10063 0
6761 10068 0
6766 10071 0
6773 10075 0
6782 10076 0
6791 10075 0
6800 10072 0
6809 10069 0
6819 10064 0
6828 10060 0
6835 10055 0
6842 10050 0
6848 10046 0
6852 10041 0
6855 10036 0
6857 10031 0
6857 10027 0
6856 10024 0
6854 10021 0
6851 10019 0
6847 10018 0
6842 10018 0
6838 10020 0
6833 10023 0
6829 10027 0
6826 10032 0
6824 10038 0
6823 10045 0
6823 10052 0
6823 10060 0
6823 10068 0
6823 10076 0
6823 10086 0
6823 10097 0
6822 10108 0
6822 10118 0
6821 10128 0
6820 10138 0
6818 10147 0
6817 10154 0
6815 10159 0
6813 10163 0
6810 10167 0
6807 10170 0
6802 10171 0
6798 10171 0
6792 10170 0
6786 10166 0
6780 10162 0
6772 10160 0
6767 10150 0
.PEN_UP
.PEN_DOWN
6718 9931 0
6713 9931 0
6709 9931 0
6714 9931 0
6722 9930 0
6734 9928 0
6747 9926 0
6764 9923 0
6782 9921 0
6804 9918 0
6830 9916 0
6857 9914 0
6881 9911 0
6900 9908 0
6917 9906 0
6929 9904 0
6937 9903 0
6941 9902 0
6942 9922 0
6942 9913 0
.PEN_UP
