.VERSION 1.0 
.HIERARCHY CHARACTER
.COORD X Y T
.SEGMENT CHARACTER 0-2 OK "42"
.H_LINE 4624 5499
.V_LINE 3500 4250
.X_DIM 750
.Y_DIM 874
.X_POINTS_PER_INCH 1000
.Y_POINTS_PER_INCH 1000
.POINTS_PER_SECOND 125
.COMMENT CALIB X: -130 Y: 91

.WRITER_INFO
 Name: GOVIND
 WriterId: 84
 Hand: right
 EducationLevel: college graduate
 Gender: male
 Profession: student
 Region: kannur
 Age: 21
 DeviceType: digimemo a402
 SkillDevice: average
 Language: hindi
 Script: indic
 Native: false
 Style: discrete
 UsageFreq: once a month
 Proficiency: average
 Date: 2007-6-30
 WritingInProfession: no

.PEN_DOWN
3789 5013 0
3788 5010 0
3785 5017 0
3783 5028 0
3779 5043 0
3776 5060 0
3775 5076 0
3776 5093 0
3779 5107 0
3783 5119 0
3787 5128 0
3792 5135 0
3798 5140 0
3805 5142 0
3813 5140 0
3822 5136 0
3831 5130 0
3840 5122 0
3848 5112 0
3855 5100 0
3860 5086 0
3864 5069 0
3868 5050 0
3871 5033 0
3872 5020 0
3873 5010 0
3873 5003 0
3873 5000 0
3872 5005 0
3871 5013 0
3870 5024 0
3870 5037 0
3870 5054 0
3869 5071 0
3868 5088 0
3869 5105 0
3869 5120 0
3870 5133 0
3870 5145 0
3871 5156 0
3871 5166 0
3872 5174 0
3872 5179 0
3872 5182 0
3871 5179 0
3869 5176 0
3866 5164 0
.PEN_UP
.PEN_DOWN
3800 5025 0
3803 5030 0
3807 5034 0
3811 5039 0
3816 5045 0
3821 5051 0
3826 5059 0
3832 5067 0
3838 5074 0
3844 5081 0
3849 5086 0
3854 5090 0
3858 5092 0
3860 5098 0
3860 5098 0
.PEN_UP
.PEN_DOWN
3658 5008 0
3655 5007 0
3660 5005 0
3667 5003 0
3680 5002 0
3699 5000 0
3726 4999 0
3756 4996 0
3787 4994 0
3820 4992 0
3851 4989 0
3888 4986 0
3927 4983 0
3965 4980 0
3997 4977 0
4019 4975 0
4031 4974 0
4036 4973 0
4036 4973 0
.PEN_UP
