.VERSION 1.0 
.HIERARCHY CHARACTER
.COORD X Y T
.SEGMENT CHARACTER 0-1 OK "46"
.H_LINE 6249 7124
.V_LINE 1999 2749
.X_DIM 749
.Y_DIM 875
.X_POINTS_PER_INCH 1000
.Y_POINTS_PER_INCH 1000
.POINTS_PER_SECOND 125
.COMMENT CALIB X: -163 Y: 94

.WRITER_INFO
 Name: GOVIND
 WriterId: 84
 Hand: right
 EducationLevel: college graduate
 Gender: male
 Profession: student
 Region: kannur
 Age: 21
 DeviceType: digimemo a402
 SkillDevice: average
 Language: hindi
 Script: indic
 Native: false
 Style: discrete
 UsageFreq: once a month
 Proficiency: average
 Date: 2007-6-30
 WritingInProfession: no

.PEN_DOWN
2218 6776 0
2215 6776 0
2211 6776 0
2206 6776 0
2201 6775 0
2196 6772 0
2192 6769 0
2189 6766 0
2187 6762 0
2186 6757 0
2186 6752 0
2187 6747 0
2190 6742 0
2194 6736 0
2202 6730 0
2211 6725 0
2222 6720 0
2233 6715 0
2244 6711 0
2255 6707 0
2267 6703 0
2281 6700 0
2295 6698 0
2309 6696 0
2322 6692 0
2333 6689 0
2340 6687 0
2346 6685 0
2349 6684 0
2351 6681 0
2352 6677 0
2353 6673 0
2352 6669 0
2351 6665 0
2350 6661 0
2348 6658 0
2347 6655 0
2345 6658 0
2344 6662 0
2343 6669 0
2343 6678 0
2342 6687 0
2342 6698 0
2342 6711 0
2342 6727 0
2342 6745 0
2342 6764 0
2342 6784 0
2342 6802 0
2343 6818 0
2343 6830 0
2343 6838 0
2344 6843 0
2344 6837 0
2344 6826 0
2344 6811 0
2343 6792 0
2343 6772 0
2344 6754 0
2344 6741 0
2343 6732 0
2343 6726 0
2343 6722 0
2342 6719 0
2339 6721 0
2336 6724 0
2332 6729 0
2327 6737 0
2321 6746 0
2315 6757 0
2309 6769 0
2303 6782 0
2297 6796 0
2289 6809 0
2282 6821 0
2275 6834 0
2268 6845 0
2262 6853 0
2257 6859 0
2253 6863 0
2250 6865 0
2247 6865 0
.PEN_UP
.PEN_DOWN
2259 6631 0
2264 6631 0
2271 6630 0
2279 6629 0
2289 6628 0
2304 6626 0
2319 6624 0
2336 6623 0
2356 6621 0
2379 6617 0
2400 6614 0
2417 6611 0
2429 6609 0
2436 6607 0
2440 6607 0
2439 6611 0
2439 6611 0
.PEN_UP
