.VERSION 1.0 
.HIERARCHY CHARACTER
.COORD X Y T
.SEGMENT CHARACTER 0-2 OK "93"
.H_LINE 1374 2249
.V_LINE 5000 5750
.X_DIM 750
.Y_DIM 874
.X_POINTS_PER_INCH 1000
.Y_POINTS_PER_INCH 1000
.POINTS_PER_SECOND 125
.COMMENT CALIB X: -125 Y: 82

.WRITER_INFO
 Name: GOVIND
 WriterId: 84
 Hand: right
 EducationLevel: college graduate
 Gender: male
 Profession: student
 Region: kannur
 Age: 21
 DeviceType: digimemo a402
 SkillDevice: average
 Language: hindi
 Script: indic
 Native: false
 Style: discrete
 UsageFreq: once a month
 Proficiency: average
 Date: 2007-6-30
 WritingInProfession: no

.PEN_DOWN
5201 1780 0
5202 1776 0
5204 1772 0
5205 1768 0
5206 1765 0
5205 1769 0
5205 1774 0
5205 1781 0
5205 1787 0
5205 1795 0
5207 1804 0
5209 1812 0
5210 1820 0
5212 1826 0
5213 1831 0
5214 1836 0
5214 1840 0
5214 1837 0
5214 1834 0
5213 1830 0
5211 1827 0
5209 1824 0
5205 1823 0
5199 1823 0
5192 1824 0
5183 1827 0
5174 1831 0
5168 1834 0
5162 1839 0
5156 1845 0
5150 1850 0
5145 1855 0
5141 1860 0
5138 1864 0
5137 1867 0
5137 1870 0
5138 1874 0
5140 1877 0
5143 1879 0
5146 1880 0
5149 1882 0
5153 1883 0
5157 1883 0
5163 1883 0
5168 1883 0
5171 1883 0
5174 1883 0
5177 1883 0
5180 1884 0
5183 1885 0
5186 1887 0
5188 1890 0
5190 1893 0
5192 1896 0
5193 1899 0
5195 1902 0
5196 1905 0
5197 1908 0
5198 1905 0
5198 1902 0
5197 1898 0
5197 1898 0
.PEN_UP
.PEN_DOWN
5158 1882 0
5155 1882 0
5158 1884 0
5161 1885 0
5166 1886 0
5170 1887 0
5174 1888 0
5179 1889 0
5184 1890 0
5188 1891 0
5192 1892 0
5196 1893 0
5200 1893 0
5206 1894 0
5214 1894 0
5224 1894 0
5235 1894 0
5244 1894 0
5252 1894 0
5260 1894 0
5267 1894 0
5273 1894 0
5278 1894 0
5283 1894 0
5286 1894 0
5283 1893 0
5279 1893 0
5274 1893 0
5270 1893 0
5265 1893 0
5259 1893 0
5253 1893 0
5247 1893 0
5240 1894 0
5234 1895 0
5227 1895 0
5220 1896 0
5213 1896 0
5207 1896 0
5202 1897 0
5199 1897 0
5202 1896 0
5205 1896 0
5208 1896 0
5212 1896 0
5215 1896 0
5218 1896 0
5221 1896 0
5217 1896 0
5214 1896 0
5211 1896 0
5208 1896 0
5205 1897 0
5202 1898 0
5199 1900 0
5196 1903 0
5194 1907 0
5192 1911 0
5189 1915 0
5186 1919 0
5182 1923 0
5179 1928 0
5176 1934 0
5174 1938 0
5172 1943 0
5171 1948 0
5171 1953 0
5172 1958 0
5173 1963 0
5175 1967 0
5178 1971 0
5183 1975 0
5189 1979 0
5197 1981 0
5206 1983 0
5216 1984 0
5225 1985 0
5234 1985 0
5240 1985 0
5247 1984 0
5253 1984 0
5257 1984 0
5260 1984 0
5263 1983 0
5263 1980 0
.PEN_UP
.PEN_DOWN
5124 1765 0
5130 1763 0
5139 1761 0
5152 1759 0
5168 1757 0
5189 1755 0
5213 1752 0
5239 1750 0
5264 1749 0
5283 1747 0
5295 1746 0
5302 1745 0
5306 1745 0
5312 1746 0
.PEN_UP
