.VERSION 1.0 
.HIERARCHY CHARACTER
.COORD X Y T
.SEGMENT CHARACTER 0-1 OK "93"
.H_LINE 1374 2249
.V_LINE 5000 5750
.X_DIM 750
.Y_DIM 874
.X_POINTS_PER_INCH 1000
.Y_POINTS_PER_INCH 1000
.POINTS_PER_SECOND 125
.COMMENT CALIB X: 60 Y: -128

.WRITER_INFO
 Name: GOVIND
 WriterId: 84
 Hand: right
 EducationLevel: college graduate
 Gender: male
 Profession: student
 Region: kannur
 Age: 21
 DeviceType: digimemo a402
 SkillDevice: average
 Language: hindi
 Script: indic
 Native: false
 Style: discrete
 UsageFreq: once a month
 Proficiency: average
 Date: 2007-6-30
 WritingInProfession: no

.PEN_DOWN
5482 1705 0
5485 1703 0
5487 1706 0
5489 1710 0
5490 1715 0
5491 1720 0
5492 1726 0
5494 1732 0
5495 1737 0
5496 1742 0
5497 1747 0
5497 1751 0
5498 1754 0
5499 1757 0
5498 1754 0
5497 1751 0
5494 1748 0
5491 1746 0
5487 1744 0
5483 1743 0
5478 1743 0
5471 1742 0
5463 1743 0
5454 1745 0
5445 1747 0
5435 1749 0
5425 1752 0
5416 1754 0
5409 1758 0
5403 1762 0
5397 1766 0
5392 1770 0
5389 1774 0
5387 1777 0
5386 1780 0
5386 1783 0
5387 1786 0
5390 1789 0
5393 1791 0
5396 1792 0
5399 1793 0
5400 1796 0
5401 1799 0
5402 1802 0
5404 1806 0
5407 1809 0
5409 1812 0
5411 1815 0
5413 1818 0
5416 1821 0
5419 1823 0
5422 1825 0
5425 1826 0
5429 1827 0
5433 1828 0
5437 1829 0
5442 1830 0
5447 1831 0
5452 1831 0
5457 1832 0
5462 1832 0
5468 1832 0
5473 1832 0
5478 1832 0
5483 1831 0
5488 1831 0
5492 1831 0
5497 1830 0
5502 1830 0
5508 1830 0
5513 1830 0
5518 1830 0
5522 1830 0
5526 1830 0
5530 1830 0
5533 1830 0
5536 1830 0
5533 1829 0
5530 1828 0
5527 1828 0
5524 1828 0
5520 1828 0
5516 1828 0
5511 1828 0
5507 1828 0
5502 1828 0
5497 1828 0
5493 1828 0
5489 1829 0
5485 1829 0
5482 1829 0
5478 1830 0
5474 1831 0
5470 1832 0
5465 1833 0
5461 1833 0
5458 1834 0
5455 1835 0
5452 1836 0
5449 1838 0
5446 1841 0
5443 1844 0
5440 1847 0
5437 1850 0
5434 1852 0
5431 1855 0
5429 1858 0
5426 1862 0
5424 1866 0
5423 1870 0
5422 1874 0
5421 1879 0
5420 1885 0
5419 1890 0
5418 1894 0
5417 1898 0
5417 1901 0
5417 1904 0
5417 1908 0
5418 1912 0
5419 1916 0
5420 1920 0
5421 1924 0
5423 1928 0
5425 1932 0
5427 1935 0
5429 1938 0
5432 1942 0
5435 1946 0
5439 1950 0
5444 1954 0
5448 1958 0
5452 1961 0
5456 1963 0
5461 1965 0
5466 1968 0
5472 1970 0
5477 1972 0
5480 1974 0
5484 1976 0
5487 1978 0
5490 1980 0
5493 1975 0
.PEN_UP
.PEN_DOWN
5357 1692 0
5361 1691 0
5366 1690 0
5374 1689 0
5388 1688 0
5407 1687 0
5432 1686 0
5457 1684 0
5484 1682 0
5508 1681 0
5528 1679 0
5543 1678 0
5554 1677 0
5561 1676 0
5566 1675 0
5569 1675 0
5569 1675 0
.PEN_UP
