.VERSION 1.0 
.HIERARCHY CHARACTER
.COORD X Y T
.SEGMENT CHARACTER 0-1 OK "94"
.H_LINE 1374 2249
.V_LINE 6500 7250
.X_DIM 750
.Y_DIM 874
.X_POINTS_PER_INCH 1000
.Y_POINTS_PER_INCH 1000
.POINTS_PER_SECOND 125
.COMMENT CALIB X: -88 Y: 54

.WRITER_INFO
 Name: GOVIND
 WriterId: 84
 Hand: right
 EducationLevel: college graduate
 Gender: male
 Profession: student
 Region: kannur
 Age: 21
 DeviceType: digimemo a402
 SkillDevice: average
 Language: hindi
 Script: indic
 Native: false
 Style: discrete
 UsageFreq: once a month
 Proficiency: average
 Date: 2007-6-30
 WritingInProfession: no

.PEN_DOWN
6663 1719 0
6669 1717 0
6676 1714 0
6684 1713 0
6694 1711 0
6708 1709 0
6727 1707 0
6751 1706 0
6780 1705 0
6808 1703 0
6832 1702 0
6852 1701 0
6865 1700 0
6873 1699 0
6877 1698 0
6875 1701 0
.PEN_UP
.PEN_DOWN
6843 1808 0
6840 1811 0
6836 1813 0
6832 1816 0
6827 1818 0
6822 1820 0
6816 1823 0
6808 1826 0
6799 1829 0
6790 1831 0
6780 1834 0
6767 1838 0
6755 1840 0
6744 1841 0
6733 1842 0
6722 1842 0
6712 1843 0
6701 1843 0
6692 1842 0
6685 1840 0
6679 1838 0
6675 1835 0
6672 1832 0
6670 1828 0
6669 1823 0
6669 1817 0
6670 1810 0
6672 1805 0
6674 1800 0
6677 1795 0
6681 1791 0
6686 1786 0
6692 1781 0
6699 1776 0
6706 1773 0
6712 1771 0
6718 1770 0
6723 1770 0
6728 1771 0
6732 1774 0
6735 1776 0
6737 1780 0
6738 1784 0
6738 1789 0
6738 1794 0
6737 1800 0
6735 1807 0
6732 1813 0
6729 1820 0
6726 1826 0
6722 1832 0
6718 1837 0
6715 1841 0
6711 1846 0
6706 1852 0
6701 1858 0
6695 1864 0
6689 1870 0
6684 1877 0
6679 1883 0
6675 1889 0
6671 1893 0
6669 1898 0
6666 1902 0
6664 1907 0
6663 1912 0
6662 1916 0
6662 1921 0
6662 1926 0
6663 1929 0
6664 1933 0
6666 1937 0
6669 1940 0
6673 1942 0
6677 1942 0
6682 1942 0
6689 1941 0
6697 1939 0
6705 1937 0
6712 1934 0
6718 1931 0
6722 1928 0
6725 1925 0
6727 1922 0
6728 1919 0
6728 1916 0
6728 1913 0
6726 1910 0
6723 1909 0
6720 1908 0
6717 1907 0
6714 1907 0
6711 1909 0
6710 1912 0
6708 1915 0
6706 1918 0
6705 1921 0
6705 1924 0
6704 1928 0
6704 1933 0
6705 1937 0
6705 1941 0
6706 1946 0
6707 1952 0
6709 1958 0
6711 1964 0
6713 1971 0
6716 1978 0
6719 1985 0
6723 1992 0
6726 1997 0
6729 2001 0
6732 2005 0
6735 2008 0
6738 2010 0
6738 2010 0
.PEN_UP
