.VERSION 1.0 
.HIERARCHY CHARACTER
.COORD X Y T
.SEGMENT CHARACTER 0-2 OK "6"
.H_LINE 2999 3874
.V_LINE 1999 2749
.X_DIM 749
.Y_DIM 874
.X_POINTS_PER_INCH 1000
.Y_POINTS_PER_INCH 1000
.POINTS_PER_SECOND 125
.COMMENT CALIB X: 47 Y: -81

.WRITER_INFO
 Name: K N NARESH
 WriterId: 15
 Hand: right
 EducationLevel: post graduate
 Gender: male
 Profession: student
 Region: hindupur
 Age: 25
 DeviceType: digimemo a402
 SkillDevice: good
 Language: hindi
 Script: indic
 Native: false
 Style: discrete
 UsageFreq: once a month
 Proficiency: good
 Date: 2007-6-12
 WritingInProfession: no

.PEN_DOWN
2317 3303 0
2312 3301 0
2308 3301 0
2304 3301 0
2305 3298 0
2307 3295 0
2310 3292 0
2312 3289 0
2315 3287 0
2318 3285 0
2321 3284 0
2325 3284 0
2329 3284 0
2334 3285 0
2342 3286 0
2351 3287 0
2361 3288 0
2369 3289 0
2375 3289 0
2378 3289 0
2380 3293 0
2382 3297 0
2385 3301 0
2388 3305 0
2392 3309 0
2394 3312 0
2396 3316 0
2398 3319 0
2399 3322 0
2399 3325 0
2398 3329 0
2397 3333 0
2394 3337 0
2389 3343 0
2380 3348 0
2366 3355 0
2349 3363 0
2333 3371 0
2315 3379 0
2301 3386 0
2291 3391 0
2285 3393 0
2287 3390 0
2290 3387 0
2293 3384 0
2298 3381 0
2303 3378 0
2309 3376 0
2315 3374 0
2321 3372 0
2326 3371 0
2331 3370 0
2335 3370 0
2338 3370 0
2341 3370 0
2344 3371 0
2347 3372 0
2351 3373 0
2355 3375 0
2360 3377 0
2365 3379 0
2368 3381 0
2371 3384 0
2374 3386 0
2376 3389 0
2378 3392 0
2380 3395 0
2381 3398 0
2382 3402 0
2384 3408 0
2385 3413 0
2386 3418 0
2387 3422 0
2388 3426 0
2389 3431 0
2389 3436 0
2389 3442 0
2388 3448 0
2387 3454 0
2386 3461 0
2385 3467 0
2383 3474 0
2381 3480 0
2378 3486 0
2375 3491 0
2372 3494 0
2370 3497 0
2367 3500 0
2364 3504 0
2359 3508 0
2354 3511 0
2349 3515 0
2343 3518 0
2337 3521 0
2331 3524 0
2325 3526 0
2321 3527 0
2317 3528 0
2310 3527 0
2302 3526 0
2294 3524 0
2285 3523 0
2277 3522 0
2272 3521 0
2266 3520 0
2259 3518 0
2249 3515 0
2239 3512 0
2230 3508 0
2218 3501 0
2202 3491 0
2183 3480 0
2166 3470 0
2152 3462 0
2142 3455 0
2133 3448 0
2125 3442 0
2120 3438 0
2117 3434 0
2115 3431 0
2113 3428 0
2110 3426 0
2107 3425 0
2110 3424 0
2115 3422 0
2127 3416 0
.PEN_UP
.PEN_DOWN
2348 3371 0
2351 3369 0
2354 3367 0
2357 3365 0
2361 3362 0
2365 3360 0
2370 3358 0
2377 3356 0
2384 3354 0
2390 3353 0
2396 3352 0
2400 3351 0
2403 3351 0
2406 3351 0
2410 3351 0
2415 3351 0
2421 3351 0
2427 3352 0
2435 3354 0
2442 3356 0
2447 3359 0
2451 3361 0
2454 3364 0
2457 3367 0
2461 3371 0
2464 3375 0
2468 3380 0
2471 3385 0
2474 3391 0
2476 3397 0
2477 3405 0
2478 3413 0
2479 3423 0
2478 3436 0
2477 3449 0
2475 3465 0
2472 3483 0
2467 3501 0
2460 3517 0
2453 3532 0
2445 3543 0
2438 3551 0
2432 3557 0
2428 3561 0
2427 3558 0
2426 3555 0
2425 3549 0
2426 3541 0
.PEN_UP
.PEN_DOWN
2273 3260 0
2270 3258 0
2267 3257 0
2274 3256 0
2287 3255 0
2308 3252 0
2336 3250 0
2375 3248 0
2415 3246 0
2450 3243 0
2477 3240 0
2494 3238 0
2503 3237 0
2507 3236 0
2504 3240 0
2496 3247 0
2483 3244 0
.PEN_UP
