.VERSION 1.0 
.HIERARCHY CHARACTER
.COORD X Y T
.SEGMENT CHARACTER 0-2 OK "16"
.H_LINE 6249 7124
.V_LINE 1999 2749
.X_DIM 749
.Y_DIM 875
.X_POINTS_PER_INCH 1000
.Y_POINTS_PER_INCH 1000
.POINTS_PER_SECOND 125
.COMMENT CALIB X: 44 Y: -94

.WRITER_INFO
 Name: K N NARESH
 WriterId: 15
 Hand: right
 EducationLevel: post graduate
 Gender: male
 Profession: student
 Region: hindupur
 Age: 25
 DeviceType: digimemo a402
 SkillDevice: good
 Language: hindi
 Script: indic
 Native: false
 Style: discrete
 UsageFreq: once a month
 Proficiency: good
 Date: 2007-6-12
 WritingInProfession: no

.PEN_DOWN
2360 6519 0
2358 6516 0
2357 6513 0
2354 6511 0
2351 6509 0
2350 6506 0
2350 6503 0
2349 6507 0
2349 6513 0
2349 6521 0
2348 6531 0
2347 6543 0
2346 6555 0
2346 6566 0
2346 6575 0
2346 6581 0
2345 6586 0
2345 6590 0
2345 6593 0
2342 6592 0
2337 6590 0
2333 6587 0
2328 6585 0
2322 6583 0
2312 6580 0
2300 6578 0
2286 6578 0
2273 6580 0
2262 6581 0
2253 6582 0
2246 6583 0
2243 6584 0
2240 6585 0
2237 6587 0
2234 6588 0
2230 6590 0
2226 6593 0
2220 6596 0
2216 6599 0
2213 6600 0
2211 6603 0
2210 6606 0
2210 6609 0
2211 6612 0
2213 6615 0
2216 6618 0
2220 6621 0
2225 6625 0
2232 6628 0
2238 6630 0
2243 6631 0
2247 6632 0
2251 6633 0
2255 6634 0
2260 6635 0
2265 6636 0
2272 6637 0
2281 6639 0
2290 6641 0
2297 6642 0
2301 6642 0
2304 6642 0
2307 6642 0
2312 6646 0
2317 6649 0
2322 6652 0
2325 6654 0
2328 6656 0
2331 6659 0
2333 6662 0
2335 6665 0
2336 6668 0
2337 6672 0
2339 6677 0
2340 6682 0
2341 6687 0
2342 6694 0
2343 6701 0
2344 6708 0
2344 6714 0
2344 6719 0
2343 6723 0
2343 6728 0
2342 6732 0
2341 6735 0
2341 6738 0
2340 6741 0
2339 6744 0
2336 6748 0
2333 6751 0
2330 6753 0
2326 6755 0
2322 6758 0
2318 6761 0
2314 6763 0
2309 6765 0
2304 6766 0
2298 6767 0
2291 6768 0
2282 6768 0
2273 6769 0
2263 6769 0
2254 6769 0
2246 6769 0
2240 6769 0
2235 6768 0
2230 6766 0
2226 6763 0
2221 6759 0
2216 6755 0
2210 6750 0
2202 6742 0
2192 6734 0
2183 6727 0
2175 6721 0
2169 6716 0
2166 6712 0
2166 6709 0
2171 6705 0
2183 6701 0
.PEN_UP
.PEN_DOWN
2397 6684 0
2399 6681 0
2399 6677 0
2399 6672 0
2398 6668 0
2397 6665 0
2396 6668 0
2395 6672 0
2395 6672 0
.PEN_UP
.PEN_DOWN
2301 6488 0
2301 6485 0
2295 6483 0
2290 6481 0
2286 6480 0
2282 6480 0
2279 6480 0
2286 6480 0
2298 6480 0
2314 6479 0
2340 6478 0
2373 6475 0
2409 6472 0
2441 6469 0
2463 6467 0
2475 6465 0
2480 6464 0
2472 6469 0
2459 6475 0
.PEN_UP
