.VERSION 1.0 
.HIERARCHY CHARACTER
.COORD X Y T
.SEGMENT CHARACTER 0-3 OK "21"
.H_LINE 7874 8750
.V_LINE 1999 2749
.X_DIM 749
.Y_DIM 875
.X_POINTS_PER_INCH 1000
.Y_POINTS_PER_INCH 1000
.POINTS_PER_SECOND 125
.COMMENT CALIB X: 38 Y: -161

.WRITER_INFO
 Name: K N NARESH
 WriterId: 15
 Hand: right
 EducationLevel: post graduate
 Gender: male
 Profession: student
 Region: hindupur
 Age: 25
 DeviceType: digimemo a402
 SkillDevice: good
 Language: hindi
 Script: indic
 Native: false
 Style: discrete
 UsageFreq: once a month
 Proficiency: good
 Date: 2007-6-12
 WritingInProfession: no

.PEN_DOWN
2282 8107 0
2279 8106 0
2276 8106 0
2273 8106 0
2273 8103 0
2276 8101 0
2279 8101 0
2283 8101 0
2287 8102 0
2293 8103 0
2299 8106 0
2305 8108 0
2309 8109 0
2313 8111 0
2318 8112 0
2323 8113 0
2326 8114 0
2329 8115 0
2331 8118 0
2332 8121 0
2333 8124 0
2335 8128 0
2337 8134 0
2339 8141 0
2342 8147 0
2344 8155 0
2346 8165 0
2348 8176 0
2349 8185 0
2349 8194 0
2347 8202 0
2344 8210 0
2340 8219 0
2334 8227 0
2326 8234 0
2316 8240 0
2298 8245 0
2279 8248 0
2257 8250 0
2236 8250 0
2217 8249 0
2201 8248 0
2189 8247 0
2181 8246 0
2178 8245 0
2180 8241 0
2184 8237 0
2190 8233 0
2200 8230 0
2214 8229 0
.PEN_UP
.PEN_DOWN
2341 8185 0
2340 8182 0
2338 8179 0
2337 8176 0
2343 8175 0
2350 8175 0
2358 8177 0
2370 8180 0
2388 8183 0
2410 8186 0
2431 8187 0
2446 8187 0
2458 8185 0
2468 8181 0
2474 8175 0
2478 8168 0
2481 8160 0
2482 8150 0
2483 8144 0
.PEN_UP
.PEN_DOWN
2517 8058 0
2518 8053 0
2518 8049 0
2517 8046 0
2514 8044 0
2511 8043 0
2508 8043 0
2505 8042 0
2502 8042 0
2499 8048 0
2497 8054 0
2494 8062 0
2491 8073 0
2488 8087 0
2485 8106 0
2481 8130 0
2478 8158 0
2474 8182 0
2471 8205 0
2468 8226 0
2465 8243 0
2463 8256 0
2461 8265 0
2459 8272 0
2457 8276 0
2458 8271 0
2459 8263 0
.PEN_UP
.PEN_DOWN
2406 8044 0
2403 8044 0
2407 8043 0
2421 8042 0
2444 8042 0
2474 8043 0
2505 8043 0
2531 8043 0
2553 8031 0
2570 8032 0
.PEN_UP
