.VERSION 1.0 
.HIERARCHY CHARACTER
.COORD X Y T
.SEGMENT CHARACTER 0-2 OK "31"
.H_LINE 1374 2249
.V_LINE 1999 2749
.X_DIM 749
.Y_DIM 874
.X_POINTS_PER_INCH 1000
.Y_POINTS_PER_INCH 1000
.POINTS_PER_SECOND 125
.COMMENT CALIB X: 22 Y: -124

.WRITER_INFO
 Name: K N NARESH
 WriterId: 15
 Hand: right
 EducationLevel: post graduate
 Gender: male
 Profession: student
 Region: hindupur
 Age: 25
 DeviceType: digimemo a402
 SkillDevice: good
 Language: hindi
 Script: indic
 Native: false
 Style: discrete
 UsageFreq: once a month
 Proficiency: good
 Date: 2007-6-12
 WritingInProfession: no

.PEN_DOWN
2499 1604 0
2499 1600 0
2494 1596 0
2491 1594 0
2488 1591 0
2485 1589 0
2482 1589 0
2480 1592 0
2478 1595 0
2477 1599 0
2475 1606 0
2473 1618 0
2470 1633 0
2468 1649 0
2466 1670 0
2464 1693 0
2463 1719 0
2462 1744 0
2462 1766 0
2462 1784 0
2462 1799 0
2462 1813 0
2462 1825 0
2462 1833 0
2461 1838 0
2459 1833 0
2456 1826 0
.PEN_UP
.PEN_DOWN
2468 1728 0
2465 1727 0
2462 1725 0
2459 1723 0
2456 1721 0
2452 1719 0
2448 1717 0
2443 1716 0
2436 1714 0
2428 1712 0
2415 1710 0
2405 1708 0
2398 1707 0
2392 1706 0
2387 1706 0
2384 1705 0
2381 1705 0
2378 1704 0
2374 1703 0
2370 1703 0
2365 1702 0
2359 1702 0
2353 1702 0
2346 1703 0
2338 1704 0
2331 1707 0
2325 1710 0
2319 1714 0
2312 1719 0
2307 1724 0
2302 1729 0
2298 1736 0
2294 1744 0
2289 1752 0
2285 1760 0
2281 1767 0
2279 1773 0
2278 1779 0
2278 1784 0
2278 1789 0
2279 1794 0
2283 1799 0
2288 1803 0
2294 1808 0
2301 1810 0
2308 1811 0
2313 1811 0
2317 1811 0
2321 1808 0
2325 1805 0
2329 1799 0
2334 1791 0
2338 1782 0
2340 1771 0
2339 1760 0
2335 1750 0
2328 1741 0
2319 1734 0
2310 1731 0
2302 1731 0
2296 1734 0
2292 1739 0
2290 1745 0
.PEN_UP
.PEN_DOWN
2336 1590 0
2333 1590 0
2336 1590 0
2344 1590 0
2360 1589 0
2392 1587 0
2431 1585 0
2470 1583 0
2504 1580 0
2531 1577 0
2553 1574 0
2568 1572 0
2577 1571 0
.PEN_UP
