.VERSION 1.0 
.HIERARCHY CHARACTER
.COORD X Y T
.SEGMENT CHARACTER 0-1 OK "32"
.H_LINE 1374 2249
.V_LINE 3500 4250
.X_DIM 750
.Y_DIM 874
.X_POINTS_PER_INCH 1000
.Y_POINTS_PER_INCH 1000
.POINTS_PER_SECOND 125
.COMMENT CALIB X: 45 Y: -71

.WRITER_INFO
 Name: K N NARESH
 WriterId: 15
 Hand: right
 EducationLevel: post graduate
 Gender: male
 Profession: student
 Region: hindupur
 Age: 25
 DeviceType: digimemo a402
 SkillDevice: good
 Language: hindi
 Script: indic
 Native: false
 Style: discrete
 UsageFreq: once a month
 Proficiency: good
 Date: 2007-6-12
 WritingInProfession: no

.PEN_DOWN
3803 1649 0
3800 1646 0
3795 1645 0
3790 1643 0
3787 1642 0
3784 1641 0
3782 1645 0
3780 1650 0
3779 1657 0
3777 1665 0
3775 1673 0
3774 1681 0
3772 1690 0
3771 1699 0
3770 1706 0
3769 1712 0
3769 1718 0
3769 1724 0
3769 1730 0
3769 1735 0
3769 1740 0
3769 1746 0
3769 1753 0
3770 1760 0
3772 1765 0
3773 1770 0
3774 1773 0
3775 1776 0
3776 1779 0
3778 1782 0
3779 1785 0
3782 1788 0
3785 1792 0
3790 1796 0
3797 1799 0
3804 1802 0
3811 1803 0
3817 1803 0
3822 1803 0
3826 1801 0
3829 1800 0
3832 1798 0
3836 1795 0
3839 1791 0
3844 1786 0
3852 1779 0
3859 1770 0
3867 1759 0
3876 1748 0
3884 1736 0
3891 1724 0
3896 1711 0
3901 1698 0
3905 1686 0
3908 1675 0
3910 1667 0
3911 1659 0
3912 1654 0
3912 1651 0
3909 1648 0
3906 1648 0
3903 1649 0
3900 1652 0
3897 1654 0
3894 1657 0
3892 1660 0
3891 1663 0
3890 1666 0
3889 1669 0
3889 1673 0
3888 1678 0
3887 1685 0
3886 1691 0
3886 1698 0
3885 1707 0
3885 1719 0
3884 1731 0
3884 1742 0
3883 1753 0
3883 1764 0
3882 1776 0
3881 1786 0
3880 1795 0
3880 1805 0
3880 1816 0
3879 1827 0
3878 1839 0
3877 1849 0
3876 1860 0
3875 1871 0
3874 1879 0
3874 1887 0
3874 1893 0
3874 1896 0
3874 1899 0
3874 1902 0
3874 1905 0
3874 1900 0
3874 1894 0
3875 1889 0
3875 1884 0
3874 1879 0
3872 1875 0
.PEN_UP
.PEN_DOWN
3724 1652 0
3730 1651 0
3747 1652 0
3772 1652 0
3799 1653 0
3836 1654 0
3881 1653 0
3919 1651 0
3946 1648 0
3964 1645 0
3974 1643 0
3979 1642 0
3971 1642 0
3959 1641 0
.PEN_UP
