.VERSION 1.0 
.HIERARCHY CHARACTER
.COORD X Y T
.SEGMENT CHARACTER 0-1 OK "61"
.H_LINE 1374 2249
.V_LINE 1999 2749
.X_DIM 749
.Y_DIM 874
.X_POINTS_PER_INCH 1000
.Y_POINTS_PER_INCH 1000
.POINTS_PER_SECOND 125
.COMMENT CALIB X: 25 Y: -70

.WRITER_INFO
 Name: K N NARESH
 WriterId: 15
 Hand: right
 EducationLevel: post graduate
 Gender: male
 Profession: student
 Region: hindupur
 Age: 25
 DeviceType: digimemo a402
 SkillDevice: good
 Language: hindi
 Script: indic
 Native: false
 Style: discrete
 UsageFreq: once a month
 Proficiency: good
 Date: 2007-6-12
 WritingInProfession: no

.PEN_DOWN
2590 1778 0
2591 1772 0
2592 1768 0
2589 1766 0
2585 1766 0
2582 1766 0
2579 1767 0
2576 1768 0
2572 1770 0
2567 1773 0
2563 1776 0
2559 1779 0
2555 1783 0
2553 1787 0
2551 1791 0
2549 1794 0
2548 1797 0
2546 1800 0
2545 1803 0
2545 1806 0
2545 1809 0
2545 1812 0
2545 1815 0
2545 1818 0
2545 1821 0
2545 1824 0
2546 1827 0
2547 1830 0
2548 1834 0
2550 1837 0
2554 1839 0
2560 1840 0
2566 1841 0
2571 1841 0
2576 1840 0
2581 1839 0
2585 1837 0
2589 1835 0
2593 1831 0
2597 1827 0
2602 1822 0
2606 1817 0
2609 1812 0
2612 1807 0
2613 1802 0
2613 1797 0
2612 1791 0
2610 1785 0
2606 1780 0
2599 1775 0
2590 1772 0
2581 1772 0
2574 1774 0
2570 1777 0
2567 1782 0
2570 1789 0
.PEN_UP
.PEN_DOWN
2579 1897 0
2580 1894 0
2579 1891 0
2578 1888 0
2577 1885 0
2574 1884 0
2571 1884 0
2567 1885 0
2562 1887 0
2558 1890 0
2554 1893 0
2551 1897 0
2548 1901 0
2546 1904 0
2544 1907 0
2544 1910 0
2543 1913 0
2543 1916 0
2543 1919 0
2543 1922 0
2543 1925 0
2544 1929 0
2544 1932 0
2545 1935 0
2546 1938 0
2546 1941 0
2547 1944 0
2548 1947 0
2549 1951 0
2551 1954 0
2554 1956 0
2557 1957 0
2564 1956 0
2570 1955 0
2577 1953 0
2583 1951 0
2589 1949 0
2594 1947 0
2598 1945 0
2602 1943 0
2606 1940 0
2609 1938 0
2612 1934 0
2615 1929 0
2618 1923 0
2621 1916 0
2623 1907 0
2624 1900 0
2624 1893 0
2623 1888 0
2621 1883 0
2616 1879 0
2608 1877 0
2599 1878 0
2587 1881 0
2575 1885 0
2565 1891 0
2559 1896 0
.PEN_UP
