.VERSION 1.0 
.HIERARCHY CHARACTER
.COORD X Y T
.SEGMENT CHARACTER 0-2 OK "81"
.H_LINE 7874 8750
.V_LINE 1999 2749
.X_DIM 749
.Y_DIM 875
.X_POINTS_PER_INCH 1000
.Y_POINTS_PER_INCH 1000
.POINTS_PER_SECOND 125
.COMMENT CALIB X: 38 Y: -161

.WRITER_INFO
 Name: K N NARESH
 WriterId: 15
 Hand: right
 EducationLevel: post graduate
 Gender: male
 Profession: student
 Region: hindupur
 Age: 25
 DeviceType: digimemo a402
 SkillDevice: good
 Language: hindi
 Script: indic
 Native: false
 Style: discrete
 UsageFreq: once a month
 Proficiency: good
 Date: 2007-6-12
 WritingInProfession: no

.PEN_DOWN
2324 8187 0
2325 8184 0
2324 8181 0
2323 8178 0
2322 8175 0
2322 8172 0
2321 8169 0
2321 8166 0
2319 8163 0
2317 8160 0
2314 8156 0
2310 8153 0
2305 8150 0
2301 8147 0
2297 8145 0
2294 8143 0
2291 8141 0
2288 8140 0
2285 8140 0
2281 8142 0
2276 8144 0
2268 8147 0
2260 8150 0
2253 8154 0
2243 8160 0
2230 8166 0
2218 8172 0
2207 8179 0
2198 8185 0
2192 8191 0
2187 8196 0
2183 8201 0
2181 8206 0
2179 8211 0
2178 8215 0
2178 8220 0
2179 8224 0
2182 8231 0
2186 8237 0
2192 8244 0
2202 8250 0
2214 8255 0
2228 8260 0
2245 8264 0
2259 8266 0
2270 8267 0
2279 8268 0
2287 8267 0
2293 8264 0
2299 8259 0
2304 8253 0
2312 8248 0
2320 8245 0
.PEN_UP
.PEN_DOWN
2229 8170 0
2231 8174 0
2235 8181 0
2243 8190 0
2255 8201 0
2268 8212 0
2280 8221 0
2291 8228 0
2299 8235 0
2307 8240 0
2313 8243 0
2319 8244 0
.PEN_UP
.PEN_DOWN
2227 8083 0
2224 8084 0
2219 8084 0
2215 8084 0
2212 8084 0
2219 8081 0
2234 8080 0
2253 8081 0
2275 8081 0
2295 8082 0
2315 8082 0
2333 8082 0
2348 8080 0
2361 8078 0
2371 8075 0
2377 8072 0
2382 8070 0
2386 8068 0
2386 8068 0
.PEN_UP
