.VERSION 1.0 
.HIERARCHY CHARACTER
.COORD X Y T
.SEGMENT CHARACTER 0-2 OK "98"
.H_LINE 2999 3874
.V_LINE 5000 5750
.X_DIM 750
.Y_DIM 874
.X_POINTS_PER_INCH 1000
.Y_POINTS_PER_INCH 1000
.POINTS_PER_SECOND 125
.COMMENT CALIB X: 67 Y: -71

.WRITER_INFO
 Name: K N NARESH
 WriterId: 15
 Hand: right
 EducationLevel: post graduate
 Gender: male
 Profession: student
 Region: hindupur
 Age: 25
 DeviceType: digimemo a402
 SkillDevice: good
 Language: hindi
 Script: indic
 Native: false
 Style: discrete
 UsageFreq: once a month
 Proficiency: good
 Date: 2007-6-12
 WritingInProfession: no

.PEN_DOWN
5474 3314 0
5479 3313 0
5483 3312 0
5483 3309 0
5480 3308 0
5477 3308 0
5474 3309 0
5471 3311 0
5469 3314 0
5467 3317 0
5466 3321 0
5464 3327 0
5462 3335 0
5459 3343 0
5456 3352 0
5453 3365 0
5450 3379 0
5448 3393 0
5446 3412 0
5444 3434 0
5442 3457 0
5440 3477 0
5439 3495 0
5438 3509 0
5436 3518 0
5435 3522 0
5435 3519 0
5435 3515 0
5436 3511 0
5436 3507 0
5436 3503 0
5436 3497 0
5435 3489 0
5435 3483 0
5434 3476 0
5433 3468 0
5432 3462 0
5431 3457 0
5430 3452 0
5428 3447 0
5424 3441 0
5420 3437 0
5415 3432 0
5405 3428 0
5391 3425 0
5379 3422 0
5368 3420 0
5357 3418 0
5348 3416 0
5341 3415 0
5337 3413 0
5334 3413 0
5331 3416 0
5328 3422 0
5325 3432 0
5320 3446 0
5316 3461 0
5312 3478 0
5309 3496 0
5308 3512 0
5307 3527 0
5308 3540 0
5309 3553 0
5311 3562 0
5314 3570 0
5316 3577 0
5318 3582 0
5319 3586 0
5319 3580 0
5318 3572 0
5315 3563 0
5313 3554 0
5312 3551 0
.PEN_UP
.PEN_DOWN
5268 3402 0
5268 3399 0
5260 3397 0
5254 3394 0
5248 3392 0
5242 3390 0
5236 3388 0
5232 3386 0
5229 3385 0
5232 3387 0
5235 3388 0
5240 3388 0
5251 3389 0
5269 3389 0
5295 3390 0
5319 3391 0
5342 3390 0
5365 3390 0
5381 3390 0
5390 3389 0
5394 3388 0
5391 3389 0
5384 3391 0
5376 3389 0
5369 3395 0
.PEN_UP
.PEN_DOWN
5339 3298 0
5336 3297 0
5333 3296 0
5330 3295 0
5327 3295 0
5324 3296 0
5327 3297 0
5336 3299 0
5354 3300 0
5380 3301 0
5420 3304 0
5462 3305 0
5490 3304 0
5509 3302 0
5520 3301 0
5525 3300 0
5521 3304 0
5511 3308 0
.PEN_UP
