.VERSION 1.0 
.HIERARCHY CHARACTER
.COORD X Y T
.SEGMENT CHARACTER 0-2 OK "99"
.H_LINE 2999 3874
.V_LINE 6500 7250
.X_DIM 750
.Y_DIM 874
.X_POINTS_PER_INCH 1000
.Y_POINTS_PER_INCH 1000
.POINTS_PER_SECOND 125
.COMMENT CALIB X: 70 Y: -95

.WRITER_INFO
 Name: K N NARESH
 WriterId: 15
 Hand: right
 EducationLevel: post graduate
 Gender: male
 Profession: student
 Region: hindupur
 Age: 25
 DeviceType: digimemo a402
 SkillDevice: good
 Language: hindi
 Script: indic
 Native: false
 Style: discrete
 UsageFreq: once a month
 Proficiency: good
 Date: 2007-6-12
 WritingInProfession: no

.PEN_DOWN
6960 3271 0
6960 3268 0
6960 3264 0
6963 3260 0
6964 3257 0
6965 3254 0
6963 3251 0
6961 3254 0
6960 3260 0
6959 3268 0
6959 3279 0
6959 3290 0
6959 3300 0
6958 3310 0
6958 3320 0
6957 3327 0
6956 3334 0
6955 3340 0
6954 3343 0
6953 3340 0
6951 3336 0
6949 3333 0
6946 3329 0
6942 3326 0
6937 3324 0
6931 3321 0
6924 3319 0
6918 3317 0
6913 3316 0
6909 3316 0
6906 3316 0
6903 3316 0
6900 3317 0
6894 3318 0
6887 3319 0
6881 3319 0
6875 3320 0
6868 3322 0
6860 3323 0
6855 3325 0
6850 3327 0
6846 3329 0
6843 3331 0
6840 3333 0
6838 3336 0
6834 3339 0
6831 3342 0
6828 3347 0
6823 3353 0
6819 3357 0
6816 3361 0
6815 3365 0
6814 3369 0
6813 3372 0
6813 3376 0
6813 3379 0
6813 3382 0
6814 3385 0
6815 3388 0
6817 3392 0
6822 3397 0
6831 3406 0
6842 3414 0
6853 3421 0
6862 3428 0
6868 3433 0
6874 3439 0
6880 3443 0
6884 3446 0
6887 3448 0
6891 3450 0
6896 3450 0
6903 3449 0
6913 3447 0
6924 3445 0
6934 3444 0
6939 3443 0
6935 3444 0
6928 3444 0
.PEN_UP
.PEN_DOWN
6927 3450 0
6928 3447 0
6926 3444 0
6923 3441 0
6920 3439 0
6917 3438 0
6913 3437 0
6910 3437 0
6907 3436 0
6903 3436 0
6898 3436 0
6894 3435 0
6890 3435 0
6887 3434 0
6883 3433 0
6880 3432 0
6877 3431 0
6874 3430 0
6871 3429 0
6868 3430 0
6865 3431 0
6861 3432 0
6856 3433 0
6853 3434 0
6850 3434 0
6847 3435 0
6844 3436 0
6841 3437 0
6838 3439 0
6835 3442 0
6832 3445 0
6828 3450 0
6825 3456 0
6821 3461 0
6817 3466 0
6813 3470 0
6809 3474 0
6806 3478 0
6804 3481 0
6803 3484 0
6802 3487 0
6802 3490 0
6802 3493 0
6802 3496 0
6802 3500 0
6802 3503 0
6802 3506 0
6802 3510 0
6803 3513 0
6804 3516 0
6804 3520 0
6804 3523 0
6805 3527 0
6806 3531 0
6807 3534 0
6808 3537 0
6810 3540 0
6811 3543 0
6814 3547 0
6818 3552 0
6823 3558 0
6828 3563 0
6832 3567 0
6836 3570 0
6840 3573 0
6843 3574 0
6846 3577 0
6851 3579 0
6856 3580 0
6861 3580 0
6865 3581 0
6868 3581 0
6872 3581 0
6877 3581 0
6882 3580 0
6886 3579 0
6891 3578 0
6896 3576 0
6901 3574 0
6907 3572 0
6914 3570 0
6921 3567 0
6926 3565 0
6930 3563 0
6934 3561 0
6937 3560 0
6940 3559 0
6943 3556 0
6945 3553 0
6949 3550 0
6954 3546 0
6958 3541 0
6961 3536 0
6963 3532 0
6964 3529 0
6965 3526 0
6963 3523 0
6959 3521 0
6954 3521 0
6947 3522 0
6937 3524 0
6928 3526 0
6921 3529 0
6915 3532 0
6910 3535 0
6907 3537 0
6904 3538 0
6902 3541 0
6901 3546 0
6900 3554 0
6900 3563 0
6900 3572 0
6901 3582 0
6902 3595 0
6903 3611 0
6904 3629 0
6906 3645 0
6907 3662 0
6908 3676 0
6908 3686 0
6908 3694 0
6908 3698 0
6908 3701 0
6908 3696 0
6907 3690 0
6904 3682 0
6896 3668 0
.PEN_UP
.PEN_DOWN
6869 3244 0
6865 3243 0
6861 3242 0
6858 3241 0
6863 3243 0
6877 3244 0
6905 3244 0
6946 3243 0
6990 3242 0
7027 3240 0
7053 3237 0
7068 3234 0
7076 3233 0
7080 3231 0
7078 3234 0
7071 3239 0
.PEN_UP
