.VERSION 1.0 
.HIERARCHY CHARACTER
.COORD X Y T
.SEGMENT CHARACTER 0-6 OK "11"
.H_LINE 4624 5499
.V_LINE 1999 2749
.X_DIM 749
.Y_DIM 874
.X_POINTS_PER_INCH 1000
.Y_POINTS_PER_INCH 1000
.POINTS_PER_SECOND 125
.COMMENT CALIB X: -6 Y: -86

.WRITER_INFO
 Name: PRASANNA
 WriterId: 71
 Hand: right
 EducationLevel: college graduate
 Gender: male
 Profession: student
 Region: chennai
 Age: 22
 DeviceType: digimemo a402
 SkillDevice: average
 Language: hindi
 Script: indic
 Native: false
 Style: discrete
 UsageFreq: rarely
 Proficiency: average
 Date: 2007-6-27
 WritingInProfession: no

.PEN_DOWN
2151 4968 0
2151 4965 0
2151 4961 0
2153 4957 0
2158 4953 0
2166 4950 0
2175 4947 0
2187 4946 0
2201 4947 0
2214 4950 0
2226 4956 0
2233 4965 0
2237 4975 0
2239 4988 0
2239 5001 0
2236 5014 0
2231 5025 0
2224 5035 0
2217 5041 0
2211 5044 0
2207 5046 0
2203 5045 0
2200 5044 0
2198 5041 0
2197 5038 0
2199 5035 0
2203 5034 0
2209 5035 0
2217 5037 0
2227 5041 0
2236 5048 0
2244 5055 0
2249 5063 0
2253 5071 0
2254 5079 0
2253 5085 0
2251 5091 0
2247 5095 0
2242 5099 0
2235 5102 0
2227 5104 0
2215 5106 0
2200 5107 0
2183 5105 0
2165 5103 0
2148 5099 0
2133 5095 0
2120 5092 0
2111 5087 0
2106 5084 0
2105 5081 0
2107 5077 0
2112 5075 0
2123 5071 0
.PEN_UP
.PEN_DOWN
2249 5041 0
2243 5041 0
2239 5041 0
2242 5042 0
2247 5043 0
2255 5044 0
2267 5044 0
2285 5043 0
2304 5042 0
2320 5041 0
2332 5040 0
2339 5039 0
2342 5038 0
2339 5037 0
2337 5034 0
2332 5030 0
.PEN_UP
.PEN_DOWN
2368 4935 0
2365 4936 0
2362 4940 0
2359 4944 0
2357 4949 0
2355 4957 0
2354 4967 0
2353 4978 0
2353 4992 0
2353 5009 0
2354 5028 0
2355 5048 0
2357 5065 0
2359 5080 0
2361 5093 0
2362 5104 0
2362 5112 0
2363 5117 0
2363 5120 0
2362 5115 0
2361 5112 0
.PEN_UP
.PEN_DOWN
2456 4927 0
2450 4931 0
2446 4935 0
2444 4939 0
2443 4943 0
2442 4950 0
2441 4960 0
2441 4972 0
2441 4990 0
2441 5009 0
2441 5027 0
2441 5044 0
2441 5060 0
2441 5073 0
2441 5084 0
2442 5092 0
2442 5098 0
2443 5103 0
2444 5106 0
2445 5101 0
.PEN_UP
.PEN_DOWN
2347 4839 0
2348 4842 0
2353 4846 0
2363 4852 0
2376 4860 0
2389 4870 0
2401 4881 0
2412 4892 0
2421 4902 0
2427 4911 0
2431 4919 0
2434 4924 0
2435 4927 0
2438 4924 0
.PEN_UP
.PEN_DOWN
2457 4802 0
2453 4801 0
2450 4800 0
2447 4802 0
2444 4805 0
2442 4809 0
2441 4815 0
2440 4823 0
2439 4833 0
2439 4844 0
2440 4858 0
2441 4875 0
2443 4891 0
2444 4910 0
2443 4929 0
2442 4944 0
2441 4956 0
2441 4965 0
2441 4970 0
2440 4965 0
2440 4960 0
2440 4947 0
.PEN_UP
.PEN_DOWN
2323 4944 0
2328 4944 0
2338 4944 0
2354 4944 0
2380 4943 0
2411 4942 0
2440 4941 0
2466 4939 0
2488 4936 0
2502 4934 0
2512 4931 0
2518 4930 0
2519 4927 0
2516 4924 0
2514 4920 0
.PEN_UP
