.VERSION 1.0 
.HIERARCHY CHARACTER
.COORD X Y T
.SEGMENT CHARACTER 0-2 OK "28"
.H_LINE 9500 10374
.V_LINE 5000 5750
.X_DIM 750
.Y_DIM 874
.X_POINTS_PER_INCH 1000
.Y_POINTS_PER_INCH 1000
.POINTS_PER_SECOND 125
.COMMENT CALIB X: 26 Y: -120

.WRITER_INFO
 Name: PRASANNA
 WriterId: 71
 Hand: right
 EducationLevel: college graduate
 Gender: male
 Profession: student
 Region: chennai
 Age: 22
 DeviceType: digimemo a402
 SkillDevice: average
 Language: hindi
 Script: indic
 Native: false
 Style: discrete
 UsageFreq: rarely
 Proficiency: average
 Date: 2007-6-27
 WritingInProfession: no

.PEN_DOWN
5246 9768 0
5249 9766 0
5253 9764 0
5257 9761 0
5263 9760 0
5268 9759 0
5272 9760 0
5275 9761 0
5276 9766 0
5276 9771 0
5274 9775 0
5270 9780 0
5264 9784 0
5258 9787 0
5253 9787 0
5248 9785 0
5243 9781 0
5240 9776 0
5238 9769 0
5238 9762 0
5241 9755 0
5245 9749 0
5251 9744 0
5256 9741 0
5263 9739 0
5269 9740 0
5275 9743 0
5280 9748 0
5284 9755 0
5286 9763 0
5287 9772 0
5288 9781 0
5288 9789 0
5286 9797 0
5283 9804 0
5280 9809 0
5275 9814 0
5270 9819 0
5264 9823 0
5256 9827 0
5248 9830 0
5243 9833 0
5238 9836 0
5235 9838 0
5233 9841 0
5232 9844 0
5233 9847 0
5234 9851 0
5237 9855 0
5241 9860 0
5246 9866 0
5252 9871 0
5260 9876 0
5270 9881 0
5282 9884 0
5297 9884 0
5315 9882 0
5337 9879 0
5364 9873 0
5395 9866 0
5424 9852 0
.PEN_UP
.PEN_DOWN
5460 9752 0
5458 9756 0
5456 9761 0
5455 9767 0
5455 9775 0
5453 9784 0
5452 9796 0
5450 9810 0
5447 9829 0
5443 9851 0
5439 9874 0
5436 9896 0
5435 9918 0
5434 9937 0
5433 9950 0
5433 9955 0
5437 9952 0
.PEN_UP
.PEN_DOWN
5368 9747 0
5372 9748 0
5379 9748 0
5387 9747 0
5402 9745 0
5421 9743 0
5442 9741 0
5462 9738 0
5482 9735 0
5498 9733 0
5510 9730 0
5519 9726 0
.PEN_UP
