.VERSION 1.0 
.HIERARCHY CHARACTER
.COORD X Y T
.SEGMENT CHARACTER 0-2 OK "97"
.H_LINE 2999 3874
.V_LINE 3500 4250
.X_DIM 750
.Y_DIM 874
.X_POINTS_PER_INCH 1000
.Y_POINTS_PER_INCH 1000
.POINTS_PER_SECOND 125
.COMMENT CALIB X: -5 Y: -93

.WRITER_INFO
 Name: PRASANNA
 WriterId: 71
 Hand: right
 EducationLevel: college graduate
 Gender: male
 Profession: student
 Region: chennai
 Age: 22
 DeviceType: digimemo a402
 SkillDevice: average
 Language: hindi
 Script: indic
 Native: false
 Style: discrete
 UsageFreq: rarely
 Proficiency: average
 Date: 2007-6-27
 WritingInProfession: no

.PEN_DOWN
3835 3245 0
3835 3241 0
3836 3238 0
3836 3235 0
3834 3239 0
3833 3244 0
3832 3250 0
3831 3257 0
3831 3268 0
3831 3280 0
3831 3291 0
3831 3300 0
3831 3309 0
3832 3317 0
3833 3322 0
3833 3325 0
3832 3322 0
3830 3319 0
3826 3317 0
3823 3316 0
3818 3315 0
3814 3313 0
3809 3312 0
3803 3312 0
3796 3312 0
3787 3313 0
3779 3314 0
3774 3315 0
3770 3316 0
3767 3318 0
3765 3321 0
3763 3324 0
3760 3330 0
3757 3335 0
3755 3343 0
3753 3351 0
3753 3359 0
3753 3367 0
3753 3373 0
3755 3379 0
3760 3386 0
3768 3391 0
3780 3393 0
3798 3392 0
3821 3390 0
3847 3386 0
3871 3382 0
3887 3379 0
3897 3376 0
3903 3374 0
3906 3373 0
3902 3370 0
3896 3365 0
.PEN_UP
.PEN_DOWN
3766 3227 0
3763 3227 0
3768 3230 0
3780 3232 0
3801 3233 0
3828 3233 0
3859 3231 0
3887 3229 0
3912 3226 0
3931 3224 0
3944 3223 0
3951 3222 0
3955 3221 0
3951 3220 0
3945 3221 0
3937 3227 0
3929 3229 0
.PEN_UP
.PEN_DOWN
3836 3390 0
3826 3391 0
3821 3392 0
3818 3394 0
3816 3397 0
3815 3402 0
3815 3408 0
3815 3417 0
3816 3427 0
3817 3438 0
3818 3449 0
3819 3457 0
3819 3463 0
3819 3466 0
3818 3463 0
3817 3460 0
3815 3457 0
3812 3455 0
3809 3453 0
3805 3452 0
3798 3451 0
3790 3452 0
3784 3454 0
3778 3457 0
3773 3461 0
3768 3467 0
3764 3472 0
3762 3479 0
3760 3489 0
3760 3500 0
3761 3511 0
3764 3520 0
3767 3527 0
3771 3533 0
3779 3536 0
3792 3537 0
3809 3535 0
3828 3532 0
3846 3529 0
3860 3525 0
3870 3522 0
3876 3520 0
3879 3519 0
3880 3516 0
3882 3511 0
.PEN_UP
