.VERSION 1.0 
.HIERARCHY CHARACTER
.COORD X Y T
.SEGMENT CHARACTER 0-2 OK "100"
.H_LINE 4624 5499
.V_LINE 499 1250
.X_DIM 750
.Y_DIM 874
.X_POINTS_PER_INCH 1000
.Y_POINTS_PER_INCH 1000
.POINTS_PER_SECOND 125
.COMMENT CALIB X: -37 Y: -83

.WRITER_INFO
 Name: PRASANNA
 WriterId: 71
 Hand: right
 EducationLevel: college graduate
 Gender: male
 Profession: student
 Region: chennai
 Age: 22
 DeviceType: digimemo a402
 SkillDevice: average
 Language: hindi
 Script: indic
 Native: false
 Style: discrete
 UsageFreq: rarely
 Proficiency: average
 Date: 2007-6-27
 WritingInProfession: no

.PEN_DOWN
683 4848 0
689 4848 0
698 4849 0
711 4849 0
731 4848 0
763 4847 0
807 4844 0
855 4841 0
903 4839 0
936 4837 0
959 4835 0
973 4834 0
981 4834 0
985 4834 0
985 4834 0
.PEN_UP
.PEN_DOWN
853 4847 0
853 4850 0
853 4854 0
853 4858 0
853 4862 0
853 4865 0
853 4869 0
853 4873 0
853 4878 0
853 4885 0
853 4891 0
853 4898 0
853 4906 0
853 4913 0
853 4920 0
853 4926 0
853 4930 0
853 4933 0
853 4930 0
853 4927 0
853 4924 0
845 4922 0
838 4920 0
829 4919 0
819 4918 0
810 4918 0
802 4918 0
793 4919 0
785 4921 0
776 4923 0
768 4926 0
762 4928 0
758 4930 0
754 4933 0
750 4937 0
746 4940 0
743 4943 0
741 4946 0
739 4950 0
737 4953 0
736 4956 0
736 4960 0
735 4964 0
734 4968 0
734 4972 0
734 4975 0
733 4978 0
733 4981 0
733 4986 0
733 4992 0
733 4998 0
733 5003 0
733 5008 0
734 5013 0
735 5018 0
736 5023 0
737 5028 0
738 5032 0
739 5036 0
741 5040 0
744 5044 0
747 5049 0
752 5053 0
757 5057 0
764 5061 0
774 5065 0
787 5069 0
801 5072 0
816 5074 0
831 5075 0
848 5075 0
866 5074 0
881 5072 0
893 5069 0
902 5066 0
909 5062 0
915 5057 0
920 5052 0
924 5048 0
925 5043 0
925 5038 0
924 5034 0
921 5031 0
918 5027 0
913 5024 0
907 5022 0
899 5020 0
888 5019 0
877 5018 0
866 5018 0
855 5019 0
847 5020 0
840 5022 0
834 5026 0
829 5030 0
825 5034 0
823 5041 0
822 5050 0
822 5060 0
823 5069 0
825 5077 0
829 5087 0
835 5096 0
841 5106 0
848 5116 0
856 5127 0
864 5140 0
871 5152 0
878 5163 0
884 5173 0
889 5180 0
892 5185 0
893 5180 0
893 5175 0
892 5170 0
890 5163 0
890 5155 0
.PEN_UP
.PEN_DOWN
768 5071 0
765 5072 0
762 5075 0
758 5078 0
754 5081 0
750 5084 0
746 5088 0
744 5093 0
741 5099 0
739 5105 0
738 5111 0
739 5118 0
742 5126 0
746 5134 0
752 5139 0
761 5143 0
775 5143 0
793 5141 0
813 5137 0
831 5132 0
846 5129 0
853 5127 0
856 5125 0
854 5122 0
851 5119 0
.PEN_UP
