.VERSION 1.0 
.HIERARCHY CHARACTER
.COORD X Y T
.SEGMENT CHARACTER 0-3 OK "108"
.H_LINE 6249 7124
.V_LINE 5000 5750
.X_DIM 750
.Y_DIM 875
.X_POINTS_PER_INCH 1000
.Y_POINTS_PER_INCH 1000
.POINTS_PER_SECOND 125
.COMMENT CALIB X: 18 Y: -68

.WRITER_INFO
 Name: PRASANNA
 WriterId: 71
 Hand: right
 EducationLevel: college graduate
 Gender: male
 Profession: student
 Region: chennai
 Age: 22
 DeviceType: digimemo a402
 SkillDevice: average
 Language: hindi
 Script: indic
 Native: false
 Style: discrete
 UsageFreq: rarely
 Proficiency: average
 Date: 2007-6-27
 WritingInProfession: no

.PEN_DOWN
5360 6525 0
5359 6520 0
5358 6517 0
5357 6514 0
5355 6518 0
5354 6524 0
5354 6532 0
5354 6542 0
5354 6553 0
5354 6565 0
5355 6576 0
5355 6585 0
5355 6591 0
5355 6595 0
5353 6592 0
5351 6589 0
5349 6586 0
5346 6583 0
5342 6581 0
5337 6579 0
5329 6577 0
5320 6576 0
5310 6576 0
5302 6577 0
5295 6579 0
5290 6581 0
5287 6583 0
5284 6586 0
5282 6589 0
5281 6592 0
5281 6596 0
5282 6602 0
5284 6607 0
5286 6611 0
5288 6615 0
5291 6619 0
5294 6622 0
5298 6624 0
5301 6625 0
5305 6627 0
5309 6629 0
5312 6630 0
5316 6631 0
5321 6633 0
5327 6635 0
5333 6636 0
5338 6637 0
5342 6638 0
5346 6639 0
5349 6639 0
5352 6640 0
5355 6640 0
5353 6636 0
.PEN_UP
.PEN_DOWN
5459 6665 0
5452 6661 0
5446 6657 0
5440 6653 0
5434 6649 0
5427 6646 0
5418 6643 0
5409 6641 0
5400 6639 0
5392 6638 0
5382 6638 0
5370 6638 0
5359 6638 0
5350 6638 0
5342 6638 0
5334 6638 0
5328 6638 0
5323 6639 0
5320 6639 0
5317 6639 0
5314 6639 0
5311 6640 0
5308 6641 0
5305 6642 0
5301 6644 0
5298 6645 0
5295 6646 0
5292 6647 0
5289 6649 0
5287 6652 0
5285 6655 0
5282 6658 0
5280 6661 0
5278 6664 0
5276 6668 0
5274 6671 0
5272 6674 0
5270 6677 0
5269 6680 0
5268 6683 0
5267 6686 0
5267 6689 0
5267 6693 0
5267 6697 0
5267 6701 0
5266 6706 0
5267 6713 0
5267 6719 0
5268 6725 0
5269 6732 0
5270 6739 0
5271 6745 0
5272 6751 0
5273 6757 0
5275 6763 0
5278 6771 0
5283 6779 0
5290 6786 0
5298 6792 0
5306 6798 0
5315 6804 0
5322 6808 0
5328 6811 0
5331 6814 0
5333 6817 0
5336 6817 0
5336 6817 0
.PEN_UP
.PEN_DOWN
5429 6654 0
5434 6654 0
5438 6654 0
5442 6654 0
5445 6655 0
5448 6657 0
5449 6661 0
5449 6666 0
5447 6672 0
5445 6677 0
5442 6682 0
5437 6687 0
5432 6692 0
5428 6696 0
5425 6699 0
5421 6701 0
5417 6704 0
5412 6708 0
5406 6712 0
5399 6716 0
5393 6720 0
5388 6725 0
5385 6729 0
5383 6733 0
5383 6737 0
5383 6741 0
5383 6746 0
5384 6752 0
5387 6760 0
5391 6767 0
5397 6773 0
5404 6778 0
5414 6782 0
5425 6785 0
5437 6786 0
5448 6786 0
5458 6785 0
5466 6783 0
5472 6782 0
5476 6781 0
5479 6779 0
.PEN_UP
.PEN_DOWN
5277 6466 0
5277 6469 0
5279 6472 0
5283 6474 0
5290 6476 0
5302 6476 0
5326 6475 0
5364 6472 0
5407 6468 0
5443 6464 0
5471 6460 0
5489 6457 0
5499 6456 0
5504 6455 0
5499 6455 0
5493 6456 0
5485 6457 0
.PEN_UP
