.VERSION 1.0 
.HIERARCHY CHARACTER
.COORD X Y T
.SEGMENT CHARACTER 0-4 OK "11"
.H_LINE 4624 5499
.V_LINE 1999 2749
.X_DIM 749
.Y_DIM 874
.X_POINTS_PER_INCH 1000
.Y_POINTS_PER_INCH 1000
.POINTS_PER_SECOND 125
.COMMENT CALIB X: -2 Y: -86

.WRITER_INFO
 Name: ANAND
 WriterId: 16
 Hand: right
 EducationLevel: college graduate
 Gender: male
 Profession: student
 Region: sikkim
 Age: 21
 DeviceType: digimemo a402
 SkillDevice: average
 Language: hindi
 Script: indic
 Native: false
 Style: discrete
 UsageFreq: once a week
 Proficiency: good
 Date: 2007-6-12
 WritingInProfession: can't say

.PEN_DOWN
2136 5016 0
2143 5011 0
2156 5003 0
2173 4995 0
2192 4989 0
2211 4986 0
2228 4988 0
2240 4994 0
2247 5003 0
2249 5015 0
2246 5026 0
2238 5037 0
2227 5046 0
2218 5052 0
2212 5055 0
2211 5058 0
2214 5062 0
2223 5066 0
2236 5070 0
2250 5076 0
2260 5083 0
2268 5091 0
2270 5098 0
2268 5106 0
2255 5114 0
2238 5119 0
2219 5121 0
2202 5120 0
2188 5117 0
2178 5111 0
2173 5105 0
2180 5098 0
.PEN_UP
.PEN_DOWN
2260 5057 0
2263 5057 0
2269 5057 0
2280 5057 0
2294 5044 0
2311 5035 0
2326 5028 0
2340 5020 0
2351 5012 0
2357 5005 0
2359 4997 0
2358 4992 0
2354 4989 0
2351 4988 0
2350 4993 0
2351 5005 0
2354 5024 0
2357 5047 0
2360 5073 0
2363 5103 0
2365 5130 0
2367 5154 0
2369 5175 0
2370 5189 0
2370 5196 0
2366 5187 0
.PEN_UP
.PEN_DOWN
2454 5131 0
2453 5128 0
2453 5124 0
2452 5119 0
2452 5111 0
2450 5101 0
2446 5084 0
2441 5059 0
2436 5027 0
2431 4991 0
2426 4955 0
2418 4924 0
2409 4900 0
2398 4879 0
2388 4862 0
2378 4844 0
2366 4828 0
2355 4812 0
2345 4798 0
2336 4785 0
2329 4778 0
2323 4774 0
2317 4773 0
2310 4775 0
2303 4779 0
2296 4785 0
2292 4791 0
2290 4796 0
2289 4800 0
2291 4803 0
2296 4806 0
2306 4809 0
.PEN_UP
.PEN_DOWN
2416 4914 0
2416 4903 0
2417 4898 0
2417 4895 0
2418 4892 0
2420 4889 0
2423 4884 0
2430 4878 0
2439 4871 0
2447 4862 0
2455 4851 0
2464 4833 0
2472 4811 0
2477 4789 0
2479 4772 0
2479 4760 0
2478 4752 0
2477 4748 0
2477 4752 0
2477 4757 0
2476 4762 0
2472 4768 0
2468 4774 0
2464 4779 0
2462 4784 0
2461 4791 0
.PEN_UP
.PEN_DOWN
2187 4950 0
2191 4950 0
2203 4950 0
2224 4948 0
2253 4942 0
2296 4933 0
2355 4925 0
2412 4920 0
2458 4917 0
2490 4916 0
2509 4916 0
2519 4916 0
2523 4916 0
2519 4916 0
2513 4916 0
2509 4917 0
2506 4918 0
2506 4918 0
.PEN_UP
