.VERSION 1.0 
.HIERARCHY CHARACTER
.COORD X Y T
.SEGMENT CHARACTER 0-2 OK "18"
.H_LINE 6249 7124
.V_LINE 5000 5750
.X_DIM 750
.Y_DIM 875
.X_POINTS_PER_INCH 1000
.Y_POINTS_PER_INCH 1000
.POINTS_PER_SECOND 125
.COMMENT CALIB X: 31 Y: -72

.WRITER_INFO
 Name: ANAND
 WriterId: 16
 Hand: right
 EducationLevel: college graduate
 Gender: male
 Profession: student
 Region: sikkim
 Age: 21
 DeviceType: digimemo a402
 SkillDevice: average
 Language: hindi
 Script: indic
 Native: false
 Style: discrete
 UsageFreq: once a week
 Proficiency: good
 Date: 2007-6-12
 WritingInProfession: can't say

.PEN_DOWN
5369 6558 0
5366 6557 0
5360 6560 0
5350 6568 0
5336 6579 0
5321 6593 0
5305 6613 0
5294 6634 0
5287 6652 0
5284 6666 0
5284 6678 0
5287 6688 0
5293 6694 0
5302 6695 0
5315 6692 0
5332 6686 0
5351 6679 0
5370 6671 0
5386 6664 0
5399 6659 0
5408 6654 0
5414 6650 0
5418 6647 0
5413 6650 0
5406 6654 0
5398 6658 0
5389 6665 0
5377 6675 0
5363 6689 0
5350 6708 0
5339 6729 0
5331 6748 0
5326 6763 0
5325 6776 0
5326 6787 0
5329 6795 0
5333 6802 0
5341 6807 0
5351 6811 0
5366 6812 0
5386 6810 0
5409 6805 0
5431 6797 0
5451 6787 0
5468 6773 0
5483 6755 0
5495 6732 0
5505 6707 0
5514 6683 0
5521 6661 0
5526 6643 0
5530 6628 0
5532 6616 0
5532 6606 0
5531 6601 0
5530 6598 0
5527 6597 0
5524 6596 0
5521 6596 0
5516 6598 0
5509 6602 0
5501 6607 0
5492 6614 0
5484 6624 0
5477 6638 0
5472 6651 0
5469 6663 0
5469 6673 0
5472 6679 0
5478 6682 0
5489 6682 0
5502 6677 0
5516 6671 0
5527 6665 0
5536 6659 0
5542 6649 0
.PEN_UP
.PEN_DOWN
5505 6602 0
5504 6599 0
5505 6596 0
5505 6592 0
5505 6586 0
5506 6578 0
5506 6568 0
5506 6556 0
5506 6545 0
5505 6536 0
5504 6529 0
5504 6525 0
5504 6525 0
.PEN_UP
.PEN_DOWN
5303 6568 0
5301 6561 0
5300 6556 0
5299 6553 0
5302 6550 0
5313 6547 0
5334 6544 0
5368 6540 0
5416 6536 0
5469 6533 0
5515 6531 0
5559 6530 0
5597 6529 0
5622 6529 0
5635 6529 0
5640 6529 0
5636 6528 0
5629 6527 0
5619 6526 0
5614 6525 0
.PEN_UP
