.VERSION 1.0 
.HIERARCHY CHARACTER
.COORD X Y T
.SEGMENT CHARACTER 0-1 OK "99"
.H_LINE 2999 3874
.V_LINE 6500 7250
.X_DIM 750
.Y_DIM 874
.X_POINTS_PER_INCH 1000
.Y_POINTS_PER_INCH 1000
.POINTS_PER_SECOND 125
.COMMENT CALIB X: 42 Y: -116

.WRITER_INFO
 Name: ANAND
 WriterId: 16
 Hand: right
 EducationLevel: college graduate
 Gender: male
 Profession: student
 Region: sikkim
 Age: 21
 DeviceType: digimemo a402
 SkillDevice: average
 Language: hindi
 Script: indic
 Native: false
 Style: discrete
 UsageFreq: once a week
 Proficiency: good
 Date: 2007-6-12
 WritingInProfession: can't say

.PEN_DOWN
6848 3247 0
6849 3250 0
6851 3256 0
6854 3264 0
6857 3273 0
6859 3282 0
6860 3290 0
6860 3297 0
6859 3303 0
6858 3307 0
6858 3304 0
6856 3299 0
6854 3295 0
6851 3292 0
6848 3289 0
6845 3287 0
6839 3287 0
6831 3287 0
6824 3289 0
6817 3293 0
6809 3301 0
6801 3308 0
6793 3318 0
6786 3329 0
6780 3342 0
6775 3354 0
6773 3365 0
6772 3373 0
6774 3380 0
6782 3383 0
6792 3384 0
6802 3383 0
6814 3382 0
6827 3380 0
6839 3379 0
6851 3376 0
6860 3373 0
6866 3370 0
6870 3367 0
6872 3364 0
6873 3361 0
6872 3358 0
6869 3357 0
6865 3357 0
6860 3358 0
6853 3360 0
6845 3364 0
6836 3371 0
6827 3378 0
6820 3387 0
6811 3402 0
6805 3418 0
6800 3435 0
6798 3451 0
6799 3464 0
6802 3475 0
6810 3484 0
6822 3489 0
6838 3489 0
6857 3486 0
6875 3478 0
6893 3466 0
6906 3451 0
6914 3435 0
6916 3424 0
6913 3417 0
6907 3413 0
6899 3414 0
6889 3420 0
6879 3432 0
6871 3447 0
6865 3465 0
6862 3480 0
6865 3495 0
6872 3507 0
.PEN_UP
.PEN_DOWN
6800 3270 0
6797 3269 0
6799 3265 0
6804 3262 0
6813 3259 0
6827 3257 0
6848 3256 0
6877 3255 0
6910 3255 0
6941 3255 0
6967 3254 0
6985 3253 0
6995 3252 0
7000 3251 0
6993 3256 0
6983 3258 0
.PEN_UP
