.VERSION 1.0 
.HIERARCHY CHARACTER
.COORD X Y T
.SEGMENT CHARACTER 0-3 OK "2"
.H_LINE 1374 2249
.V_LINE 3500 4250
.X_DIM 750
.Y_DIM 874
.X_POINTS_PER_INCH 1000
.Y_POINTS_PER_INCH 1000
.POINTS_PER_SECOND 125
.COMMENT CALIB X: -8 Y: -24

.WRITER_INFO
 Name: PRANAY SUBBA
 WriterId: 68
 Hand: right
 EducationLevel: high school
 Gender: male
 Profession: student
 Region: darjeeling
 Age: 20
 DeviceType: digimemo a402
 SkillDevice: average
 Language: hindi
 Script: indic
 Native: true
 Style: discrete
 UsageFreq: once a month
 Proficiency: average
 Date: 2007-6-27
 WritingInProfession: no

.PEN_DOWN
3613 1861 0
3611 1858 0
3610 1855 0
3610 1852 0
3610 1849 0
3610 1846 0
3611 1843 0
3612 1840 0
3614 1837 0
3617 1833 0
3621 1829 0
3626 1825 0
3631 1821 0
3638 1817 0
3646 1813 0
3653 1809 0
3660 1807 0
3667 1806 0
3674 1806 0
3680 1807 0
3685 1809 0
3691 1813 0
3697 1819 0
3701 1826 0
3705 1835 0
3706 1845 0
3706 1854 0
3704 1863 0
3700 1873 0
3694 1882 0
3688 1888 0
3681 1894 0
3674 1898 0
3668 1900 0
3662 1902 0
3659 1903 0
3660 1900 0
3664 1897 0
3670 1895 0
3677 1893 0
3684 1893 0
3690 1894 0
3697 1896 0
3705 1899 0
3713 1905 0
3720 1910 0
3725 1917 0
3728 1925 0
3729 1935 0
3727 1945 0
3725 1954 0
3720 1963 0
3713 1970 0
3703 1975 0
3692 1978 0
3681 1978 0
3670 1976 0
3659 1973 0
3650 1968 0
3644 1961 0
3639 1955 0
3636 1947 0
.PEN_UP
.PEN_DOWN
3693 1893 0
3697 1894 0
3702 1895 0
3710 1896 0
3718 1897 0
3727 1898 0
3737 1898 0
3747 1897 0
3756 1895 0
3766 1893 0
3775 1890 0
3782 1887 0
3787 1883 0
3791 1877 0
3794 1871 0
3796 1864 0
3797 1857 0
3797 1851 0
3796 1846 0
3795 1842 0
3794 1839 0
3793 1836 0
3792 1840 0
3793 1846 0
3794 1857 0
3795 1870 0
3795 1882 0
3795 1894 0
3795 1906 0
3794 1918 0
3793 1931 0
3792 1944 0
3792 1954 0
3791 1961 0
3791 1965 0
3791 1968 0
3794 1961 0
3798 1953 0
.PEN_UP
.PEN_DOWN
3872 1847 0
3873 1851 0
3873 1858 0
3872 1869 0
3871 1882 0
3870 1895 0
3869 1909 0
3867 1924 0
3866 1938 0
3865 1950 0
3865 1960 0
3865 1967 0
3865 1972 0
3867 1968 0
.PEN_UP
.PEN_DOWN
3727 1814 0
3732 1815 0
3743 1816 0
3760 1815 0
3787 1812 0
3824 1809 0
3866 1805 0
3905 1799 0
3938 1794 0
3963 1791 0
3980 1788 0
3991 1787 0
3997 1786 0
4001 1786 0
4000 1791 0
3995 1798 0
.PEN_UP
