.VERSION 1.0 
.HIERARCHY CHARACTER
.COORD X Y T
.SEGMENT CHARACTER 0-4 OK "10"
.H_LINE 4624 5499
.V_LINE 499 1250
.X_DIM 750
.Y_DIM 874
.X_POINTS_PER_INCH 1000
.Y_POINTS_PER_INCH 1000
.POINTS_PER_SECOND 125
.COMMENT CALIB X: -23 Y: -1

.WRITER_INFO
 Name: PRANAY SUBBA
 WriterId: 68
 Hand: right
 EducationLevel: high school
 Gender: male
 Profession: student
 Region: darjeeling
 Age: 20
 DeviceType: digimemo a402
 SkillDevice: average
 Language: hindi
 Script: indic
 Native: true
 Style: discrete
 UsageFreq: once a month
 Proficiency: average
 Date: 2007-6-27
 WritingInProfession: no

.PEN_DOWN
573 5067 0
573 5064 0
573 5061 0
573 5057 0
573 5054 0
573 5051 0
574 5048 0
575 5044 0
577 5040 0
579 5036 0
582 5032 0
587 5027 0
592 5023 0
598 5019 0
605 5015 0
614 5013 0
622 5012 0
630 5013 0
640 5016 0
649 5022 0
657 5028 0
664 5038 0
670 5049 0
674 5060 0
675 5073 0
674 5085 0
671 5096 0
667 5107 0
660 5118 0
651 5127 0
641 5134 0
633 5139 0
626 5142 0
621 5144 0
617 5145 0
616 5142 0
617 5139 0
620 5137 0
625 5135 0
631 5133 0
639 5132 0
647 5132 0
656 5134 0
665 5137 0
674 5141 0
682 5147 0
688 5154 0
693 5162 0
696 5170 0
696 5178 0
693 5187 0
688 5196 0
681 5204 0
671 5210 0
660 5216 0
646 5219 0
632 5220 0
617 5220 0
605 5217 0
596 5213 0
590 5209 0
586 5205 0
.PEN_UP
.PEN_DOWN
654 5123 0
646 5122 0
640 5122 0
640 5125 0
643 5129 0
648 5132 0
657 5135 0
670 5137 0
683 5138 0
696 5138 0
711 5136 0
725 5133 0
737 5129 0
747 5124 0
754 5118 0
760 5111 0
766 5103 0
770 5093 0
771 5082 0
771 5071 0
770 5060 0
768 5052 0
767 5046 0
765 5043 0
764 5048 0
764 5056 0
764 5067 0
764 5083 0
765 5102 0
764 5120 0
764 5136 0
764 5151 0
766 5163 0
767 5173 0
768 5181 0
770 5187 0
771 5191 0
772 5194 0
771 5188 0
.PEN_UP
.PEN_DOWN
837 5069 0
835 5066 0
833 5074 0
833 5086 0
833 5101 0
834 5117 0
835 5133 0
835 5147 0
835 5159 0
835 5171 0
836 5181 0
836 5190 0
837 5197 0
837 5202 0
838 5205 0
838 5196 0
.PEN_UP
.PEN_DOWN
776 4917 0
773 4917 0
769 4920 0
764 4924 0
758 4928 0
752 4932 0
744 4937 0
737 4941 0
732 4943 0
728 4943 0
723 4942 0
719 4939 0
715 4936 0
711 4933 0
709 4930 0
709 4924 0
710 4919 0
714 4915 0
719 4912 0
726 4909 0
733 4907 0
740 4905 0
746 4905 0
751 4906 0
755 4908 0
760 4912 0
766 4918 0
771 4924 0
775 4932 0
780 4942 0
784 4953 0
788 4964 0
792 4976 0
797 4987 0
803 4997 0
808 5007 0
814 5016 0
821 5024 0
827 5030 0
832 5035 0
836 5038 0
.PEN_UP
.PEN_DOWN
706 5062 0
703 5061 0
706 5062 0
714 5063 0
728 5063 0
749 5062 0
774 5061 0
806 5060 0
843 5059 0
878 5058 0
907 5058 0
929 5058 0
944 5057 0
956 5057 0
964 5057 0
969 5057 0
972 5058 0
976 5059 0
.PEN_UP
