.VERSION 1.0 
.HIERARCHY CHARACTER
.COORD X Y T
.SEGMENT CHARACTER 0-1 OK "12"
.H_LINE 4624 5499
.V_LINE 3500 4250
.X_DIM 750
.Y_DIM 874
.X_POINTS_PER_INCH 1000
.Y_POINTS_PER_INCH 1000
.POINTS_PER_SECOND 125
.COMMENT CALIB X: -4 Y: -117

.WRITER_INFO
 Name: PRANAY SUBBA
 WriterId: 68
 Hand: right
 EducationLevel: high school
 Gender: male
 Profession: student
 Region: darjeeling
 Age: 20
 DeviceType: digimemo a402
 SkillDevice: average
 Language: hindi
 Script: indic
 Native: true
 Style: discrete
 UsageFreq: once a month
 Proficiency: average
 Date: 2007-6-27
 WritingInProfession: no

.PEN_DOWN
3754 5073 0
3757 5076 0
3758 5081 0
3758 5090 0
3758 5104 0
3758 5122 0
3758 5144 0
3758 5168 0
3758 5192 0
3757 5214 0
3756 5232 0
3756 5245 0
3756 5255 0
3756 5261 0
3756 5264 0
3756 5260 0
3755 5254 0
3755 5244 0
3754 5232 0
3752 5217 0
3748 5201 0
3742 5185 0
3735 5173 0
3728 5162 0
3719 5152 0
3708 5144 0
3697 5137 0
3687 5133 0
3677 5131 0
3668 5132 0
3659 5136 0
3652 5145 0
3645 5157 0
3640 5172 0
3637 5187 0
3636 5202 0
3636 5216 0
3637 5227 0
3639 5235 0
3643 5241 0
3647 5244 0
3651 5246 0
3656 5246 0
3662 5244 0
3671 5238 0
3682 5230 0
3694 5218 0
3708 5204 0
3724 5189 0
3740 5176 0
3755 5164 0
3769 5155 0
3784 5149 0
3799 5147 0
3813 5149 0
3824 5154 0
3832 5163 0
3838 5176 0
3841 5187 0
3843 5197 0
3844 5206 0
3844 5212 0
3844 5215 0
3842 5212 0
3839 5206 0
3836 5197 0
.PEN_UP
.PEN_DOWN
3658 5052 0
3662 5052 0
3670 5052 0
3684 5052 0
3704 5053 0
3728 5053 0
3755 5052 0
3785 5051 0
3817 5050 0
3847 5049 0
3874 5047 0
3893 5046 0
3903 5044 0
3908 5043 0
3905 5043 0
3898 5044 0
.PEN_UP
