.VERSION 1.0 
.HIERARCHY CHARACTER
.COORD X Y T
.SEGMENT CHARACTER 0-2 OK "16"
.H_LINE 6249 7124
.V_LINE 1999 2749
.X_DIM 749
.Y_DIM 875
.X_POINTS_PER_INCH 1000
.Y_POINTS_PER_INCH 1000
.POINTS_PER_SECOND 125
.COMMENT CALIB X: -26 Y: -112

.WRITER_INFO
 Name: PRANAY SUBBA
 WriterId: 68
 Hand: right
 EducationLevel: high school
 Gender: male
 Profession: student
 Region: darjeeling
 Age: 20
 DeviceType: digimemo a402
 SkillDevice: average
 Language: hindi
 Script: indic
 Native: true
 Style: discrete
 UsageFreq: once a month
 Proficiency: average
 Date: 2007-6-27
 WritingInProfession: no

.PEN_DOWN
2269 6623 0
2269 6620 0
2269 6626 0
2270 6635 0
2270 6649 0
2270 6663 0
2269 6680 0
2269 6697 0
2270 6712 0
2271 6725 0
2271 6734 0
2272 6740 0
2272 6743 0
2272 6740 0
2271 6733 0
2270 6722 0
2269 6710 0
2265 6699 0
2260 6691 0
2254 6685 0
2249 6683 0
2240 6685 0
2230 6691 0
2220 6700 0
2211 6712 0
2203 6726 0
2195 6740 0
2189 6753 0
2185 6764 0
2182 6773 0
2180 6780 0
2179 6784 0
2180 6787 0
2186 6784 0
2192 6781 0
2200 6777 0
2209 6773 0
2218 6769 0
2226 6766 0
2234 6764 0
2242 6764 0
2249 6767 0
2256 6770 0
2262 6776 0
2267 6785 0
2271 6794 0
2274 6804 0
2277 6813 0
2277 6821 0
2275 6831 0
2273 6838 0
2269 6844 0
2263 6849 0
2256 6851 0
2250 6852 0
2239 6850 0
2231 6847 0
2224 6843 0
2217 6839 0
2212 6836 0
2209 6834 0
2207 6831 0
2207 6828 0
.PEN_UP
.PEN_DOWN
2304 6758 0
2301 6756 0
2299 6753 0
2299 6750 0
2301 6754 0
2301 6757 0
.PEN_UP
.PEN_DOWN
2164 6584 0
2159 6584 0
2154 6585 0
2150 6585 0
2156 6586 0
2169 6586 0
2189 6585 0
2215 6584 0
2245 6580 0
2281 6577 0
2321 6574 0
2357 6572 0
2386 6570 0
2406 6569 0
2418 6568 0
2424 6567 0
2421 6568 0
2414 6570 0
2402 6573 0
.PEN_UP
