.VERSION 1.0 
.HIERARCHY CHARACTER
.COORD X Y T
.SEGMENT CHARACTER 0-2 OK "28"
.H_LINE 9500 10374
.V_LINE 5000 5750
.X_DIM 750
.Y_DIM 874
.X_POINTS_PER_INCH 1000
.Y_POINTS_PER_INCH 1000
.POINTS_PER_SECOND 125
.COMMENT CALIB X: -21 Y: -33

.WRITER_INFO
 Name: PRANAY SUBBA
 WriterId: 68
 Hand: right
 EducationLevel: high school
 Gender: male
 Profession: student
 Region: darjeeling
 Age: 20
 DeviceType: digimemo a402
 SkillDevice: average
 Language: hindi
 Script: indic
 Native: true
 Style: discrete
 UsageFreq: once a month
 Proficiency: average
 Date: 2007-6-27
 WritingInProfession: no

.PEN_DOWN
5129 9867 0
5129 9864 0
5129 9861 0
5132 9858 0
5136 9855 0
5143 9853 0
5151 9850 0
5159 9847 0
5167 9845 0
5175 9844 0
5183 9845 0
5190 9846 0
5195 9848 0
5200 9851 0
5204 9854 0
5207 9857 0
5209 9861 0
5211 9865 0
5213 9869 0
5214 9872 0
5214 9876 0
5214 9880 0
5213 9883 0
5212 9886 0
5211 9889 0
5209 9892 0
5206 9894 0
5202 9896 0
5197 9898 0
5193 9900 0
5189 9901 0
5183 9902 0
5177 9903 0
5171 9903 0
5166 9903 0
5160 9904 0
5155 9905 0
5149 9906 0
5144 9908 0
5139 9909 0
5134 9912 0
5129 9915 0
5124 9918 0
5118 9922 0
5113 9927 0
5109 9933 0
5106 9939 0
5103 9946 0
5101 9954 0
5101 9962 0
5103 9970 0
5107 9976 0
5116 9983 0
5126 9988 0
5139 9992 0
5155 9993 0
5172 9991 0
5189 9986 0
5206 9978 0
5221 9969 0
5234 9957 0
5244 9945 0
5252 9933 0
5258 9921 0
5261 9910 0
5262 9901 0
5263 9894 0
5262 9891 0
5261 9897 0
5259 9909 0
5257 9926 0
5255 9945 0
5253 9967 0
5251 9988 0
5250 10008 0
5249 10025 0
5248 10038 0
5248 10046 0
5248 10051 0
5248 10054 0
5248 10047 0
.PEN_UP
.PEN_DOWN
5187 9853 0
5174 9851 0
5164 9851 0
5156 9853 0
5148 9856 0
5140 9861 0
5134 9867 0
5129 9873 0
5126 9879 0
5126 9886 0
5128 9892 0
5131 9897 0
5137 9902 0
5146 9905 0
5154 9906 0
5163 9906 0
5171 9905 0
5180 9903 0
5188 9901 0
5194 9899 0
5198 9895 0
.PEN_UP
.PEN_DOWN
5075 9812 0
5072 9812 0
5069 9812 0
5073 9813 0
5084 9815 0
5108 9818 0
5142 9818 0
5181 9819 0
5217 9818 0
5254 9817 0
5290 9815 0
5324 9812 0
5355 9809 0
5378 9806 0
5391 9803 0
5397 9802 0
5400 9801 0
5395 9803 0
5387 9808 0
5370 9783 0
5349 9810 0
.PEN_UP
