.VERSION 1.0 
.HIERARCHY CHARACTER
.COORD X Y T
.SEGMENT CHARACTER 0-2 OK "66"
.H_LINE 2999 3874
.V_LINE 1999 2749
.X_DIM 749
.Y_DIM 874
.X_POINTS_PER_INCH 1000
.Y_POINTS_PER_INCH 1000
.POINTS_PER_SECOND 125
.COMMENT CALIB X: -23 Y: -122

.WRITER_INFO
 Name: PRANAY SUBBA
 WriterId: 68
 Hand: right
 EducationLevel: high school
 Gender: male
 Profession: student
 Region: darjeeling
 Age: 20
 DeviceType: digimemo a402
 SkillDevice: average
 Language: hindi
 Script: indic
 Native: true
 Style: discrete
 UsageFreq: once a month
 Proficiency: average
 Date: 2007-6-27
 WritingInProfession: no

.PEN_DOWN
2213 3355 0
2213 3352 0
2213 3349 0
2213 3346 0
2218 3343 0
2224 3341 0
2229 3339 0
2233 3338 0
2238 3338 0
2243 3338 0
2247 3338 0
2251 3339 0
2254 3340 0
2257 3342 0
2260 3344 0
2263 3347 0
2266 3350 0
2269 3355 0
2271 3360 0
2272 3366 0
2273 3371 0
2273 3377 0
2272 3384 0
2270 3392 0
2266 3399 0
2262 3407 0
2256 3416 0
2250 3425 0
2240 3433 0
2230 3439 0
2220 3444 0
2210 3448 0
2200 3451 0
2193 3453 0
2187 3454 0
2183 3454 0
2186 3455 0
2189 3457 0
2192 3461 0
2194 3465 0
2196 3469 0
2197 3474 0
2198 3478 0
2199 3482 0
2200 3487 0
2201 3492 0
2203 3497 0
2205 3503 0
2207 3509 0
2209 3514 0
2213 3519 0
2217 3524 0
2221 3528 0
2226 3531 0
2231 3535 0
2238 3538 0
2245 3539 0
2253 3539 0
2264 3537 0
2277 3535 0
2291 3532 0
2303 3527 0
2314 3523 0
2324 3519 0
2331 3515 0
2335 3513 0
2335 3510 0
2335 3510 0
.PEN_UP
.PEN_DOWN
2389 3400 0
2389 3394 0
2389 3391 0
2387 3388 0
2385 3385 0
2381 3382 0
2378 3380 0
2375 3379 0
2372 3378 0
2369 3377 0
2365 3376 0
2361 3376 0
2357 3376 0
2354 3377 0
2350 3378 0
2344 3381 0
2338 3384 0
2332 3387 0
2327 3392 0
2321 3399 0
2315 3406 0
2310 3413 0
2306 3423 0
2303 3432 0
2302 3439 0
2301 3445 0
2301 3451 0
2303 3456 0
2307 3461 0
2311 3464 0
2318 3465 0
2328 3465 0
2341 3463 0
2353 3459 0
2365 3455 0
2374 3452 0
2380 3449 0
2384 3447 0
2387 3445 0
2390 3443 0
2393 3441 0
2396 3440 0
2398 3437 0
2398 3437 0
.PEN_UP
.PEN_DOWN
2146 3319 0
2151 3318 0
2166 3317 0
2190 3316 0
2218 3315 0
2251 3314 0
2287 3313 0
2327 3311 0
2365 3310 0
2393 3308 0
2413 3306 0
2423 3305 0
2427 3305 0
2424 3305 0
2420 3306 0
2415 3309 0
.PEN_UP
