.VERSION 1.0 
.HIERARCHY CHARACTER
.COORD X Y T
.SEGMENT CHARACTER 0-2 OK "105"
.H_LINE 6249 7124
.V_LINE 499 1250
.X_DIM 750
.Y_DIM 875
.X_POINTS_PER_INCH 1000
.Y_POINTS_PER_INCH 1000
.POINTS_PER_SECOND 125
.COMMENT CALIB X: -35 Y: -115

.WRITER_INFO
 Name: PRANAY SUBBA
 WriterId: 68
 Hand: right
 EducationLevel: high school
 Gender: male
 Profession: student
 Region: darjeeling
 Age: 20
 DeviceType: digimemo a402
 SkillDevice: average
 Language: hindi
 Script: indic
 Native: true
 Style: discrete
 UsageFreq: once a month
 Proficiency: average
 Date: 2007-6-27
 WritingInProfession: no

.PEN_DOWN
662 6631 0
662 6635 0
662 6640 0
663 6650 0
665 6661 0
667 6676 0
669 6690 0
670 6703 0
672 6715 0
674 6724 0
675 6731 0
676 6737 0
677 6740 0
676 6735 0
675 6728 0
672 6720 0
669 6712 0
666 6705 0
662 6699 0
657 6693 0
649 6689 0
639 6686 0
626 6687 0
610 6692 0
594 6699 0
578 6709 0
564 6720 0
554 6732 0
547 6743 0
543 6753 0
541 6761 0
541 6767 0
544 6772 0
549 6774 0
555 6776 0
562 6776 0
571 6774 0
579 6773 0
585 6771 0
588 6769 0
588 6766 0
583 6763 0
577 6763 0
569 6766 0
561 6770 0
553 6776 0
547 6785 0
542 6794 0
539 6803 0
538 6813 0
538 6822 0
540 6830 0
545 6837 0
549 6841 0
556 6843 0
565 6844 0
576 6844 0
590 6842 0
605 6840 0
619 6836 0
631 6832 0
642 6828 0
649 6824 0
654 6821 0
.PEN_UP
.PEN_DOWN
749 6690 0
750 6687 0
752 6693 0
753 6702 0
754 6714 0
755 6729 0
755 6745 0
756 6762 0
757 6778 0
758 6790 0
758 6801 0
758 6808 0
758 6812 0
756 6806 0
753 6798 0
750 6788 0
745 6780 0
738 6772 0
725 6765 0
711 6760 0
697 6758 0
686 6755 0
679 6754 0
675 6754 0
679 6755 0
685 6757 0
693 6758 0
705 6759 0
719 6758 0
735 6755 0
752 6750 0
770 6744 0
787 6737 0
801 6730 0
813 6721 0
821 6711 0
825 6702 0
828 6693 0
829 6687 0
828 6684 0
827 6689 0
827 6696 0
826 6709 0
824 6725 0
822 6743 0
821 6763 0
818 6781 0
816 6796 0
815 6808 0
815 6817 0
816 6823 0
817 6826 0
816 6822 0
814 6814 0
.PEN_UP
.PEN_DOWN
587 6624 0
591 6625 0
603 6626 0
626 6624 0
660 6622 0
696 6619 0
732 6616 0
772 6613 0
817 6610 0
859 6606 0
893 6603 0
917 6601 0
930 6600 0
937 6599 0
940 6598 0
936 6602 0
929 6607 0
917 6615 0
.PEN_UP
