.VERSION 1.0 
.HIERARCHY CHARACTER
.COORD X Y T
.SEGMENT CHARACTER 0-1 OK "28"
.H_LINE 9500 10374
.V_LINE 5000 5750
.X_DIM 750
.Y_DIM 874
.X_POINTS_PER_INCH 1000
.Y_POINTS_PER_INCH 1000
.POINTS_PER_SECOND 125
.COMMENT CALIB X: 13 Y: -95

.WRITER_INFO
 Name: GMBS SUNEEL KUMAR
 WriterId: 26
 Hand: right
 EducationLevel: post graduate
 Gender: male
 Profession: student
 Region: anakapalli
 Age: 22
 DeviceType: digimemo a402
 SkillDevice: good
 Language: hindi
 Script: indic
 Native: false
 Style: discrete
 UsageFreq: once a month
 Proficiency: good
 Date: 2007-6-14
 WritingInProfession: no

.PEN_DOWN
5237 9937 0
5233 9940 0
5229 9943 0
5225 9948 0
5220 9951 0
5215 9952 0
5210 9953 0
5205 9953 0
5198 9953 0
5189 9950 0
5179 9946 0
5167 9941 0
5156 9933 0
5148 9925 0
5144 9916 0
5143 9907 0
5147 9898 0
5156 9891 0
5167 9885 0
5182 9881 0
5196 9878 0
5210 9878 0
5222 9881 0
5233 9887 0
5241 9897 0
5248 9909 0
5252 9923 0
5254 9940 0
5253 9957 0
5250 9972 0
5245 9986 0
5236 9997 0
5224 10008 0
5209 10015 0
5194 10021 0
5181 10024 0
5173 10027 0
5169 10028 0
5174 10030 0
5183 10031 0
5196 10032 0
5214 10033 0
5233 10033 0
5253 10032 0
5272 10029 0
5290 10026 0
5306 10021 0
5320 10014 0
5330 10005 0
5337 9992 0
5340 9976 0
5341 9957 0
5339 9940 0
5337 9925 0
5334 9914 0
5330 9905 0
5327 9898 0
5324 9895 0
5323 9900 0
5322 9909 0
5321 9924 0
5320 9943 0
5319 9962 0
5317 9982 0
5315 10000 0
5314 10016 0
5313 10029 0
5312 10039 0
5313 10048 0
5314 10053 0
5314 10056 0
5314 10049 0
.PEN_UP
.PEN_DOWN
5271 9879 0
5274 9880 0
5282 9882 0
5298 9884 0
5324 9886 0
5356 9889 0
5389 9889 0
5416 9891 0
5435 9890 0
5444 9891 0
.PEN_UP
