.VERSION 1.0 
.HIERARCHY CHARACTER
.COORD X Y T
.SEGMENT CHARACTER 0-2 OK "18"
.H_LINE 6249 7124
.V_LINE 5000 5750
.X_DIM 750
.Y_DIM 875
.X_POINTS_PER_INCH 1000
.Y_POINTS_PER_INCH 1000
.POINTS_PER_SECOND 125
.COMMENT CALIB X: 78 Y: -34

.WRITER_INFO
 Name: GOUTHAM
 WriterId: 61
 Hand: right
 EducationLevel: high school
 Gender: male
 Profession: student
 Region: kerela
 Age: 19
 DeviceType: digimemo a402
 SkillDevice: average
 Language: hindi
 Script: indic
 Native: false
 Style: discrete
 UsageFreq: once a month
 Proficiency: average
 Date: 2007-6-25
 WritingInProfession: no

.PEN_DOWN
5518 6618 0
5515 6618 0
5509 6619 0
5501 6622 0
5492 6625 0
5484 6631 0
5474 6638 0
5463 6646 0
5452 6656 0
5443 6666 0
5434 6675 0
5428 6684 0
5425 6690 0
5424 6694 0
5426 6697 0
5430 6700 0
5436 6702 0
5443 6704 0
5451 6702 0
5464 6698 0
5477 6695 0
5488 6692 0
5495 6689 0
5499 6688 0
5496 6688 0
5493 6688 0
5490 6690 0
5487 6693 0
5484 6698 0
5479 6706 0
5471 6716 0
5463 6726 0
5458 6737 0
5455 6750 0
5452 6762 0
5450 6771 0
5450 6778 0
5452 6785 0
5456 6791 0
5463 6796 0
5474 6799 0
5487 6801 0
5501 6800 0
5517 6796 0
5534 6790 0
5549 6782 0
5562 6771 0
5573 6759 0
5582 6747 0
5588 6735 0
5592 6725 0
5594 6717 0
5595 6709 0
5595 6702 0
5595 6696 0
5592 6692 0
5590 6689 0
5588 6686 0
5584 6685 0
5579 6685 0
5573 6685 0
5566 6687 0
5558 6690 0
5548 6694 0
5539 6697 0
5532 6701 0
5527 6705 0
5522 6710 0
5518 6717 0
5516 6726 0
5516 6736 0
5520 6744 0
5527 6750 0
5536 6754 0
5547 6753 0
5559 6748 0
.PEN_UP
.PEN_DOWN
5587 6607 0
5587 6604 0
5585 6601 0
5584 6607 0
5584 6613 0
5584 6621 0
5584 6629 0
5584 6637 0
5585 6646 0
5586 6654 0
5587 6661 0
5587 6668 0
5587 6675 0
5588 6682 0
5589 6687 0
5590 6691 0
5590 6691 0
.PEN_UP
.PEN_DOWN
5474 6601 0
5467 6601 0
5459 6599 0
5450 6597 0
5442 6596 0
5435 6594 0
5431 6593 0
5428 6592 0
5435 6595 0
5448 6597 0
5466 6598 0
5490 6598 0
5518 6595 0
5549 6591 0
5576 6584 0
5607 6576 0
5640 6568 0
5670 6561 0
5695 6556 0
5714 6552 0
5729 6552 0
.PEN_UP
