.VERSION 1.0 
.HIERARCHY CHARACTER
.COORD X Y T
.SEGMENT CHARACTER 0-2 OK "71"
.H_LINE 4624 5499
.V_LINE 1999 2749
.X_DIM 749
.Y_DIM 874
.X_POINTS_PER_INCH 1000
.Y_POINTS_PER_INCH 1000
.POINTS_PER_SECOND 125
.COMMENT CALIB X: 18 Y: -25

.WRITER_INFO
 Name: GOUTHAM
 WriterId: 61
 Hand: right
 EducationLevel: high school
 Gender: male
 Profession: student
 Region: kerela
 Age: 19
 DeviceType: digimemo a402
 SkillDevice: average
 Language: hindi
 Script: indic
 Native: false
 Style: discrete
 UsageFreq: once a month
 Proficiency: average
 Date: 2007-6-25
 WritingInProfession: no

.PEN_DOWN
2334 5040 0
2331 5045 0
2328 5052 0
2326 5059 0
2326 5067 0
2326 5076 0
2327 5083 0
2329 5091 0
2331 5098 0
2333 5103 0
2334 5106 0
2334 5109 0
2330 5111 0
2326 5113 0
2321 5115 0
2314 5116 0
2307 5119 0
2300 5122 0
2294 5126 0
2289 5130 0
2285 5133 0
2282 5136 0
2281 5139 0
2281 5142 0
2283 5146 0
2286 5149 0
2290 5152 0
2295 5154 0
2301 5157 0
2309 5162 0
2317 5168 0
2324 5175 0
2329 5185 0
2332 5195 0
2332 5205 0
2329 5214 0
2325 5222 0
2319 5229 0
2312 5233 0
2305 5235 0
2298 5235 0
2288 5233 0
2281 5228 0
2275 5222 0
2269 5215 0
2264 5210 0
2262 5206 0
2262 5203 0
2265 5203 0
2269 5204 0
2274 5207 0
2281 5211 0
2288 5216 0
2296 5223 0
2306 5230 0
2317 5238 0
2328 5245 0
2340 5251 0
2350 5256 0
2360 5259 0
2370 5260 0
2378 5260 0
2385 5257 0
.PEN_UP
.PEN_DOWN
2322 5164 0
2327 5163 0
2334 5162 0
2345 5161 0
2358 5159 0
2375 5157 0
2394 5155 0
2411 5153 0
2426 5152 0
2439 5152 0
2448 5152 0
.PEN_UP
.PEN_DOWN
2274 5014 0
2271 5013 0
2268 5011 0
2265 5010 0
2268 5011 0
2272 5012 0
2278 5013 0
2284 5014 0
2295 5015 0
2311 5015 0
2330 5015 0
2350 5013 0
2373 5011 0
2398 5009 0
2423 5005 0
2443 5003 0
2458 5002 0
2468 5001 0
2473 5001 0
2473 5001 0
.PEN_UP
