.VERSION 1.0 
.HIERARCHY CHARACTER
.COORD X Y T
.SEGMENT CHARACTER 0-1 OK "5"
.H_LINE 2999 3874
.V_LINE 499 1250
.X_DIM 750
.Y_DIM 874
.X_POINTS_PER_INCH 1000
.Y_POINTS_PER_INCH 1000
.POINTS_PER_SECOND 125
.COMMENT CALIB X: -142 Y: 164

.WRITER_INFO
 Name: GARVIT
 WriterId: 36
 Hand: right
 EducationLevel: primary school
 Gender: male
 Profession: student
 Region: meerut
 Age: 14
 DeviceType: digimemo a402
 SkillDevice: average
 Language: hindi
 Script: indic
 Native: true
 Style: discrete
 UsageFreq: every day
 Proficiency: average
 Date: 2007-6-16
 WritingInProfession: yes, but limited

.PEN_DOWN
666 3503 0
662 3501 0
659 3499 0
657 3496 0
656 3493 0
657 3490 0
658 3487 0
659 3483 0
661 3479 0
664 3476 0
668 3471 0
673 3466 0
679 3459 0
686 3454 0
693 3450 0
699 3447 0
705 3444 0
712 3441 0
719 3438 0
726 3435 0
735 3433 0
745 3432 0
752 3431 0
756 3431 0
760 3432 0
766 3434 0
772 3436 0
778 3439 0
783 3442 0
787 3445 0
791 3449 0
795 3452 0
797 3456 0
799 3459 0
801 3463 0
803 3467 0
804 3470 0
805 3474 0
806 3479 0
807 3486 0
808 3493 0
808 3500 0
808 3506 0
808 3511 0
808 3515 0
808 3519 0
808 3523 0
808 3526 0
806 3529 0
805 3532 0
803 3536 0
801 3539 0
799 3543 0
796 3546 0
794 3550 0
791 3554 0
786 3557 0
782 3561 0
778 3564 0
772 3567 0
767 3569 0
762 3571 0
757 3573 0
752 3574 0
747 3575 0
743 3577 0
738 3578 0
732 3579 0
727 3580 0
722 3581 0
716 3581 0
710 3582 0
706 3582 0
710 3581 0
717 3580 0
726 3579 0
732 3578 0
739 3578 0
744 3578 0
748 3578 0
751 3578 0
754 3578 0
757 3579 0
760 3580 0
764 3582 0
769 3585 0
775 3588 0
782 3591 0
787 3594 0
791 3597 0
794 3600 0
797 3603 0
799 3606 0
800 3609 0
801 3612 0
802 3615 0
803 3618 0
804 3621 0
806 3625 0
808 3629 0
810 3632 0
811 3636 0
812 3640 0
812 3644 0
813 3647 0
813 3650 0
813 3654 0
813 3660 0
813 3666 0
812 3671 0
811 3676 0
810 3680 0
809 3684 0
807 3689 0
805 3694 0
803 3701 0
801 3708 0
799 3715 0
797 3720 0
795 3724 0
793 3729 0
791 3733 0
789 3737 0
787 3740 0
785 3744 0
783 3747 0
780 3750 0
778 3753 0
776 3756 0
774 3760 0
771 3763 0
768 3765 0
763 3768 0
757 3770 0
751 3772 0
746 3774 0
741 3775 0
737 3776 0
734 3776 0
730 3776 0
727 3777 0
724 3778 0
717 3778 0
709 3777 0
702 3776 0
696 3775 0
690 3774 0
683 3773 0
677 3772 0
673 3772 0
670 3771 0
667 3769 0
663 3767 0
658 3764 0
653 3761 0
648 3758 0
643 3755 0
639 3753 0
636 3751 0
634 3748 0
632 3745 0
630 3741 0
628 3735 0
624 3730 0
621 3726 0
619 3721 0
616 3716 0
614 3710 0
611 3705 0
609 3702 0
608 3698 0
605 3692 0
602 3686 0
598 3681 0
595 3676 0
593 3672 0
591 3668 0
589 3665 0
588 3661 0
585 3655 0
582 3648 0
579 3641 0
577 3636 0
575 3631 0
573 3627 0
572 3624 0
571 3621 0
570 3617 0
569 3614 0
568 3611 0
567 3607 0
566 3604 0
566 3604 0
.PEN_UP
.PEN_DOWN
604 3422 0
608 3421 0
615 3421 0
625 3422 0
642 3423 0
663 3424 0
687 3425 0
715 3426 0
740 3427 0
761 3428 0
774 3429 0
782 3429 0
789 3429 0
794 3429 0
798 3429 0
801 3429 0
804 3428 0
807 3428 0
810 3428 0
816 3426 0
824 3425 0
831 3425 0
835 3424 0
838 3424 0
842 3423 0
845 3422 0
848 3421 0
848 3421 0
.PEN_UP
