.VERSION 1.0 
.HIERARCHY CHARACTER
.COORD X Y T
.SEGMENT CHARACTER 0-2 OK "6"
.H_LINE 2999 3874
.V_LINE 1999 2749
.X_DIM 749
.Y_DIM 874
.X_POINTS_PER_INCH 1000
.Y_POINTS_PER_INCH 1000
.POINTS_PER_SECOND 125
.COMMENT CALIB X: -191 Y: 117

.WRITER_INFO
 Name: GARVIT
 WriterId: 36
 Hand: right
 EducationLevel: primary school
 Gender: male
 Profession: student
 Region: meerut
 Age: 14
 DeviceType: digimemo a402
 SkillDevice: average
 Language: hindi
 Script: indic
 Native: true
 Style: discrete
 UsageFreq: every day
 Proficiency: average
 Date: 2007-6-16
 WritingInProfession: yes, but limited

.PEN_DOWN
2088 3536 0
2089 3533 0
2090 3530 0
2093 3527 0
2096 3524 0
2100 3522 0
2104 3519 0
2109 3516 0
2113 3515 0
2117 3514 0
2122 3512 0
2128 3511 0
2135 3511 0
2141 3511 0
2148 3511 0
2156 3512 0
2164 3513 0
2170 3514 0
2174 3515 0
2178 3516 0
2182 3517 0
2185 3518 0
2190 3520 0
2197 3522 0
2202 3523 0
2205 3524 0
2208 3527 0
2210 3530 0
2212 3533 0
2214 3536 0
2215 3540 0
2217 3543 0
2218 3546 0
2218 3549 0
2218 3552 0
2217 3556 0
2215 3561 0
2212 3566 0
2210 3569 0
2207 3572 0
2203 3576 0
2200 3580 0
2196 3583 0
2192 3586 0
2187 3590 0
2182 3592 0
2178 3594 0
2173 3595 0
2169 3596 0
2165 3597 0
2161 3599 0
2158 3600 0
2154 3601 0
2150 3602 0
2145 3603 0
2142 3603 0
2139 3603 0
2136 3603 0
2139 3602 0
2142 3601 0
2146 3600 0
2151 3599 0
2158 3598 0
2164 3598 0
2170 3598 0
2175 3598 0
2179 3599 0
2183 3601 0
2188 3602 0
2193 3604 0
2198 3606 0
2202 3608 0
2205 3609 0
2208 3611 0
2212 3614 0
2215 3617 0
2218 3619 0
2221 3621 0
2224 3623 0
2227 3627 0
2231 3631 0
2235 3635 0
2238 3638 0
2240 3641 0
2242 3644 0
2243 3647 0
2244 3650 0
2245 3655 0
2247 3663 0
2249 3671 0
2251 3678 0
2253 3685 0
2255 3692 0
2257 3699 0
2258 3706 0
2258 3711 0
2259 3715 0
2259 3718 0
2259 3721 0
2259 3724 0
2258 3728 0
2257 3732 0
2256 3735 0
2255 3739 0
2254 3743 0
2253 3747 0
2251 3751 0
2250 3754 0
2249 3757 0
2247 3760 0
2245 3763 0
2242 3765 0
2239 3767 0
2234 3771 0
2229 3774 0
2224 3777 0
2221 3779 0
2218 3780 0
2215 3781 0
2211 3782 0
2207 3783 0
2203 3784 0
2199 3785 0
2196 3786 0
2192 3787 0
2187 3788 0
2182 3788 0
2178 3788 0
2173 3789 0
2168 3790 0
2163 3791 0
2159 3791 0
2153 3792 0
2148 3792 0
2143 3792 0
2137 3793 0
2131 3793 0
2126 3793 0
2121 3793 0
2117 3794 0
2114 3794 0
2111 3794 0
2107 3793 0
2103 3793 0
2100 3792 0
2096 3790 0
2090 3789 0
2087 3788 0
2084 3787 0
2081 3784 0
2079 3780 0
2077 3776 0
2074 3771 0
2071 3767 0
2069 3764 0
2067 3761 0
2064 3758 0
2062 3755 0
2060 3752 0
2059 3749 0
2057 3744 0
2055 3738 0
2051 3733 0
2048 3727 0
2045 3722 0
2044 3719 0
2043 3716 0
2042 3713 0
2042 3710 0
2041 3705 0
2040 3698 0
2038 3692 0
2037 3686 0
2035 3681 0
2033 3676 0
2031 3671 0
2029 3667 0
2028 3664 0
2027 3661 0
2027 3658 0
2028 3655 0
.PEN_UP
.PEN_DOWN
2185 3592 0
2190 3589 0
2194 3587 0
2198 3584 0
2203 3583 0
2206 3582 0
2209 3581 0
2212 3580 0
2217 3580 0
2224 3580 0
2232 3580 0
2241 3580 0
2249 3581 0
2256 3582 0
2262 3583 0
2268 3583 0
2272 3583 0
2275 3585 0
2278 3587 0
2281 3589 0
2284 3591 0
2288 3594 0
2295 3597 0
2300 3600 0
2304 3602 0
2307 3604 0
2308 3607 0
2310 3610 0
2312 3614 0
2313 3617 0
2314 3621 0
2316 3626 0
2317 3630 0
2319 3635 0
2320 3639 0
2321 3642 0
2322 3645 0
2323 3648 0
2324 3651 0
2324 3654 0
2325 3657 0
2325 3661 0
2325 3664 0
2326 3668 0
2326 3672 0
2327 3676 0
2327 3679 0
2327 3683 0
2327 3686 0
2328 3690 0
2328 3694 0
2329 3698 0
2329 3701 0
2329 3704 0
2330 3708 0
2330 3712 0
2330 3716 0
2330 3720 0
2330 3725 0
2330 3729 0
2330 3732 0
2330 3735 0
2329 3739 0
2328 3742 0
2327 3745 0
2326 3748 0
2325 3751 0
2323 3754 0
2321 3758 0
2319 3761 0
2317 3764 0
2316 3767 0
2315 3770 0
2313 3773 0
2311 3776 0
2309 3779 0
2307 3782 0
2304 3785 0
2301 3787 0
2297 3790 0
2294 3792 0
2291 3794 0
2288 3796 0
2288 3796 0
.PEN_UP
.PEN_DOWN
2034 3499 0
2037 3498 0
2040 3497 0
2043 3497 0
2049 3498 0
2056 3499 0
2065 3501 0
2074 3502 0
2084 3503 0
2097 3504 0
2113 3505 0
2130 3506 0
2151 3507 0
2171 3508 0
2191 3507 0
2208 3507 0
2223 3507 0
2235 3507 0
2245 3507 0
2253 3507 0
2259 3507 0
2265 3506 0
2272 3505 0
2278 3505 0
2282 3505 0
2285 3505 0
2288 3505 0
2292 3507 0
.PEN_UP
