.VERSION 1.0 
.HIERARCHY CHARACTER
.COORD X Y T
.SEGMENT CHARACTER 0-1 OK "39"
.H_LINE 2999 3874
.V_LINE 6500 7250
.X_DIM 750
.Y_DIM 874
.X_POINTS_PER_INCH 1000
.Y_POINTS_PER_INCH 1000
.POINTS_PER_SECOND 125
.COMMENT CALIB X: -203 Y: 136

.WRITER_INFO
 Name: GARVIT
 WriterId: 36
 Hand: right
 EducationLevel: primary school
 Gender: male
 Profession: student
 Region: meerut
 Age: 14
 DeviceType: digimemo a402
 SkillDevice: average
 Language: hindi
 Script: indic
 Native: true
 Style: discrete
 UsageFreq: every day
 Proficiency: average
 Date: 2007-6-16
 WritingInProfession: yes, but limited

.PEN_DOWN
6792 3620 0
6791 3617 0
6793 3621 0
6794 3627 0
6795 3637 0
6797 3649 0
6799 3661 0
6801 3676 0
6802 3692 0
6803 3710 0
6804 3728 0
6804 3744 0
6803 3760 0
6802 3775 0
6801 3787 0
6800 3797 0
6800 3805 0
6800 3813 0
6800 3819 0
6800 3822 0
6801 3818 0
6802 3810 0
6802 3802 0
6802 3795 0
6802 3786 0
6801 3778 0
6801 3770 0
6801 3761 0
6800 3754 0
6799 3746 0
6798 3737 0
6796 3729 0
6792 3718 0
6785 3707 0
6777 3697 0
6768 3688 0
6760 3682 0
6754 3678 0
6748 3676 0
6744 3675 0
6741 3678 0
6737 3686 0
6732 3695 0
6727 3703 0
6723 3712 0
6720 3720 0
6717 3728 0
6714 3735 0
6712 3744 0
6710 3752 0
6709 3758 0
6708 3763 0
6708 3766 0
6708 3761 0
6707 3754 0
6706 3743 0
6704 3729 0
6700 3714 0
6694 3699 0
6689 3688 0
6684 3678 0
6679 3669 0
6674 3662 0
6670 3658 0
6667 3655 0
6664 3653 0
6658 3651 0
6650 3651 0
6640 3653 0
6631 3656 0
6623 3663 0
6614 3672 0
6607 3684 0
6601 3697 0
6597 3711 0
6593 3724 0
6590 3737 0
6588 3750 0
6588 3764 0
6589 3777 0
6591 3788 0
6594 3796 0
6598 3804 0
6605 3810 0
6612 3814 0
6622 3817 0
6635 3820 0
6651 3822 0
6664 3822 0
6676 3820 0
6687 3817 0
6701 3814 0
.PEN_UP
.PEN_DOWN
6615 3577 0
6622 3576 0
6634 3575 0
6653 3576 0
6676 3576 0
6701 3575 0
6726 3576 0
6754 3577 0
6780 3579 0
6804 3582 0
6827 3583 0
6849 3583 0
6867 3584 0
6880 3584 0
6887 3583 0
6890 3583 0
6887 3583 0
6880 3584 0
6872 3584 0
.PEN_UP
