.VERSION 1.0 
.HIERARCHY CHARACTER
.COORD X Y T
.SEGMENT CHARACTER 0-3 OK "45"
.H_LINE 6249 7124
.V_LINE 499 1250
.X_DIM 750
.Y_DIM 875
.X_POINTS_PER_INCH 1000
.Y_POINTS_PER_INCH 1000
.POINTS_PER_SECOND 125
.COMMENT CALIB X: -181 Y: 119

.WRITER_INFO
 Name: GARVIT
 WriterId: 36
 Hand: right
 EducationLevel: primary school
 Gender: male
 Profession: student
 Region: meerut
 Age: 14
 DeviceType: digimemo a402
 SkillDevice: average
 Language: hindi
 Script: indic
 Native: true
 Style: discrete
 UsageFreq: every day
 Proficiency: average
 Date: 2007-6-16
 WritingInProfession: yes, but limited

.PEN_DOWN
773 6696 0
771 6693 0
769 6690 0
767 6695 0
767 6702 0
767 6709 0
767 6718 0
768 6729 0
769 6742 0
770 6755 0
770 6768 0
770 6781 0
770 6792 0
770 6804 0
770 6817 0
769 6830 0
769 6840 0
769 6849 0
770 6857 0
771 6863 0
772 6868 0
773 6871 0
772 6867 0
771 6859 0
777 6849 0
.PEN_UP
.PEN_DOWN
721 6767 0
717 6766 0
712 6766 0
704 6766 0
697 6765 0
691 6763 0
683 6760 0
673 6755 0
661 6749 0
647 6742 0
632 6732 0
618 6721 0
606 6707 0
592 6687 0
583 6670 0
578 6656 0
576 6645 0
576 6635 0
577 6626 0
579 6618 0
583 6610 0
587 6603 0
593 6596 0
602 6591 0
612 6588 0
623 6587 0
633 6588 0
644 6592 0
654 6599 0
661 6606 0
664 6613 0
666 6623 0
665 6635 0
663 6646 0
659 6662 0
653 6677 0
645 6692 0
636 6706 0
628 6720 0
619 6734 0
612 6745 0
605 6755 0
600 6764 0
596 6771 0
594 6777 0
592 6783 0
591 6789 0
591 6795 0
591 6801 0
592 6806 0
594 6811 0
596 6815 0
601 6819 0
608 6821 0
615 6823 0
623 6823 0
633 6822 0
644 6820 0
653 6819 0
660 6818 0
664 6816 0
667 6813 0
668 6809 0
669 6806 0
669 6803 0
667 6806 0
666 6811 0
665 6817 0
665 6822 0
666 6829 0
666 6837 0
666 6846 0
665 6856 0
665 6866 0
664 6875 0
664 6884 0
664 6893 0
664 6901 0
664 6909 0
664 6917 0
664 6924 0
663 6930 0
661 6934 0
659 6938 0
656 6940 0
652 6941 0
647 6939 0
642 6936 0
638 6929 0
634 6918 0
632 6909 0
634 6895 0
.PEN_UP
.PEN_DOWN
774 6593 0
771 6594 0
767 6599 0
764 6605 0
762 6614 0
761 6625 0
760 6636 0
759 6648 0
759 6663 0
758 6680 0
759 6695 0
760 6708 0
760 6720 0
761 6731 0
762 6740 0
762 6746 0
762 6751 0
762 6754 0
761 6751 0
760 6746 0
758 6740 0
760 6733 0
.PEN_UP
.PEN_DOWN
641 6587 0
644 6586 0
652 6584 0
666 6583 0
687 6581 0
712 6580 0
737 6580 0
763 6579 0
784 6578 0
802 6577 0
817 6575 0
830 6574 0
839 6573 0
844 6573 0
847 6572 0
847 6572 0
.PEN_UP
