.VERSION 1.0 
.HIERARCHY CHARACTER
.COORD X Y T
.SEGMENT CHARACTER 0-1 OK "56"
.H_LINE 9500 10374
.V_LINE 1999 2749
.X_DIM 749
.Y_DIM 874
.X_POINTS_PER_INCH 1000
.Y_POINTS_PER_INCH 1000
.POINTS_PER_SECOND 125
.COMMENT CALIB X: -147 Y: 122

.WRITER_INFO
 Name: GARVIT
 WriterId: 36
 Hand: right
 EducationLevel: primary school
 Gender: male
 Profession: student
 Region: meerut
 Age: 14
 DeviceType: digimemo a402
 SkillDevice: average
 Language: hindi
 Script: indic
 Native: true
 Style: discrete
 UsageFreq: every day
 Proficiency: average
 Date: 2007-6-16
 WritingInProfession: yes, but limited

.PEN_DOWN
2268 9935 0
2268 9939 0
2268 9944 0
2268 9950 0
2267 9957 0
2267 9964 0
2267 9971 0
2266 9979 0
2266 9986 0
2266 9993 0
2266 9999 0
2266 10007 0
2266 10016 0
2266 10024 0
2266 10031 0
2266 10039 0
2267 10045 0
2268 10051 0
2268 10055 0
2269 10059 0
2270 10064 0
2271 10068 0
2271 10072 0
2272 10076 0
2272 10082 0
2272 10088 0
2272 10093 0
2272 10098 0
2273 10102 0
2273 10105 0
2273 10108 0
2273 10111 0
2274 10108 0
2275 10104 0
2277 10098 0
2280 10092 0
.PEN_UP
.PEN_DOWN
2271 9913 0
2271 9910 0
2271 9907 0
2271 9904 0
2271 9900 0
2271 9896 0
2267 9893 0
2264 9890 0
2262 9886 0
2260 9883 0
2258 9879 0
2255 9874 0
2250 9867 0
2244 9860 0
2237 9853 0
2230 9846 0
2220 9837 0
2210 9829 0
2201 9821 0
2193 9816 0
2186 9813 0
2180 9809 0
2174 9806 0
2167 9803 0
2161 9801 0
2156 9799 0
2151 9796 0
2145 9794 0
2140 9793 0
2137 9792 0
2134 9796 0
2132 9800 0
2131 9803 0
2130 9806 0
2130 9810 0
2130 9813 0
2130 9816 0
2130 9819 0
2130 9822 0
2131 9825 0
2134 9828 0
2137 9829 0
2141 9830 0
2148 9831 0
2156 9832 0
2166 9832 0
2175 9832 0
2184 9832 0
2194 9832 0
2202 9832 0
2206 9832 0
2206 9832 0
.PEN_UP
