.VERSION 1.0 
.HIERARCHY CHARACTER
.COORD X Y T
.SEGMENT CHARACTER 0-2 OK "72"
.H_LINE 4624 5499
.V_LINE 3500 4250
.X_DIM 750
.Y_DIM 874
.X_POINTS_PER_INCH 1000
.Y_POINTS_PER_INCH 1000
.POINTS_PER_SECOND 125
.COMMENT CALIB X: -168 Y: 85

.WRITER_INFO
 Name: GARVIT
 WriterId: 36
 Hand: right
 EducationLevel: primary school
 Gender: male
 Profession: student
 Region: meerut
 Age: 14
 DeviceType: digimemo a402
 SkillDevice: average
 Language: hindi
 Script: indic
 Native: true
 Style: discrete
 UsageFreq: every day
 Proficiency: average
 Date: 2007-6-16
 WritingInProfession: yes, but limited

.PEN_DOWN
3747 5245 0
3743 5246 0
3738 5246 0
3731 5246 0
3725 5246 0
3717 5246 0
3709 5245 0
3703 5245 0
3699 5245 0
3699 5245 0
.PEN_UP
.PEN_DOWN
3636 5211 0
3632 5212 0
3627 5212 0
3631 5212 0
3635 5213 0
3639 5214 0
3643 5215 0
3647 5216 0
3650 5218 0
3653 5220 0
3656 5222 0
3660 5224 0
3664 5226 0
3668 5229 0
3673 5232 0
3677 5235 0
3680 5238 0
3683 5241 0
3686 5244 0
3687 5247 0
3688 5250 0
3688 5253 0
3688 5256 0
3688 5259 0
3688 5263 0
3688 5266 0
3688 5269 0
3688 5272 0
3687 5276 0
3686 5279 0
3685 5283 0
3684 5286 0
3682 5291 0
3679 5294 0
3677 5298 0
3674 5301 0
3672 5304 0
3671 5307 0
3668 5310 0
3665 5313 0
3662 5315 0
3658 5317 0
3654 5319 0
3651 5321 0
3647 5322 0
3642 5323 0
3636 5324 0
3629 5325 0
3624 5325 0
3620 5324 0
3617 5323 0
3614 5321 0
3610 5318 0
3607 5315 0
3604 5313 0
3601 5310 0
3598 5307 0
3595 5304 0
3592 5300 0
3589 5295 0
3586 5292 0
3584 5289 0
3582 5286 0
3581 5282 0
3578 5278 0
3575 5274 0
3571 5271 0
3568 5268 0
3565 5265 0
3561 5260 0
3554 5255 0
3549 5251 0
3545 5249 0
3542 5246 0
3543 5243 0
.PEN_UP
.PEN_DOWN
3614 5148 0
3618 5146 0
3621 5146 0
3625 5146 0
3631 5147 0
3640 5147 0
3653 5148 0
3668 5149 0
3681 5150 0
3695 5151 0
3709 5152 0
3723 5152 0
3736 5153 0
3746 5153 0
3751 5153 0
3769 5151 0
.PEN_UP
