.VERSION 1.0 
.HIERARCHY CHARACTER
.COORD X Y T
.SEGMENT CHARACTER 0-2 OK "93"
.H_LINE 1374 2249
.V_LINE 5000 5750
.X_DIM 750
.Y_DIM 874
.X_POINTS_PER_INCH 1000
.Y_POINTS_PER_INCH 1000
.POINTS_PER_SECOND 125
.COMMENT CALIB X: -94 Y: -233

.WRITER_INFO
 Name: GARVIT
 WriterId: 36
 Hand: right
 EducationLevel: primary school
 Gender: male
 Profession: student
 Region: meerut
 Age: 14
 DeviceType: digimemo a402
 SkillDevice: average
 Language: hindi
 Script: indic
 Native: true
 Style: discrete
 UsageFreq: every day
 Proficiency: average
 Date: 2007-6-16
 WritingInProfession: yes, but limited

.PEN_DOWN
5181 1665 0
5182 1668 0
5182 1672 0
5182 1676 0
5183 1680 0
5184 1686 0
5185 1692 0
5185 1697 0
5186 1701 0
5187 1705 0
5188 1709 0
5189 1712 0
5188 1709 0
5186 1706 0
5183 1704 0
5180 1703 0
5176 1701 0
5168 1699 0
5162 1698 0
5156 1698 0
5153 1697 0
5150 1697 0
5147 1698 0
5144 1699 0
5141 1702 0
5139 1707 0
5137 1710 0
5136 1713 0
5135 1716 0
5135 1719 0
5135 1722 0
5134 1725 0
5134 1728 0
5134 1731 0
5134 1735 0
5134 1739 0
5135 1742 0
5136 1745 0
5137 1748 0
5138 1751 0
5140 1755 0
5141 1758 0
5143 1761 0
5144 1764 0
5146 1767 0
5147 1770 0
5148 1773 0
5151 1775 0
5152 1778 0
5154 1781 0
5156 1784 0
5160 1785 0
5163 1786 0
5167 1787 0
5171 1787 0
5174 1787 0
5178 1787 0
5182 1787 0
5187 1787 0
5194 1787 0
5199 1786 0
5202 1786 0
5205 1786 0
5208 1786 0
5212 1786 0
5218 1786 0
5223 1786 0
5227 1787 0
5230 1788 0
5233 1787 0
5234 1780 0
5234 1780 0
.PEN_UP
.PEN_DOWN
5155 1805 0
5153 1809 0
5151 1813 0
5149 1818 0
5147 1824 0
5145 1831 0
5143 1837 0
5141 1843 0
5139 1847 0
5138 1851 0
5137 1854 0
5136 1857 0
5136 1860 0
5136 1863 0
5136 1866 0
5136 1869 0
5136 1872 0
5136 1876 0
5137 1879 0
5139 1883 0
5141 1887 0
5145 1891 0
5150 1895 0
5154 1899 0
5158 1902 0
5162 1904 0
5167 1906 0
5171 1908 0
5175 1910 0
5178 1911 0
5183 1912 0
5190 1913 0
5197 1913 0
5202 1913 0
5206 1913 0
5210 1913 0
5216 1913 0
5221 1913 0
5226 1913 0
5231 1914 0
5235 1914 0
5238 1914 0
5241 1915 0
5244 1916 0
5247 1915 0
.PEN_UP
.PEN_DOWN
5090 1651 0
5095 1649 0
5103 1648 0
5116 1647 0
5133 1646 0
5148 1646 0
5163 1646 0
5179 1646 0
5196 1646 0
5212 1646 0
5226 1646 0
5237 1646 0
5245 1646 0
5250 1646 0
5253 1646 0
5247 1648 0
.PEN_UP
