.VERSION 1.0 
.HIERARCHY CHARACTER
.COORD X Y T
.SEGMENT CHARACTER 0-1 OK "99"
.H_LINE 2999 3874
.V_LINE 6500 7250
.X_DIM 750
.Y_DIM 874
.X_POINTS_PER_INCH 1000
.Y_POINTS_PER_INCH 1000
.POINTS_PER_SECOND 125
.COMMENT CALIB X: -20 Y: -301

.WRITER_INFO
 Name: GARVIT
 WriterId: 36
 Hand: right
 EducationLevel: primary school
 Gender: male
 Profession: student
 Region: meerut
 Age: 14
 DeviceType: digimemo a402
 SkillDevice: average
 Language: hindi
 Script: indic
 Native: true
 Style: discrete
 UsageFreq: every day
 Proficiency: average
 Date: 2007-6-16
 WritingInProfession: yes, but limited

.PEN_DOWN
6795 3159 0
6795 3163 0
6795 3169 0
6795 3178 0
6795 3187 0
6795 3198 0
6795 3213 0
6795 3229 0
6794 3244 0
6794 3258 0
6794 3272 0
6793 3285 0
6792 3295 0
6791 3302 0
6791 3307 0
6790 3310 0
6791 3307 0
6791 3303 0
6791 3300 0
6791 3297 0
6789 3294 0
6785 3290 0
6780 3285 0
6773 3281 0
6767 3278 0
6763 3276 0
6760 3274 0
6757 3272 0
6754 3271 0
6750 3271 0
6746 3272 0
6743 3272 0
6740 3273 0
6738 3276 0
6736 3279 0
6733 3282 0
6730 3285 0
6727 3287 0
6725 3290 0
6723 3293 0
6721 3297 0
6718 3301 0
6716 3304 0
6714 3309 0
6713 3313 0
6711 3317 0
6710 3321 0
6709 3324 0
6708 3327 0
6708 3330 0
6708 3333 0
6708 3336 0
6709 3339 0
6710 3342 0
6712 3345 0
6716 3347 0
6719 3349 0
6723 3351 0
6729 3353 0
6735 3355 0
6740 3356 0
6745 3357 0
6750 3358 0
6756 3359 0
6759 3359 0
6762 3359 0
6759 3359 0
6755 3360 0
6751 3360 0
6747 3360 0
6744 3361 0
6741 3362 0
6738 3364 0
6735 3367 0
6731 3370 0
6728 3373 0
6725 3375 0
6722 3378 0
6719 3380 0
6717 3384 0
6716 3387 0
6715 3391 0
6714 3395 0
6714 3400 0
6713 3404 0
6713 3407 0
6712 3410 0
6712 3414 0
6712 3417 0
6714 3420 0
6717 3424 0
6720 3428 0
6723 3433 0
6726 3437 0
6730 3442 0
6735 3446 0
6738 3450 0
6742 3453 0
6744 3456 0
6748 3459 0
6751 3460 0
6754 3461 0
6758 3461 0
6762 3461 0
6766 3461 0
6770 3461 0
6774 3460 0
6778 3459 0
6781 3458 0
6784 3456 0
6788 3454 0
6793 3453 0
6797 3452 0
6801 3450 0
6804 3449 0
6807 3448 0
6810 3447 0
6812 3443 0
6814 3439 0
6816 3436 0
6817 3433 0
6818 3430 0
6819 3427 0
6820 3424 0
6820 3421 0
6820 3418 0
6820 3415 0
6819 3412 0
6816 3412 0
6813 3414 0
6811 3417 0
6809 3420 0
6808 3423 0
6808 3426 0
6808 3430 0
6808 3435 0
6809 3440 0
6810 3444 0
6811 3449 0
6813 3454 0
6815 3458 0
6816 3462 0
6817 3465 0
6818 3469 0
6819 3473 0
6819 3477 0
6820 3482 0
6821 3490 0
6821 3498 0
6822 3504 0
6823 3509 0
6824 3513 0
6825 3516 0
6825 3519 0
6826 3522 0
6829 3522 0
6832 3520 0
6835 3517 0
6899 3513 0
.PEN_UP
.PEN_DOWN
6677 3143 0
6684 3144 0
6696 3143 0
6709 3143 0
6724 3144 0
6738 3146 0
6754 3147 0
6775 3148 0
6801 3149 0
6831 3150 0
6864 3151 0
6889 3151 0
6907 3150 0
6918 3150 0
6924 3150 0
6927 3150 0
6927 3150 0
.PEN_UP
