.VERSION 1.0 
.HIERARCHY CHARACTER
.COORD X Y T
.SEGMENT CHARACTER 0-2 OK "101"
.H_LINE 4624 5499
.V_LINE 1999 2749
.X_DIM 749
.Y_DIM 874
.X_POINTS_PER_INCH 1000
.Y_POINTS_PER_INCH 1000
.POINTS_PER_SECOND 125
.COMMENT CALIB X: -184 Y: 109

.WRITER_INFO
 Name: GARVIT
 WriterId: 36
 Hand: right
 EducationLevel: primary school
 Gender: male
 Profession: student
 Region: meerut
 Age: 14
 DeviceType: digimemo a402
 SkillDevice: average
 Language: hindi
 Script: indic
 Native: true
 Style: discrete
 UsageFreq: every day
 Proficiency: average
 Date: 2007-6-16
 WritingInProfession: yes, but limited

.PEN_DOWN
2091 5035 0
2090 5038 0
2090 5041 0
2090 5045 0
2090 5050 0
2090 5055 0
2090 5061 0
2091 5069 0
2092 5078 0
2093 5087 0
2093 5096 0
2094 5104 0
2094 5110 0
2093 5115 0
2093 5118 0
2093 5114 0
2093 5111 0
2092 5108 0
2092 5105 0
2091 5100 0
2089 5095 0
2086 5091 0
2084 5087 0
2079 5083 0
2074 5080 0
2070 5078 0
2067 5076 0
2063 5075 0
2060 5075 0
2055 5079 0
2051 5084 0
2047 5088 0
2044 5091 0
2041 5094 0
2039 5098 0
2035 5104 0
2032 5109 0
2030 5116 0
2028 5122 0
2026 5129 0
2025 5136 0
2024 5141 0
2023 5146 0
2023 5151 0
2023 5154 0
2023 5157 0
2023 5160 0
2023 5163 0
2024 5167 0
2025 5170 0
2027 5173 0
2031 5177 0
2036 5181 0
2040 5183 0
2045 5185 0
2049 5187 0
2053 5188 0
2056 5189 0
2059 5190 0
2063 5190 0
2066 5191 0
2070 5191 0
2074 5189 0
2078 5188 0
2083 5187 0
2087 5186 0
2090 5186 0
2093 5186 0
2090 5187 0
2087 5188 0
2082 5189 0
2077 5191 0
2073 5193 0
2070 5196 0
2067 5198 0
2063 5202 0
2059 5206 0
2056 5209 0
2054 5212 0
2052 5215 0
2051 5218 0
2050 5221 0
2049 5225 0
2048 5228 0
2048 5232 0
2048 5235 0
2048 5238 0
2049 5242 0
2050 5245 0
2052 5248 0
2056 5251 0
2060 5254 0
2064 5257 0
2067 5259 0
2070 5261 0
2073 5262 0
2076 5263 0
2080 5264 0
2084 5264 0
2089 5263 0
2094 5262 0
2100 5261 0
2107 5258 0
2114 5254 0
2120 5251 0
2125 5248 0
2131 5244 0
2138 5239 0
2145 5233 0
2151 5227 0
2158 5220 0
2166 5213 0
2172 5207 0
2177 5201 0
2183 5193 0
2189 5185 0
2193 5179 0
2196 5174 0
2199 5164 0
2202 5154 0
2204 5146 0
2205 5139 0
2206 5130 0
2208 5120 0
2209 5111 0
2210 5103 0
2210 5097 0
2210 5094 0
2206 5097 0
2203 5101 0
2199 5107 0
2195 5113 0
2192 5120 0
2190 5126 0
2189 5133 0
2189 5139 0
2189 5145 0
2189 5153 0
2189 5163 0
2189 5172 0
2190 5181 0
2190 5188 0
2191 5196 0
2191 5203 0
2191 5210 0
2191 5217 0
2191 5225 0
2191 5232 0
2192 5237 0
2193 5243 0
2193 5248 0
2193 5254 0
2193 5260 0
2192 5266 0
2191 5269 0
2190 5272 0
2190 5275 0
2190 5278 0
2189 5281 0
2189 5284 0
2187 5289 0
2185 5293 0
2183 5297 0
2182 5300 0
2181 5303 0
2181 5306 0
2179 5302 0
2177 5295 0
.PEN_UP
.PEN_DOWN
1970 5025 0
1973 5025 0
1979 5025 0
1991 5025 0
2004 5025 0
2020 5025 0
2039 5025 0
2057 5025 0
2074 5026 0
2093 5026 0
2115 5025 0
2135 5025 0
2156 5024 0
2181 5024 0
2205 5024 0
2225 5024 0
2239 5024 0
2248 5024 0
2254 5024 0
2259 5024 0
2262 5024 0
2265 5024 0
2270 5023 0
.PEN_UP
.PEN_DOWN
2195 5040 0
2195 5043 0
2195 5048 0
2195 5054 0
2195 5059 0
2195 5067 0
2195 5078 0
2195 5090 0
2195 5102 0
2190 5115 0
2186 5128 0
2188 5140 0
.PEN_UP
