.VERSION 1.0 
.HIERARCHY CHARACTER
.COORD X Y T
.SEGMENT CHARACTER 0-4 OK "7"
.H_LINE 2999 3874
.V_LINE 3500 4250
.X_DIM 750
.Y_DIM 874
.X_POINTS_PER_INCH 1000
.Y_POINTS_PER_INCH 1000
.POINTS_PER_SECOND 125
.COMMENT CALIB X: -2 Y: -55

.WRITER_INFO
 Name: S. ANAND
 WriterId: 11
 Hand: right
 EducationLevel: college graduate
 Gender: male
 Profession: student
 Region: mumbai
 Age: 23
 DeviceType: digimemo a402
 SkillDevice: average
 Language: hindi
 Script: indic
 Native: false
 Style: discrete
 UsageFreq: once a month
 Proficiency: good
 Date: 2007-6-11
 WritingInProfession: no

.PEN_DOWN
3858 3372 0
3858 3376 0
3857 3383 0
3856 3396 0
3856 3412 0
3855 3433 0
3854 3458 0
3853 3482 0
3852 3502 0
3853 3519 0
3855 3532 0
3856 3542 0
3856 3549 0
3856 3552 0
3855 3588 0
.PEN_UP
.PEN_DOWN
3858 3469 0
3857 3466 0
3855 3460 0
3851 3451 0
3846 3440 0
3839 3428 0
3829 3415 0
3819 3403 0
3809 3391 0
3800 3382 0
3791 3373 0
3783 3367 0
3778 3364 0
3775 3363 0
3774 3391 0
.PEN_UP
.PEN_DOWN
3844 3417 0
3839 3419 0
3833 3421 0
3826 3424 0
3818 3431 0
3808 3440 0
3797 3451 0
3788 3463 0
3779 3475 0
3771 3488 0
3762 3500 0
3755 3509 0
3750 3516 0
3747 3521 0
3786 3524 0
.PEN_UP
.PEN_DOWN
3869 3419 0
3865 3423 0
3863 3429 0
3862 3435 0
3862 3443 0
3865 3451 0
3869 3459 0
3876 3467 0
3885 3472 0
3895 3476 0
3905 3477 0
3916 3475 0
3928 3470 0
3940 3462 0
3951 3452 0
3961 3441 0
3968 3429 0
3972 3417 0
3974 3407 0
3973 3399 0
3970 3393 0
3967 3388 0
3963 3386 0
3959 3385 0
3955 3385 0
3952 3387 0
3950 3390 0
3950 3394 0
3952 3398 0
3956 3403 0
3963 3408 0
3971 3411 0
3979 3414 0
3988 3416 0
3996 3418 0
4002 3419 0
4005 3420 0
4005 3423 0
4004 3429 0
4002 3437 0
3998 3449 0
3993 3464 0
3987 3483 0
3982 3502 0
3978 3518 0
3977 3532 0
3978 3543 0
3982 3551 0
3988 3556 0
3996 3557 0
4005 3554 0
4016 3556 0
.PEN_UP
.PEN_DOWN
3804 3342 0
3808 3343 0
3816 3345 0
3831 3345 0
3853 3345 0
3882 3344 0
3912 3342 0
3942 3339 0
3968 3336 0
3988 3333 0
4005 3330 0
4017 3328 0
4026 3326 0
4032 3325 0
4036 3326 0
.PEN_UP
