.VERSION 1.0 
.HIERARCHY CHARACTER
.COORD X Y T
.SEGMENT CHARACTER 0-1 OK "88"
.H_LINE 9500 10374
.V_LINE 5000 5750
.X_DIM 750
.Y_DIM 874
.X_POINTS_PER_INCH 1000
.Y_POINTS_PER_INCH 1000
.POINTS_PER_SECOND 125
.COMMENT CALIB X: -7 Y: -77

.WRITER_INFO
 Name: S. ANAND
 WriterId: 11
 Hand: right
 EducationLevel: college graduate
 Gender: male
 Profession: student
 Region: mumbai
 Age: 23
 DeviceType: digimemo a402
 SkillDevice: average
 Language: hindi
 Script: indic
 Native: false
 Style: discrete
 UsageFreq: once a month
 Proficiency: good
 Date: 2007-6-11
 WritingInProfession: no

.PEN_DOWN
5304 9975 0
5305 9979 0
5305 9982 0
5305 9985 0
5305 9988 0
5302 9986 0
5299 9981 0
5295 9974 0
5292 9966 0
5289 9957 0
5286 9948 0
5284 9939 0
5283 9932 0
5283 9926 0
5284 9921 0
5285 9915 0
5287 9909 0
5290 9903 0
5293 9899 0
5297 9895 0
5303 9892 0
5308 9889 0
5316 9887 0
5325 9888 0
5334 9890 0
5342 9893 0
5351 9897 0
5359 9903 0
5366 9911 0
5374 9918 0
5379 9926 0
5384 9934 0
5387 9942 0
5390 9949 0
5392 9955 0
5394 9960 0
5394 9964 0
5393 9961 0
5392 9955 0
5389 9948 0
5386 9940 0
5384 9932 0
5383 9924 0
5383 9917 0
5383 9910 0
5386 9902 0
5391 9894 0
5397 9887 0
5404 9882 0
5411 9878 0
5416 9876 0
5422 9876 0
5431 9877 0
5439 9878 0
5447 9880 0
5455 9883 0
5461 9886 0
5465 9890 0
5469 9894 0
5472 9897 0
5474 9900 0
5474 9900 0
.PEN_UP
.PEN_DOWN
5304 9777 0
5301 9777 0
5307 9776 0
5319 9775 0
5337 9774 0
5359 9772 0
5384 9770 0
5410 9769 0
5437 9767 0
5460 9764 0
5478 9762 0
5491 9760 0
5498 9759 0
5502 9758 0
5502 9758 0
.PEN_UP
