.VERSION 1.0 
.HIERARCHY CHARACTER
.COORD X Y T
.SEGMENT CHARACTER 0-2 OK "1"
.H_LINE 1374 2249
.V_LINE 1999 2749
.X_DIM 749
.Y_DIM 874
.X_POINTS_PER_INCH 1000
.Y_POINTS_PER_INCH 1000
.POINTS_PER_SECOND 125
.COMMENT CALIB X: -2 Y: -96

.WRITER_INFO
 Name: GOKUL KRISHNA
 WriterId: 69
 Hand: right
 EducationLevel: college graduate
 Gender: male
 Profession: student
 Region: visakhapatnam
 Age: 22
 DeviceType: digimemo a402
 SkillDevice: average
 Language: hindi
 Script: indic
 Native: false
 Style: discrete
 UsageFreq: rarely
 Proficiency: average
 Date: 2007-6-27
 WritingInProfession: no

.PEN_DOWN
2102 1619 0
2100 1616 0
2099 1612 0
2099 1608 0
2101 1604 0
2104 1600 0
2110 1596 0
2121 1594 0
2137 1593 0
2155 1594 0
2172 1597 0
2187 1603 0
2200 1611 0
2210 1622 0
2215 1633 0
2216 1646 0
2213 1659 0
2208 1671 0
2200 1680 0
2193 1686 0
2187 1689 0
2184 1691 0
2187 1692 0
2193 1695 0
2202 1699 0
2213 1706 0
2225 1713 0
2237 1722 0
2246 1731 0
2254 1740 0
2260 1749 0
2263 1759 0
2264 1768 0
2260 1779 0
2253 1788 0
2241 1797 0
2225 1804 0
2205 1809 0
2184 1812 0
2162 1813 0
2143 1813 0
2129 1811 0
2119 1808 0
2113 1804 0
2111 1800 0
2111 1795 0
.PEN_UP
.PEN_DOWN
2197 1668 0
2200 1672 0
2205 1676 0
2213 1680 0
2225 1684 0
2238 1687 0
2252 1688 0
2269 1686 0
2287 1682 0
2306 1677 0
2323 1669 0
2337 1659 0
2349 1646 0
2358 1631 0
2362 1615 0
2363 1602 0
2362 1593 0
2360 1588 0
2357 1583 0
2359 1591 0
2362 1604 0
2366 1620 0
2370 1639 0
2374 1662 0
2378 1688 0
2381 1711 0
2384 1732 0
2386 1750 0
2388 1765 0
2389 1777 0
2388 1785 0
2386 1790 0
2383 1799 0
2379 1794 0
.PEN_UP
.PEN_DOWN
2235 1586 0
2229 1586 0
2223 1586 0
2219 1586 0
2222 1585 0
2233 1583 0
2250 1581 0
2277 1576 0
2327 1572 0
2380 1568 0
2427 1565 0
2464 1562 0
2489 1561 0
2504 1561 0
2513 1562 0
2517 1563 0
2517 1563 0
.PEN_UP
