.VERSION 1.0 
.HIERARCHY CHARACTER
.COORD X Y T
.SEGMENT CHARACTER 0-2 OK "18"
.H_LINE 6249 7124
.V_LINE 5000 5750
.X_DIM 750
.Y_DIM 875
.X_POINTS_PER_INCH 1000
.Y_POINTS_PER_INCH 1000
.POINTS_PER_SECOND 125
.COMMENT CALIB X: 39 Y: -187

.WRITER_INFO
 Name: GOKUL KRISHNA
 WriterId: 69
 Hand: right
 EducationLevel: college graduate
 Gender: male
 Profession: student
 Region: visakhapatnam
 Age: 22
 DeviceType: digimemo a402
 SkillDevice: average
 Language: hindi
 Script: indic
 Native: false
 Style: discrete
 UsageFreq: rarely
 Proficiency: average
 Date: 2007-6-27
 WritingInProfession: no

.PEN_DOWN
5302 6522 0
5302 6519 0
5302 6525 0
5303 6535 0
5305 6545 0
5307 6554 0
5309 6562 0
5310 6568 0
5311 6573 0
5312 6577 0
5311 6574 0
5310 6571 0
5309 6568 0
5307 6565 0
5302 6563 0
5298 6562 0
5292 6561 0
5285 6562 0
5277 6564 0
5268 6566 0
5259 6569 0
5250 6574 0
5240 6581 0
5231 6589 0
5224 6598 0
5218 6608 0
5215 6618 0
5214 6627 0
5216 6636 0
5221 6644 0
5227 6651 0
5235 6657 0
5245 6662 0
5256 6665 0
5267 6668 0
5278 6670 0
5287 6672 0
5294 6673 0
5299 6673 0
5302 6673 0
5299 6673 0
5296 6673 0
5293 6673 0
5290 6673 0
5286 6673 0
5283 6673 0
5279 6674 0
5276 6675 0
5272 6677 0
5268 6680 0
5264 6684 0
5260 6688 0
5256 6693 0
5253 6698 0
5250 6703 0
5248 6709 0
5246 6714 0
5245 6720 0
5246 6725 0
5248 6731 0
5253 6736 0
5259 6741 0
5265 6745 0
5273 6749 0
5282 6752 0
5292 6754 0
5303 6754 0
5315 6753 0
5329 6752 0
5344 6750 0
5359 6748 0
5373 6746 0
5386 6743 0
5399 6738 0
5413 6733 0
5424 6728 0
5433 6722 0
5441 6715 0
5449 6706 0
5457 6697 0
5464 6687 0
5470 6677 0
5474 6668 0
5477 6660 0
5479 6653 0
5480 6646 0
5480 6640 0
5479 6634 0
5478 6629 0
5477 6621 0
5476 6614 0
5475 6608 0
5474 6602 0
5472 6597 0
5470 6591 0
5468 6586 0
5465 6581 0
5462 6576 0
5459 6572 0
5455 6569 0
5451 6567 0
5446 6566 0
5440 6564 0
5432 6563 0
5424 6563 0
5416 6563 0
5407 6565 0
5397 6568 0
5389 6573 0
5382 6581 0
5377 6589 0
5375 6598 0
5375 6606 0
5376 6613 0
5379 6618 0
5384 6621 0
5392 6623 0
5403 6623 0
5413 6623 0
5422 6621 0
5431 6617 0
5438 6612 0
5445 6607 0
5451 6601 0
5455 6595 0
5458 6588 0
5459 6582 0
5459 6576 0
5458 6572 0
5456 6569 0
5453 6567 0
5449 6570 0
5449 6570 0
.PEN_UP
.PEN_DOWN
5418 6501 0
5418 6498 0
5418 6502 0
5418 6508 0
5418 6516 0
5418 6526 0
5418 6536 0
5418 6547 0
5421 6555 0
5423 6563 0
5424 6570 0
5425 6576 0
5426 6581 0
5432 6581 0
.PEN_UP
.PEN_DOWN
5154 6511 0
5146 6511 0
5135 6513 0
5124 6516 0
5117 6518 0
5114 6519 0
5122 6520 0
5142 6519 0
5176 6516 0
5223 6512 0
5272 6507 0
5329 6504 0
5396 6502 0
5457 6501 0
5504 6502 0
5537 6502 0
5561 6502 0
5576 6502 0
5585 6502 0
5589 6503 0
5587 6506 0
.PEN_UP
