.VERSION 1.0 
.HIERARCHY CHARACTER
.COORD X Y T
.SEGMENT CHARACTER 0-1 OK "18"
.H_LINE 6249 7124
.V_LINE 5000 5750
.X_DIM 750
.Y_DIM 875
.X_POINTS_PER_INCH 1000
.Y_POINTS_PER_INCH 1000
.POINTS_PER_SECOND 125
.COMMENT CALIB X: 46 Y: -144

.WRITER_INFO
 Name: GOKUL KRISHNA
 WriterId: 69
 Hand: right
 EducationLevel: college graduate
 Gender: male
 Profession: student
 Region: visakhapatnam
 Age: 22
 DeviceType: digimemo a402
 SkillDevice: average
 Language: hindi
 Script: indic
 Native: false
 Style: discrete
 UsageFreq: rarely
 Proficiency: average
 Date: 2007-6-27
 WritingInProfession: no

.PEN_DOWN
5326 6500 0
5325 6503 0
5325 6506 0
5326 6511 0
5327 6517 0
5328 6522 0
5329 6527 0
5330 6531 0
5330 6535 0
5331 6538 0
5326 6537 0
5320 6536 0
5311 6536 0
5304 6537 0
5296 6538 0
5289 6539 0
5283 6542 0
5278 6546 0
5273 6551 0
5270 6558 0
5268 6565 0
5267 6574 0
5268 6583 0
5271 6591 0
5276 6598 0
5281 6604 0
5288 6608 0
5295 6611 0
5302 6612 0
5309 6613 0
5315 6613 0
5319 6613 0
5316 6614 0
5311 6616 0
5305 6618 0
5299 6621 0
5292 6625 0
5285 6629 0
5280 6633 0
5275 6638 0
5272 6646 0
5269 6656 0
5268 6667 0
5269 6679 0
5272 6690 0
5276 6700 0
5283 6708 0
5291 6714 0
5302 6718 0
5314 6719 0
5331 6718 0
5349 6715 0
5369 6711 0
5387 6705 0
5403 6698 0
5417 6688 0
5430 6677 0
5440 6664 0
5448 6652 0
5454 6641 0
5458 6631 0
5460 6621 0
5460 6612 0
5460 6604 0
5459 6596 0
5457 6589 0
5454 6583 0
5451 6577 0
5448 6572 0
5445 6567 0
5440 6564 0
5434 6562 0
5426 6560 0
5417 6559 0
5406 6559 0
5395 6560 0
5383 6563 0
5373 6567 0
5364 6575 0
5358 6585 0
5355 6595 0
5354 6603 0
5355 6610 0
5360 6615 0
5368 6618 0
5377 6619 0
5388 6617 0
5398 6613 0
5406 6607 0
5413 6600 0
5417 6590 0
5419 6579 0
5420 6568 0
5419 6558 0
5416 6549 0
5413 6543 0
5409 6537 0
5405 6532 0
5401 6528 0
5398 6526 0
5395 6524 0
5394 6521 0
5392 6517 0
5390 6514 0
5389 6511 0
5388 6508 0
5388 6504 0
5388 6501 0
5388 6498 0
5388 6495 0
5388 6492 0
5387 6497 0
5387 6505 0
5387 6513 0
5388 6522 0
5390 6530 0
5391 6537 0
5393 6545 0
5395 6552 0
5398 6557 0
5403 6562 0
5411 6566 0
.PEN_UP
.PEN_DOWN
5240 6487 0
5229 6488 0
5215 6489 0
5202 6491 0
5196 6493 0
5200 6494 0
5218 6495 0
5249 6494 0
5288 6492 0
5343 6489 0
5411 6486 0
5474 6482 0
5521 6479 0
5558 6477 0
5583 6476 0
5596 6475 0
5601 6475 0
5600 6479 0
5596 6480 0
5590 6488 0
.PEN_UP
