.VERSION 1.0 
.HIERARCHY CHARACTER
.COORD X Y T
.SEGMENT CHARACTER 0-3 OK "21"
.H_LINE 7874 8750
.V_LINE 1999 2749
.X_DIM 749
.Y_DIM 875
.X_POINTS_PER_INCH 1000
.Y_POINTS_PER_INCH 1000
.POINTS_PER_SECOND 125
.COMMENT CALIB X: -12 Y: -111

.WRITER_INFO
 Name: GOKUL KRISHNA
 WriterId: 69
 Hand: right
 EducationLevel: college graduate
 Gender: male
 Profession: student
 Region: visakhapatnam
 Age: 22
 DeviceType: digimemo a402
 SkillDevice: average
 Language: hindi
 Script: indic
 Native: false
 Style: discrete
 UsageFreq: rarely
 Proficiency: average
 Date: 2007-6-27
 WritingInProfession: no

.PEN_DOWN
2368 8149 0
2366 8145 0
2364 8141 0
2362 8137 0
2362 8143 0
2363 8156 0
2364 8175 0
2366 8199 0
2367 8223 0
2368 8248 0
2370 8273 0
2372 8294 0
2373 8314 0
2373 8334 0
2372 8354 0
2370 8372 0
2368 8387 0
2367 8400 0
2366 8410 0
2365 8417 0
2365 8421 0
2365 8425 0
2364 8421 0
.PEN_UP
.PEN_DOWN
2179 8252 0
2179 8245 0
2179 8241 0
2184 8240 0
2192 8241 0
2202 8244 0
2212 8248 0
2222 8254 0
2231 8262 0
2238 8271 0
2243 8281 0
2247 8291 0
2250 8301 0
2249 8310 0
2246 8318 0
2240 8327 0
2231 8334 0
2219 8340 0
2205 8345 0
2190 8347 0
2176 8348 0
2165 8347 0
2156 8346 0
2150 8344 0
2147 8342 0
2146 8339 0
2146 8336 0
2152 8325 0
.PEN_UP
.PEN_DOWN
2239 8297 0
2235 8297 0
2230 8293 0
2227 8291 0
2230 8292 0
2238 8293 0
2249 8293 0
2265 8292 0
2285 8291 0
2309 8289 0
2331 8288 0
2350 8285 0
2364 8285 0
2371 8285 0
2374 8284 0
2374 8287 0
2374 8287 0
.PEN_UP
.PEN_DOWN
2180 8149 0
2173 8148 0
2164 8147 0
2159 8147 0
2163 8147 0
2175 8147 0
2197 8147 0
2228 8145 0
2271 8142 0
2329 8139 0
2388 8136 0
2439 8134 0
2476 8133 0
2502 8133 0
2518 8133 0
2527 8134 0
2531 8136 0
2532 8131 0
.PEN_UP
