.VERSION 1.0 
.HIERARCHY CHARACTER
.COORD X Y T
.SEGMENT CHARACTER 0-1 OK "35"
.H_LINE 2999 3874
.V_LINE 499 1250
.X_DIM 750
.Y_DIM 874
.X_POINTS_PER_INCH 1000
.Y_POINTS_PER_INCH 1000
.POINTS_PER_SECOND 125
.COMMENT CALIB X: -45 Y: -112

.WRITER_INFO
 Name: GOKUL KRISHNA
 WriterId: 69
 Hand: right
 EducationLevel: college graduate
 Gender: male
 Profession: student
 Region: visakhapatnam
 Age: 22
 DeviceType: digimemo a402
 SkillDevice: average
 Language: hindi
 Script: indic
 Native: false
 Style: discrete
 UsageFreq: rarely
 Proficiency: average
 Date: 2007-6-27
 WritingInProfession: no

.PEN_DOWN
743 3300 0
743 3303 0
743 3307 0
741 3310 0
738 3313 0
735 3317 0
731 3320 0
726 3323 0
718 3327 0
711 3330 0
704 3331 0
697 3331 0
692 3330 0
688 3327 0
685 3324 0
682 3319 0
681 3311 0
681 3303 0
683 3295 0
687 3287 0
694 3279 0
702 3271 0
711 3264 0
721 3260 0
730 3258 0
739 3258 0
747 3259 0
755 3263 0
763 3269 0
770 3277 0
777 3287 0
783 3298 0
788 3309 0
791 3321 0
793 3335 0
794 3350 0
794 3365 0
793 3380 0
792 3396 0
791 3411 0
788 3425 0
784 3439 0
779 3450 0
773 3459 0
767 3466 0
760 3470 0
754 3471 0
748 3470 0
742 3466 0
736 3460 0
731 3454 0
726 3447 0
723 3439 0
720 3431 0
719 3425 0
720 3418 0
721 3412 0
724 3407 0
728 3401 0
734 3396 0
743 3392 0
755 3389 0
770 3386 0
786 3385 0
803 3384 0
820 3384 0
838 3383 0
854 3382 0
868 3381 0
880 3379 0
891 3376 0
902 3373 0
912 3369 0
921 3364 0
927 3358 0
932 3351 0
937 3344 0
941 3336 0
945 3327 0
947 3316 0
948 3305 0
948 3293 0
948 3283 0
946 3272 0
944 3262 0
943 3254 0
941 3250 0
940 3247 0
939 3253 0
938 3266 0
937 3282 0
936 3300 0
934 3318 0
932 3337 0
929 3358 0
927 3377 0
925 3395 0
924 3411 0
924 3425 0
924 3436 0
924 3442 0
923 3435 0
.PEN_UP
.PEN_DOWN
779 3267 0
774 3268 0
770 3268 0
774 3269 0
785 3269 0
809 3267 0
845 3263 0
889 3257 0
930 3250 0
967 3244 0
1002 3239 0
1032 3235 0
1055 3233 0
1070 3233 0
1079 3237 0
1083 3237 0
.PEN_UP
