.VERSION 1.0 
.HIERARCHY CHARACTER
.COORD X Y T
.SEGMENT CHARACTER 0-1 OK "99"
.H_LINE 2999 3874
.V_LINE 6500 7250
.X_DIM 750
.Y_DIM 874
.X_POINTS_PER_INCH 1000
.Y_POINTS_PER_INCH 1000
.POINTS_PER_SECOND 125
.COMMENT CALIB X: 5 Y: -223

.WRITER_INFO
 Name: GOKUL KRISHNA
 WriterId: 69
 Hand: right
 EducationLevel: college graduate
 Gender: male
 Profession: student
 Region: visakhapatnam
 Age: 22
 DeviceType: digimemo a402
 SkillDevice: average
 Language: hindi
 Script: indic
 Native: false
 Style: discrete
 UsageFreq: rarely
 Proficiency: average
 Date: 2007-6-27
 WritingInProfession: no

.PEN_DOWN
6841 3138 0
6840 3135 0
6840 3139 0
6841 3147 0
6843 3157 0
6846 3170 0
6849 3183 0
6852 3195 0
6854 3205 0
6857 3216 0
6859 3225 0
6861 3231 0
6862 3235 0
6863 3238 0
6862 3235 0
6859 3234 0
6856 3233 0
6852 3233 0
6845 3231 0
6837 3231 0
6826 3232 0
6814 3234 0
6799 3238 0
6785 3242 0
6771 3250 0
6760 3258 0
6752 3266 0
6746 3274 0
6743 3283 0
6743 3292 0
6744 3301 0
6747 3311 0
6752 3320 0
6758 3328 0
6766 3335 0
6776 3339 0
6790 3342 0
6806 3344 0
6821 3345 0
6832 3345 0
6842 3345 0
6849 3345 0
6854 3345 0
6851 3345 0
6848 3345 0
6845 3345 0
6841 3345 0
6837 3345 0
6833 3345 0
6828 3346 0
6823 3346 0
6818 3346 0
6812 3346 0
6806 3347 0
6799 3348 0
6792 3350 0
6785 3353 0
6778 3356 0
6772 3361 0
6766 3367 0
6762 3373 0
6758 3380 0
6756 3390 0
6753 3401 0
6751 3412 0
6750 3422 0
6751 3431 0
6754 3438 0
6759 3445 0
6766 3451 0
6775 3455 0
6788 3457 0
6802 3458 0
6818 3457 0
6833 3455 0
6845 3450 0
6857 3445 0
6866 3439 0
6871 3434 0
6873 3430 0
6872 3427 0
6869 3424 0
6861 3423 0
6851 3422 0
6839 3423 0
6828 3425 0
6819 3429 0
6813 3434 0
6810 3440 0
6810 3447 0
6814 3454 0
6821 3461 0
6829 3470 0
6839 3480 0
6850 3491 0
6863 3502 0
6875 3512 0
6887 3520 0
6896 3526 0
6902 3530 0
6905 3534 0
6906 3537 0
6906 3537 0
.PEN_UP
.PEN_DOWN
6723 3148 0
6717 3148 0
6711 3149 0
6707 3150 0
6716 3153 0
6732 3155 0
6753 3155 0
6784 3154 0
6827 3152 0
6876 3151 0
6922 3151 0
6959 3152 0
6986 3152 0
7003 3153 0
7012 3153 0
7017 3153 0
7016 3157 0
.PEN_UP
