.VERSION 1.0 
.HIERARCHY CHARACTER
.COORD X Y T
.SEGMENT CHARACTER 0-3 OK "107"
.H_LINE 6249 7124
.V_LINE 3500 4250
.X_DIM 750
.Y_DIM 875
.X_POINTS_PER_INCH 1000
.Y_POINTS_PER_INCH 1000
.POINTS_PER_SECOND 125
.COMMENT CALIB X: 65 Y: -176

.WRITER_INFO
 Name: GOKUL KRISHNA
 WriterId: 69
 Hand: right
 EducationLevel: college graduate
 Gender: male
 Profession: student
 Region: visakhapatnam
 Age: 22
 DeviceType: digimemo a402
 SkillDevice: average
 Language: hindi
 Script: indic
 Native: false
 Style: discrete
 UsageFreq: rarely
 Proficiency: average
 Date: 2007-6-27
 WritingInProfession: no

.PEN_DOWN
4019 6491 0
4016 6489 0
4013 6487 0
4011 6490 0
4011 6495 0
4011 6502 0
4012 6511 0
4014 6521 0
4017 6530 0
4020 6539 0
4023 6547 0
4025 6554 0
4027 6559 0
4028 6563 0
4026 6560 0
4024 6557 0
4021 6554 0
4015 6552 0
4009 6550 0
4001 6549 0
3990 6548 0
3975 6549 0
3958 6551 0
3941 6554 0
3925 6559 0
3912 6565 0
3902 6572 0
3896 6579 0
3892 6587 0
3891 6597 0
3892 6608 0
3895 6619 0
3899 6629 0
3903 6637 0
3908 6643 0
3915 6648 0
3924 6651 0
3934 6653 0
3945 6654 0
3956 6654 0
3967 6653 0
3978 6652 0
3986 6651 0
3992 6650 0
3995 6649 0
3998 6649 0
3998 6649 0
.PEN_UP
.PEN_DOWN
3975 6748 0
3972 6749 0
3969 6750 0
3972 6749 0
3978 6747 0
3989 6744 0
3999 6740 0
4010 6736 0
4020 6731 0
4028 6724 0
4033 6716 0
4037 6706 0
4040 6695 0
4040 6681 0
4039 6666 0
4036 6653 0
4031 6641 0
4021 6631 0
4008 6624 0
3990 6620 0
3969 6621 0
3949 6627 0
3929 6638 0
3912 6652 0
3898 6668 0
3888 6686 0
3881 6703 0
3876 6719 0
3874 6733 0
3874 6745 0
3874 6756 0
3875 6767 0
3876 6776 0
3877 6783 0
3878 6790 0
3879 6794 0
3880 6797 0
3879 6800 0
3879 6800 0
.PEN_UP
.PEN_DOWN
4019 6668 0
4019 6665 0
4014 6664 0
4007 6667 0
3996 6673 0
3982 6683 0
3965 6695 0
3945 6710 0
3924 6726 0
3903 6740 0
3883 6752 0
3867 6763 0
3855 6774 0
3846 6783 0
3840 6791 0
3836 6797 0
3834 6800 0
3834 6796 0
3836 6791 0
.PEN_UP
.PEN_DOWN
3853 6495 0
3846 6495 0
3839 6495 0
3833 6495 0
3830 6495 0
3836 6493 0
3850 6490 0
3877 6486 0
3920 6481 0
3970 6476 0
4018 6472 0
4061 6468 0
4105 6466 0
4145 6464 0
4175 6463 0
4194 6463 0
4204 6464 0
4207 6466 0
4205 6471 0
4199 6477 0
.PEN_UP
