.VERSION 1.0 
.HIERARCHY CHARACTER
.COORD X Y T
.SEGMENT CHARACTER 0-2 OK "8"
.H_LINE 2999 3874
.V_LINE 5000 5750
.X_DIM 750
.Y_DIM 874
.X_POINTS_PER_INCH 1000
.Y_POINTS_PER_INCH 1000
.POINTS_PER_SECOND 125
.COMMENT CALIB X: -10 Y: -74

.WRITER_INFO
 Name: H G BHAGIYA
 WriterId: 96
 Hand: right
 EducationLevel: college graduate
 Gender: male
 Profession: lecturer
 Region: delhi
 Age: 50
 DeviceType: digimemo a402
 SkillDevice: poor
 Language: hindi
 Script: indic
 Native: true
 Style: discrete
 UsageFreq: once a month
 Proficiency: average
 Date: 2007-7-17
 WritingInProfession: no

.PEN_DOWN
5252 3328 0
5251 3331 0
5251 3334 0
5251 3338 0
5250 3343 0
5250 3349 0
5250 3354 0
5250 3360 0
5250 3366 0
5250 3371 0
5250 3376 0
5250 3380 0
5250 3383 0
5250 3386 0
5250 3389 0
5253 3387 0
5256 3385 0
5259 3384 0
5264 3384 0
5271 3385 0
5279 3385 0
5288 3386 0
5297 3387 0
5307 3388 0
5317 3390 0
5325 3393 0
5332 3396 0
5338 3399 0
5343 3403 0
5346 3408 0
5348 3414 0
5349 3420 0
5349 3427 0
5349 3435 0
5348 3443 0
5346 3450 0
5342 3459 0
5336 3470 0
5330 3481 0
5322 3492 0
5313 3505 0
5302 3516 0
5291 3528 0
5281 3539 0
5273 3547 0
5266 3555 0
5261 3561 0
5257 3566 0
5255 3569 0
5253 3572 0
5257 3569 0
5264 3560 0
.PEN_UP
.PEN_DOWN
5399 3334 0
5399 3337 0
5399 3340 0
5399 3344 0
5399 3349 0
5399 3356 0
5399 3364 0
5399 3373 0
5399 3383 0
5399 3393 0
5399 3402 0
5399 3410 0
5399 3417 0
5399 3423 0
5399 3428 0
5399 3432 0
5395 3435 0
5393 3431 0
.PEN_UP
.PEN_DOWN
5176 3316 0
5179 3315 0
5182 3315 0
5187 3315 0
5193 3315 0
5201 3315 0
5211 3315 0
5222 3315 0
5236 3316 0
5251 3317 0
5271 3317 0
5293 3318 0
5318 3318 0
5347 3318 0
5375 3318 0
5402 3317 0
5423 3317 0
5439 3317 0
5450 3316 0
5457 3315 0
5460 3315 0
5457 3314 0
5457 3314 0
.PEN_UP
