.VERSION 1.0 
.HIERARCHY CHARACTER
.COORD X Y T
.SEGMENT CHARACTER 0-4 OK "10"
.H_LINE 4624 5499
.V_LINE 499 1250
.X_DIM 750
.Y_DIM 874
.X_POINTS_PER_INCH 1000
.Y_POINTS_PER_INCH 1000
.POINTS_PER_SECOND 125
.COMMENT CALIB X: -15 Y: -54

.WRITER_INFO
 Name: H G BHAGIYA
 WriterId: 96
 Hand: right
 EducationLevel: college graduate
 Gender: male
 Profession: lecturer
 Region: delhi
 Age: 50
 DeviceType: digimemo a402
 SkillDevice: poor
 Language: hindi
 Script: indic
 Native: true
 Style: discrete
 UsageFreq: once a month
 Proficiency: average
 Date: 2007-7-17
 WritingInProfession: no

.PEN_DOWN
641 4976 0
638 4976 0
635 4977 0
632 4977 0
634 4974 0
637 4971 0
641 4968 0
647 4966 0
654 4963 0
662 4961 0
669 4959 0
677 4958 0
684 4957 0
690 4957 0
695 4958 0
701 4960 0
706 4962 0
710 4964 0
713 4966 0
716 4969 0
718 4972 0
719 4975 0
720 4978 0
719 4981 0
718 4986 0
716 4991 0
713 4997 0
709 5003 0
704 5009 0
698 5016 0
691 5022 0
684 5027 0
676 5032 0
668 5036 0
660 5040 0
652 5043 0
645 5045 0
639 5046 0
632 5047 0
628 5048 0
624 5049 0
629 5046 0
634 5044 0
639 5041 0
647 5039 0
656 5037 0
665 5035 0
673 5033 0
681 5031 0
689 5030 0
696 5031 0
703 5033 0
710 5035 0
716 5040 0
722 5045 0
727 5051 0
731 5056 0
733 5061 0
734 5067 0
735 5073 0
735 5079 0
735 5084 0
733 5089 0
731 5094 0
728 5100 0
724 5105 0
720 5109 0
715 5113 0
708 5117 0
700 5120 0
690 5122 0
679 5122 0
667 5121 0
653 5117 0
638 5113 0
623 5109 0
611 5104 0
599 5099 0
590 5094 0
583 5090 0
577 5087 0
573 5083 0
570 5080 0
569 5083 0
571 5075 0
.PEN_UP
.PEN_DOWN
703 5043 0
707 5045 0
712 5046 0
717 5047 0
723 5048 0
729 5049 0
734 5049 0
739 5047 0
745 5046 0
751 5045 0
757 5043 0
763 5042 0
769 5041 0
774 5040 0
778 5040 0
781 5039 0
781 5036 0
782 5032 0
784 5028 0
785 5025 0
786 5021 0
788 5016 0
789 5011 0
789 5006 0
790 5000 0
791 4993 0
791 4987 0
791 4982 0
791 4977 0
792 4973 0
792 4969 0
792 4966 0
791 4963 0
789 4960 0
788 4964 0
787 4969 0
787 4976 0
786 4985 0
785 4996 0
785 5008 0
784 5022 0
782 5035 0
782 5048 0
781 5060 0
780 5071 0
780 5081 0
780 5089 0
780 5097 0
781 5104 0
781 5110 0
781 5115 0
781 5118 0
781 5118 0
.PEN_UP
.PEN_DOWN
862 4960 0
862 4957 0
862 4961 0
862 4965 0
862 4972 0
862 4978 0
862 4988 0
862 4998 0
861 5010 0
861 5023 0
861 5036 0
860 5048 0
859 5060 0
858 5071 0
857 5080 0
856 5089 0
855 5096 0
855 5102 0
855 5106 0
856 5109 0
861 5107 0
.PEN_UP
.PEN_DOWN
798 4838 0
800 4842 0
802 4847 0
803 4851 0
805 4856 0
808 4861 0
811 4867 0
815 4874 0
820 4883 0
827 4893 0
833 4903 0
840 4913 0
847 4922 0
853 4932 0
858 4941 0
862 4951 0
865 4960 0
871 4968 0
.PEN_UP
.PEN_DOWN
766 4976 0
769 4974 0
772 4972 0
775 4970 0
778 4969 0
781 4968 0
786 4968 0
790 4967 0
795 4966 0
803 4965 0
813 4965 0
824 4964 0
837 4964 0
850 4964 0
863 4965 0
875 4965 0
883 4966 0
891 4967 0
898 4968 0
904 4968 0
909 4968 0
913 4968 0
916 4968 0
918 4965 0
918 4965 0
.PEN_UP
