.VERSION 1.0 
.HIERARCHY CHARACTER
.COORD X Y T
.SEGMENT CHARACTER 0-1 OK "31"
.H_LINE 1374 2249
.V_LINE 1999 2749
.X_DIM 749
.Y_DIM 874
.X_POINTS_PER_INCH 1000
.Y_POINTS_PER_INCH 1000
.POINTS_PER_SECOND 125
.COMMENT CALIB X: 30 Y: -192

.WRITER_INFO
 Name: H G BHAGIYA
 WriterId: 96
 Hand: right
 EducationLevel: college graduate
 Gender: male
 Profession: lecturer
 Region: delhi
 Age: 50
 DeviceType: digimemo a402
 SkillDevice: poor
 Language: hindi
 Script: indic
 Native: true
 Style: discrete
 UsageFreq: once a month
 Proficiency: average
 Date: 2007-7-17
 WritingInProfession: no

.PEN_DOWN
2514 1720 0
2510 1719 0
2507 1719 0
2503 1720 0
2498 1721 0
2493 1722 0
2487 1723 0
2481 1723 0
2475 1723 0
2469 1722 0
2464 1721 0
2458 1719 0
2454 1717 0
2450 1715 0
2447 1712 0
2445 1708 0
2444 1704 0
2444 1700 0
2445 1696 0
2447 1692 0
2450 1688 0
2454 1685 0
2460 1682 0
2467 1679 0
2476 1677 0
2485 1675 0
2494 1674 0
2503 1674 0
2513 1674 0
2522 1674 0
2530 1675 0
2537 1675 0
2545 1674 0
2553 1672 0
2562 1671 0
2570 1670 0
2578 1668 0
2584 1666 0
2591 1663 0
2597 1659 0
2601 1655 0
2603 1650 0
2604 1646 0
2603 1642 0
2602 1639 0
2601 1635 0
2599 1632 0
2595 1629 0
2592 1627 0
2589 1627 0
2586 1630 0
2584 1636 0
2582 1645 0
2580 1656 0
2578 1666 0
2576 1678 0
2574 1691 0
2573 1703 0
2572 1715 0
2571 1727 0
2570 1739 0
2569 1750 0
2568 1760 0
2567 1769 0
2566 1776 0
2567 1781 0
2567 1784 0
2567 1784 0
.PEN_UP
.PEN_DOWN
2521 1608 0
2526 1606 0
2531 1604 0
2536 1603 0
2543 1603 0
2551 1603 0
2561 1603 0
2573 1604 0
2585 1605 0
2599 1606 0
2612 1606 0
2623 1606 0
2636 1605 0
2647 1602 0
.PEN_UP
