.VERSION 1.0 
.HIERARCHY CHARACTER
.COORD X Y T
.SEGMENT CHARACTER 0-1 OK "33"
.H_LINE 1374 2249
.V_LINE 5000 5750
.X_DIM 750
.Y_DIM 874
.X_POINTS_PER_INCH 1000
.Y_POINTS_PER_INCH 1000
.POINTS_PER_SECOND 125
.COMMENT CALIB X: -12 Y: -55

.WRITER_INFO
 Name: H G BHAGIYA
 WriterId: 96
 Hand: right
 EducationLevel: college graduate
 Gender: male
 Profession: lecturer
 Region: delhi
 Age: 50
 DeviceType: digimemo a402
 SkillDevice: poor
 Language: hindi
 Script: indic
 Native: true
 Style: discrete
 UsageFreq: once a month
 Proficiency: average
 Date: 2007-7-17
 WritingInProfession: no

.PEN_DOWN
5215 1704 0
5212 1706 0
5210 1709 0
5207 1713 0
5205 1718 0
5203 1724 0
5201 1733 0
5200 1743 0
5199 1753 0
5199 1765 0
5199 1777 0
5199 1787 0
5200 1796 0
5201 1805 0
5203 1811 0
5206 1818 0
5210 1824 0
5215 1829 0
5220 1833 0
5226 1835 0
5233 1837 0
5240 1837 0
5248 1836 0
5256 1834 0
5264 1830 0
5273 1825 0
5281 1818 0
5288 1811 0
5294 1803 0
5299 1794 0
5303 1784 0
5306 1774 0
5307 1765 0
5308 1754 0
5307 1744 0
5307 1736 0
5306 1729 0
5305 1724 0
5303 1718 0
5302 1714 0
5301 1711 0
5299 1714 0
5298 1718 0
5296 1722 0
5296 1726 0
5295 1730 0
5294 1735 0
5294 1740 0
5293 1748 0
5292 1757 0
5290 1768 0
5288 1780 0
5286 1791 0
5284 1805 0
5282 1818 0
5279 1831 0
5278 1844 0
5277 1854 0
5276 1863 0
5276 1871 0
5277 1879 0
5277 1886 0
5277 1893 0
5277 1897 0
5276 1900 0
5276 1896 0
5275 1892 0
5276 1886 0
5276 1880 0
5276 1871 0
5276 1862 0
5277 1852 0
5279 1842 0
5280 1831 0
5282 1821 0
5284 1813 0
5287 1806 0
5289 1800 0
5293 1795 0
5299 1789 0
5306 1785 0
5314 1782 0
5324 1780 0
5336 1779 0
5348 1779 0
5361 1780 0
5376 1782 0
5388 1786 0
5398 1791 0
5406 1797 0
5411 1805 0
5416 1813 0
5419 1823 0
5421 1832 0
5421 1842 0
5421 1851 0
5419 1858 0
5417 1866 0
5413 1872 0
5407 1877 0
5401 1882 0
5395 1886 0
5389 1889 0
.PEN_UP
.PEN_DOWN
5159 1698 0
5156 1698 0
5159 1700 0
5162 1701 0
5168 1701 0
5175 1700 0
5185 1700 0
5198 1700 0
5213 1701 0
5229 1701 0
5246 1701 0
5266 1702 0
5289 1702 0
5316 1703 0
5342 1703 0
5367 1704 0
5391 1704 0
5408 1705 0
5421 1705 0
5431 1705 0
5438 1706 0
5449 1705 0
.PEN_UP
