.VERSION 1.0 
.HIERARCHY CHARACTER
.COORD X Y T
.SEGMENT CHARACTER 0-1 OK "68"
.H_LINE 2999 3874
.V_LINE 5000 5750
.X_DIM 750
.Y_DIM 874
.X_POINTS_PER_INCH 1000
.Y_POINTS_PER_INCH 1000
.POINTS_PER_SECOND 125
.COMMENT CALIB X: 113 Y: -299

.WRITER_INFO
 Name: H G BHAGIYA
 WriterId: 96
 Hand: right
 EducationLevel: college graduate
 Gender: male
 Profession: lecturer
 Region: delhi
 Age: 50
 DeviceType: digimemo a402
 SkillDevice: poor
 Language: hindi
 Script: indic
 Native: true
 Style: discrete
 UsageFreq: once a month
 Proficiency: average
 Date: 2007-7-17
 WritingInProfession: no

.PEN_DOWN
5524 3129 0
5520 3128 0
5517 3127 0
5514 3126 0
5511 3126 0
5508 3126 0
5505 3126 0
5502 3126 0
5499 3127 0
5496 3127 0
5493 3128 0
5490 3128 0
5487 3130 0
5483 3132 0
5478 3135 0
5474 3137 0
5470 3141 0
5467 3144 0
5464 3147 0
5463 3150 0
5461 3154 0
5459 3157 0
5458 3160 0
5458 3163 0
5458 3166 0
5459 3169 0
5461 3172 0
5463 3175 0
5466 3178 0
5469 3180 0
5472 3182 0
5477 3184 0
5482 3187 0
5488 3189 0
5494 3191 0
5500 3193 0
5506 3194 0
5511 3194 0
5515 3195 0
5518 3195 0
5515 3195 0
5511 3196 0
5507 3197 0
5502 3197 0
5498 3198 0
5494 3199 0
5490 3201 0
5486 3204 0
5481 3207 0
5477 3210 0
5474 3214 0
5470 3219 0
5466 3224 0
5463 3229 0
5461 3233 0
5459 3238 0
5457 3243 0
5456 3248 0
5455 3254 0
5455 3258 0
5455 3262 0
5455 3265 0
5455 3269 0
5455 3273 0
5456 3278 0
5458 3282 0
5460 3285 0
5463 3289 0
5467 3292 0
5471 3295 0
5476 3298 0
5482 3301 0
5489 3304 0
5499 3307 0
5508 3310 0
5517 3312 0
5525 3314 0
5533 3316 0
5539 3317 0
5544 3318 0
5549 3319 0
5552 3319 0
5555 3319 0
5558 3319 0
5559 3316 0
5560 3313 0
.PEN_UP
.PEN_DOWN
5414 3118 0
5417 3118 0
5420 3118 0
5425 3118 0
5432 3118 0
5440 3118 0
5451 3117 0
5465 3117 0
5480 3117 0
5497 3118 0
5512 3119 0
5525 3120 0
5538 3121 0
5549 3121 0
5557 3121 0
5563 3121 0
5567 3121 0
5567 3121 0
.PEN_UP
