.VERSION 1.0 
.HIERARCHY CHARACTER
.COORD X Y T
.SEGMENT CHARACTER 0-1 OK "73"
.H_LINE 4624 5499
.V_LINE 5000 5750
.X_DIM 750
.Y_DIM 874
.X_POINTS_PER_INCH 1000
.Y_POINTS_PER_INCH 1000
.POINTS_PER_SECOND 125
.COMMENT CALIB X: 191 Y: -308

.WRITER_INFO
 Name: H G BHAGIYA
 WriterId: 96
 Hand: right
 EducationLevel: college graduate
 Gender: male
 Profession: lecturer
 Region: delhi
 Age: 50
 DeviceType: digimemo a402
 SkillDevice: poor
 Language: hindi
 Script: indic
 Native: true
 Style: discrete
 UsageFreq: once a month
 Proficiency: average
 Date: 2007-7-17
 WritingInProfession: no

.PEN_DOWN
5554 4774 0
5554 4770 0
5554 4767 0
5551 4767 0
5549 4771 0
5548 4774 0
5547 4779 0
5547 4784 0
5547 4789 0
5546 4795 0
5545 4801 0
5544 4807 0
5543 4813 0
5543 4819 0
5543 4824 0
5543 4828 0
5544 4831 0
5544 4835 0
5545 4839 0
5546 4843 0
5548 4847 0
5550 4850 0
5553 4853 0
5556 4855 0
5559 4857 0
5562 4859 0
5566 4861 0
5571 4862 0
5575 4863 0
5581 4865 0
5588 4866 0
5594 4867 0
5599 4868 0
5605 4869 0
5611 4869 0
5617 4869 0
5623 4868 0
5628 4866 0
5633 4863 0
5638 4860 0
5643 4856 0
5648 4850 0
5652 4844 0
5655 4839 0
5658 4834 0
5661 4829 0
5663 4822 0
5665 4816 0
5666 4810 0
5667 4805 0
5668 4799 0
5667 4794 0
5667 4790 0
5666 4786 0
5665 4782 0
5664 4779 0
5663 4776 0
5662 4773 0
5662 4776 0
.PEN_UP
.PEN_DOWN
5498 4762 0
5497 4758 0
5497 4755 0
5500 4753 0
5503 4752 0
5508 4751 0
5513 4751 0
5521 4751 0
5531 4751 0
5543 4752 0
5556 4752 0
5571 4752 0
5589 4752 0
5608 4752 0
5626 4752 0
5642 4752 0
5657 4752 0
5669 4752 0
5679 4751 0
5687 4751 0
5691 4750 0
5694 4749 0
5694 4746 0
5694 4746 0
.PEN_UP
