.VERSION 1.0 
.HIERARCHY CHARACTER
.COORD X Y T
.SEGMENT CHARACTER 0-1 OK "79"
.H_LINE 6249 7124
.V_LINE 6500 7250
.X_DIM 750
.Y_DIM 875
.X_POINTS_PER_INCH 1000
.Y_POINTS_PER_INCH 1000
.POINTS_PER_SECOND 125
.COMMENT CALIB X: -71 Y: -92

.WRITER_INFO
 Name: H G BHAGIYA
 WriterId: 96
 Hand: right
 EducationLevel: college graduate
 Gender: male
 Profession: lecturer
 Region: delhi
 Age: 50
 DeviceType: digimemo a402
 SkillDevice: poor
 Language: hindi
 Script: indic
 Native: true
 Style: discrete
 UsageFreq: once a month
 Proficiency: average
 Date: 2007-7-17
 WritingInProfession: no

.PEN_DOWN
6855 6589 0
6852 6589 0
6849 6590 0
6846 6591 0
6843 6592 0
6839 6593 0
6835 6593 0
6831 6593 0
6826 6593 0
6819 6593 0
6811 6593 0
6803 6594 0
6794 6594 0
6785 6594 0
6776 6595 0
6768 6596 0
6760 6597 0
6754 6598 0
6749 6598 0
6746 6598 0
6744 6602 0
6743 6605 0
6742 6608 0
6741 6611 0
6740 6614 0
6739 6618 0
6738 6621 0
6737 6625 0
6737 6628 0
6737 6631 0
6737 6634 0
6737 6637 0
6737 6642 0
6737 6647 0
6736 6651 0
6735 6655 0
6734 6660 0
6734 6665 0
6734 6669 0
6734 6672 0
6733 6676 0
6733 6680 0
6733 6684 0
6733 6687 0
6732 6690 0
6731 6693 0
6732 6697 0
6733 6700 0
6733 6703 0
6733 6706 0
6733 6709 0
6733 6713 0
6733 6716 0
6733 6719 0
6733 6722 0
6733 6725 0
6733 6728 0
6733 6731 0
6734 6734 0
6734 6738 0
6734 6741 0
6734 6744 0
6734 6747 0
6735 6750 0
6735 6753 0
6736 6757 0
6737 6760 0
6737 6763 0
6740 6767 0
6741 6770 0
6743 6773 0
6744 6776 0
6745 6779 0
6747 6782 0
6749 6785 0
6751 6788 0
6753 6791 0
6756 6794 0
6759 6796 0
6762 6798 0
6765 6799 0
6768 6800 0
6771 6801 0
6774 6802 0
6777 6802 0
6782 6801 0
6787 6801 0
6792 6801 0
6799 6800 0
6807 6799 0
6814 6798 0
6822 6796 0
6829 6793 0
6837 6790 0
6845 6787 0
6851 6784 0
6857 6781 0
6862 6778 0
6866 6775 0
6869 6772 0
6872 6769 0
6874 6765 0
6877 6760 0
6879 6755 0
6881 6750 0
6883 6745 0
6884 6740 0
6885 6736 0
6886 6733 0
6887 6730 0
6884 6729 0
6923 6729 0
.PEN_UP
.PEN_DOWN
6704 6598 0
6709 6597 0
6714 6597 0
6720 6596 0
6726 6596 0
6735 6596 0
6742 6596 0
6749 6596 0
6755 6596 0
6760 6596 0
6763 6595 0
6760 6595 0
6757 6596 0
6753 6595 0
.PEN_UP
