.VERSION 1.0 
.HIERARCHY CHARACTER
.COORD X Y T
.SEGMENT CHARACTER 0-1 OK "79"
.H_LINE 6249 7124
.V_LINE 6500 7250
.X_DIM 750
.Y_DIM 875
.X_POINTS_PER_INCH 1000
.Y_POINTS_PER_INCH 1000
.POINTS_PER_SECOND 125
.COMMENT CALIB X: -2 Y: -87

.WRITER_INFO
 Name: H G BHAGIYA
 WriterId: 96
 Hand: right
 EducationLevel: college graduate
 Gender: male
 Profession: lecturer
 Region: delhi
 Age: 50
 DeviceType: digimemo a402
 SkillDevice: poor
 Language: hindi
 Script: indic
 Native: true
 Style: discrete
 UsageFreq: once a month
 Proficiency: average
 Date: 2007-7-17
 WritingInProfession: no

.PEN_DOWN
6768 6601 0
6771 6600 0
6775 6600 0
6781 6599 0
6789 6598 0
6801 6597 0
6815 6597 0
6830 6596 0
6849 6596 0
6868 6596 0
6887 6596 0
6904 6596 0
6916 6596 0
6925 6596 0
6931 6596 0
6928 6597 0
.PEN_UP
.PEN_DOWN
6798 6607 0
6798 6604 0
6796 6607 0
6795 6611 0
6795 6614 0
6795 6617 0
6795 6621 0
6795 6626 0
6794 6632 0
6794 6638 0
6794 6645 0
6794 6652 0
6794 6659 0
6794 6666 0
6794 6673 0
6794 6681 0
6794 6688 0
6794 6695 0
6795 6703 0
6796 6711 0
6797 6718 0
6798 6725 0
6799 6732 0
6800 6739 0
6801 6746 0
6802 6752 0
6802 6757 0
6803 6761 0
6803 6764 0
6804 6768 0
6804 6772 0
6805 6775 0
6805 6778 0
6806 6781 0
6807 6784 0
6807 6787 0
6807 6790 0
6808 6794 0
6810 6797 0
6812 6800 0
6815 6802 0
6818 6804 0
6821 6805 0
6824 6805 0
6827 6805 0
6831 6804 0
6836 6802 0
6842 6798 0
6850 6792 0
6859 6786 0
6867 6779 0
6877 6773 0
6885 6767 0
6892 6761 0
6898 6757 0
6901 6754 0
6904 6751 0
6906 6748 0
6908 6745 0
6909 6742 0
6905 6740 0
.PEN_UP
