.VERSION 1.0 
.HIERARCHY CHARACTER
.COORD X Y T
.SEGMENT CHARACTER 0-1 OK "109"
.H_LINE 6249 7124
.V_LINE 6500 7250
.X_DIM 750
.Y_DIM 875
.X_POINTS_PER_INCH 1000
.Y_POINTS_PER_INCH 1000
.POINTS_PER_SECOND 125
.COMMENT CALIB X: -71 Y: -92

.WRITER_INFO
 Name: H G BHAGIYA
 WriterId: 96
 Hand: right
 EducationLevel: college graduate
 Gender: male
 Profession: lecturer
 Region: delhi
 Age: 50
 DeviceType: digimemo a402
 SkillDevice: poor
 Language: hindi
 Script: indic
 Native: true
 Style: discrete
 UsageFreq: once a month
 Proficiency: average
 Date: 2007-7-17
 WritingInProfession: no

.PEN_DOWN
6801 6781 0
6804 6779 0
6807 6778 0
6810 6777 0
6814 6776 0
6820 6776 0
6826 6776 0
6833 6776 0
6840 6776 0
6848 6776 0
6854 6776 0
6861 6776 0
6866 6776 0
6869 6776 0
6872 6775 0
6872 6775 0
.PEN_UP
.PEN_DOWN
6919 6791 0
6916 6792 0
6913 6792 0
6909 6793 0
6905 6794 0
6900 6795 0
6895 6794 0
6890 6794 0
6885 6794 0
6879 6794 0
6875 6793 0
6871 6792 0
6868 6791 0
6865 6789 0
6862 6787 0
6859 6783 0
6857 6779 0
6856 6776 0
6856 6772 0
6855 6767 0
6856 6763 0
6857 6760 0
6860 6756 0
6862 6753 0
6864 6750 0
6866 6747 0
6870 6745 0
6876 6742 0
6881 6741 0
6887 6739 0
6894 6738 0
6901 6737 0
6906 6737 0
6910 6738 0
6915 6739 0
6918 6740 0
6921 6743 0
6924 6746 0
6926 6750 0
6928 6754 0
6930 6758 0
6933 6763 0
6935 6767 0
6937 6772 0
6939 6777 0
6942 6784 0
6944 6790 0
6946 6795 0
6948 6799 0
6949 6805 0
6950 6809 0
6951 6813 0
6952 6816 0
6953 6819 0
6953 6822 0
6954 6825 0
6954 6828 0
6953 6831 0
6952 6834 0
6951 6837 0
6951 6840 0
6951 6840 0
.PEN_UP
