215.0,133.0
212.0,133.0
208.0,134.0
205.0,135.0
199.0,138.0
196.0,139.0
191.0,142.0
188.0,145.0
185.0,148.0
184.0,151.0
181.0,154.0
181.0,155.0
179.0,158.0
179.0,160.0
179.0,161.0
179.0,164.0
179.0,165.0
179.0,166.0
179.0,168.0
179.0,169.0
179.0,171.0
179.0,172.0
181.0,173.0
181.0,174.0
184.0,174.0
186.0,175.0
189.0,175.0
192.0,175.0
195.0,175.0
196.0,175.0
199.0,175.0
201.0,175.0
202.0,175.0
203.0,177.0
203.0,178.0
203.0,179.0
202.0,181.0
201.0,182.0
196.0,185.0
194.0,186.0
189.0,189.0
188.0,191.0
185.0,193.0
184.0,195.0
182.0,199.0
181.0,201.0
181.0,206.0
179.0,209.0
179.0,213.0
179.0,215.0
179.0,219.0
179.0,221.0
179.0,223.0
179.0,226.0
182.0,228.0
184.0,229.0
186.0,232.0
189.0,233.0
195.0,236.0
199.0,238.0
205.0,239.0
209.0,239.0
215.0,239.0
219.0,239.0
224.0,239.0
229.0,239.0
234.0,238.0
239.0,236.0
243.0,234.0
247.0,233.0
251.0,230.0
254.0,229.0
257.0,227.0
260.0,226.0
262.0,222.0
262.0,221.0
264.0,220.0
264.0,219.0
265.0,218.0
265.0,216.0
265.0,215.0
265.0,213.0
265.0,212.0
265.0,211.0
265.0,209.0
265.0,206.0
264.0,203.0
261.0,196.0
258.0,191.0
255.0,185.0
254.0,181.0
251.0,179.0
250.0,178.0
248.0,178.0
247.0,178.0
246.0,178.0
246.0,179.0
246.0,181.0
246.0,184.0
246.0,185.0
246.0,186.0
244.0,188.0
244.0,191.0
244.0,193.0
244.0,195.0
244.0,196.0
243.0,199.0
243.0,200.0
243.0,202.0
243.0,203.0
243.0,206.0
243.0,208.0
244.0,212.0
247.0,214.0
251.0,218.0
254.0,220.0
257.0,221.0
260.0,222.0
265.0,225.0
275.0,227.0
283.0,229.0
291.0,230.0
295.0,231.0
302.0,231.0
309.0,231.0
317.0,231.0
318.0,231.0
320.0,231.0
-1.0,-1.0
165.0,117.0
169.0,117.0
176.0,117.0
180.0,117.0
183.0,117.0
186.0,117.0
190.0,117.0
197.0,117.0
202.0,117.0
209.0,117.0
211.0,117.0
216.0,117.0
220.0,117.0
225.0,117.0
228.0,117.0
233.0,117.0
235.0,117.0
240.0,117.0
242.0,117.0
245.0,117.0
247.0,117.0
251.0,117.0
254.0,117.0
256.0,117.0
-1.0,-1.0
 
