318.0,107.0
315.0,107.0
314.0,107.0
310.0,107.0
308.0,107.0
304.0,107.0
303.0,107.0
300.0,107.0
297.0,107.0
294.0,107.0
293.0,107.0
291.0,108.0
290.0,108.0
289.0,109.0
287.0,110.0
286.0,112.0
284.0,113.0
284.0,114.0
283.0,116.0
282.0,117.0
282.0,120.0
282.0,122.0
280.0,125.0
280.0,126.0
280.0,127.0
280.0,128.0
280.0,129.0
280.0,132.0
280.0,134.0
280.0,136.0
283.0,139.0
286.0,141.0
289.0,142.0
291.0,144.0
294.0,147.0
297.0,148.0
299.0,150.0
300.0,151.0
300.0,153.0
300.0,154.0
300.0,155.0
300.0,156.0
300.0,157.0
300.0,159.0
300.0,160.0
299.0,161.0
296.0,164.0
293.0,167.0
289.0,173.0
286.0,176.0
283.0,182.0
282.0,184.0
280.0,189.0
280.0,193.0
279.0,197.0
279.0,201.0
279.0,204.0
279.0,205.0
279.0,209.0
279.0,210.0
279.0,214.0
280.0,215.0
283.0,218.0
284.0,221.0
289.0,224.0
293.0,225.0
299.0,228.0
303.0,230.0
308.0,231.0
313.0,231.0
315.0,232.0
320.0,232.0
324.0,232.0
331.0,232.0
335.0,231.0
342.0,229.0
346.0,228.0
351.0,227.0
352.0,224.0
355.0,222.0
359.0,218.0
362.0,216.0
363.0,215.0
365.0,213.0
366.0,211.0
368.0,208.0
369.0,204.0
370.0,202.0
370.0,200.0
370.0,198.0
370.0,197.0
370.0,196.0
370.0,195.0
370.0,194.0
370.0,193.0
369.0,191.0
368.0,190.0
366.0,189.0
365.0,188.0
362.0,187.0
360.0,186.0
358.0,183.0
356.0,183.0
353.0,182.0
351.0,181.0
348.0,180.0
345.0,178.0
342.0,178.0
341.0,178.0
339.0,178.0
338.0,178.0
337.0,178.0
337.0,180.0
337.0,181.0
337.0,182.0
337.0,183.0
337.0,184.0
337.0,186.0
337.0,187.0
337.0,188.0
338.0,190.0
339.0,193.0
344.0,198.0
348.0,202.0
356.0,208.0
360.0,210.0
368.0,214.0
373.0,215.0
390.0,219.0
402.0,224.0
422.0,227.0
431.0,229.0
441.0,232.0
449.0,234.0
452.0,235.0
454.0,235.0
457.0,235.0
461.0,236.0
464.0,236.0
466.0,236.0
468.0,237.0
-1.0,-1.0
454.0,247.0
454.0,248.0
454.0,250.0
-1.0,-1.0
237.0,94.0
243.0,94.0
247.0,94.0
256.0,95.0
261.0,95.0
271.0,95.0
277.0,95.0
287.0,95.0
292.0,95.0
299.0,95.0
303.0,95.0
308.0,95.0
310.0,95.0
315.0,95.0
316.0,95.0
317.0,95.0
319.0,95.0
320.0,95.0
322.0,95.0
323.0,95.0
325.0,95.0
-1.0,-1.0
-1.0,-1.0
344.0,99.0
344.0,100.0
346.0,100.0
346.0,101.0
347.0,101.0
347.0,102.0
-1.0,-1.0
 
