382.0,78.0
380.0,78.0
378.0,79.0
376.0,79.0
373.0,81.0
372.0,82.0
369.0,82.0
368.0,83.0
366.0,84.0
365.0,84.0
364.0,85.0
362.0,86.0
361.0,88.0
358.0,89.0
358.0,90.0
355.0,92.0
355.0,94.0
354.0,96.0
352.0,97.0
351.0,99.0
351.0,102.0
349.0,104.0
349.0,106.0
348.0,109.0
347.0,111.0
347.0,113.0
347.0,115.0
347.0,117.0
347.0,119.0
347.0,121.0
347.0,122.0
347.0,123.0
347.0,124.0
347.0,125.0
347.0,128.0
347.0,129.0
347.0,131.0
347.0,132.0
348.0,133.0
349.0,136.0
351.0,137.0
352.0,138.0
356.0,140.0
358.0,142.0
361.0,144.0
364.0,145.0
366.0,146.0
368.0,148.0
371.0,148.0
372.0,149.0
373.0,149.0
375.0,149.0
376.0,150.0
378.0,151.0
378.0,152.0
379.0,152.0
379.0,153.0
379.0,155.0
379.0,156.0
379.0,158.0
379.0,160.0
379.0,163.0
379.0,165.0
379.0,166.0
379.0,169.0
379.0,170.0
378.0,171.0
378.0,172.0
376.0,174.0
376.0,176.0
375.0,177.0
375.0,178.0
375.0,179.0
373.0,180.0
373.0,183.0
373.0,184.0
373.0,185.0
373.0,186.0
373.0,187.0
373.0,189.0
373.0,190.0
373.0,191.0
373.0,193.0
373.0,194.0
373.0,197.0
373.0,198.0
375.0,199.0
375.0,200.0
378.0,201.0
379.0,203.0
380.0,204.0
382.0,205.0
385.0,206.0
386.0,206.0
389.0,207.0
390.0,207.0
393.0,207.0
396.0,207.0
399.0,207.0
402.0,207.0
406.0,207.0
409.0,207.0
413.0,207.0
414.0,207.0
417.0,207.0
420.0,206.0
423.0,205.0
424.0,204.0
427.0,203.0
428.0,201.0
430.0,200.0
431.0,199.0
432.0,198.0
432.0,197.0
434.0,194.0
435.0,192.0
437.0,191.0
437.0,190.0
437.0,189.0
437.0,187.0
437.0,186.0
437.0,185.0
437.0,184.0
437.0,183.0
435.0,182.0
434.0,180.0
432.0,179.0
431.0,178.0
430.0,177.0
428.0,177.0
427.0,177.0
425.0,177.0
424.0,177.0
423.0,177.0
421.0,177.0
421.0,178.0
421.0,179.0
421.0,180.0
421.0,182.0
421.0,183.0
421.0,184.0
421.0,186.0
421.0,187.0
421.0,190.0
421.0,191.0
421.0,194.0
421.0,196.0
423.0,199.0
424.0,200.0
425.0,203.0
427.0,204.0
427.0,205.0
428.0,206.0
430.0,209.0
431.0,209.0
434.0,211.0
435.0,212.0
438.0,213.0
438.0,214.0
441.0,216.0
442.0,217.0
444.0,218.0
445.0,219.0
447.0,220.0
-1.0,-1.0
316.0,66.0
318.0,66.0
322.0,66.0
323.0,66.0
328.0,66.0
332.0,66.0
336.0,66.0
339.0,66.0
345.0,66.0
347.0,66.0
352.0,66.0
354.0,66.0
357.0,66.0
360.0,66.0
364.0,66.0
366.0,66.0
368.0,66.0
370.0,66.0
374.0,66.0
375.0,66.0
377.0,66.0
378.0,66.0
381.0,66.0
384.0,66.0
387.0,66.0
391.0,66.0
392.0,66.0
395.0,66.0
397.0,66.0
399.0,64.0
401.0,64.0
404.0,64.0
405.0,64.0
406.0,64.0
408.0,64.0
409.0,64.0
411.0,64.0
412.0,64.0
413.0,64.0
415.0,64.0
416.0,64.0
418.0,63.0
421.0,63.0
422.0,63.0
423.0,63.0
425.0,63.0
426.0,63.0
-1.0,-1.0
 
