332.0,108.0
331.0,110.0
328.0,111.0
327.0,111.0
325.0,112.0
324.0,112.0
321.0,113.0
321.0,114.0
318.0,114.0
318.0,115.0
317.0,117.0
315.0,117.0
315.0,118.0
314.0,119.0
314.0,120.0
313.0,120.0
313.0,122.0
311.0,124.0
310.0,125.0
310.0,127.0
310.0,130.0
308.0,132.0
307.0,135.0
307.0,138.0
307.0,139.0
307.0,140.0
307.0,141.0
307.0,142.0
307.0,144.0
307.0,145.0
308.0,146.0
310.0,147.0
311.0,148.0
314.0,149.0
314.0,151.0
317.0,152.0
318.0,153.0
320.0,154.0
321.0,155.0
322.0,156.0
324.0,156.0
324.0,158.0
324.0,159.0
324.0,160.0
324.0,161.0
322.0,162.0
322.0,164.0
320.0,166.0
318.0,167.0
315.0,169.0
315.0,172.0
313.0,174.0
311.0,176.0
310.0,179.0
308.0,180.0
308.0,182.0
307.0,183.0
307.0,185.0
307.0,186.0
306.0,188.0
306.0,189.0
306.0,191.0
306.0,193.0
306.0,195.0
306.0,196.0
306.0,199.0
306.0,201.0
306.0,203.0
307.0,205.0
308.0,208.0
310.0,209.0
311.0,212.0
313.0,213.0
314.0,215.0
315.0,215.0
317.0,216.0
318.0,218.0
321.0,219.0
322.0,219.0
325.0,220.0
328.0,220.0
332.0,220.0
335.0,220.0
341.0,220.0
344.0,220.0
349.0,220.0
352.0,219.0
355.0,218.0
358.0,218.0
360.0,216.0
366.0,213.0
369.0,210.0
373.0,208.0
375.0,206.0
376.0,203.0
377.0,201.0
379.0,199.0
379.0,198.0
380.0,195.0
380.0,193.0
382.0,192.0
382.0,191.0
382.0,188.0
382.0,187.0
382.0,186.0
382.0,185.0
382.0,183.0
382.0,182.0
382.0,180.0
382.0,179.0
382.0,176.0
382.0,175.0
382.0,173.0
382.0,172.0
380.0,172.0
379.0,171.0
377.0,171.0
375.0,171.0
373.0,171.0
372.0,171.0
370.0,171.0
369.0,171.0
367.0,171.0
367.0,172.0
367.0,173.0
367.0,174.0
367.0,175.0
367.0,176.0
367.0,179.0
367.0,181.0
367.0,185.0
367.0,187.0
367.0,192.0
369.0,195.0
370.0,199.0
372.0,201.0
373.0,202.0
375.0,203.0
376.0,205.0
377.0,207.0
379.0,208.0
382.0,209.0
383.0,210.0
386.0,212.0
387.0,212.0
390.0,213.0
393.0,214.0
396.0,215.0
397.0,215.0
400.0,216.0
403.0,216.0
404.0,216.0
405.0,216.0
407.0,218.0
408.0,218.0
-1.0,-1.0
275.0,105.0
280.0,105.0
283.0,105.0
284.0,105.0
287.0,105.0
291.0,105.0
295.0,105.0
299.0,105.0
305.0,105.0
308.0,105.0
312.0,105.0
315.0,105.0
321.0,105.0
323.0,105.0
328.0,105.0
330.0,105.0
335.0,105.0
337.0,105.0
340.0,105.0
343.0,105.0
347.0,105.0
350.0,105.0
353.0,105.0
354.0,105.0
359.0,104.0
360.0,104.0
363.0,104.0
366.0,104.0
368.0,104.0
370.0,103.0
373.0,103.0
374.0,103.0
377.0,103.0
378.0,103.0
381.0,103.0
382.0,103.0
-1.0,-1.0
 
