355.0,155.0
352.0,154.0
347.0,153.0
344.0,151.0
335.0,149.0
328.0,147.0
320.0,146.0
317.0,146.0
313.0,146.0
310.0,146.0
306.0,146.0
304.0,146.0
303.0,146.0
302.0,147.0
300.0,148.0
299.0,149.0
299.0,150.0
297.0,153.0
297.0,154.0
296.0,155.0
296.0,156.0
296.0,158.0
295.0,160.0
295.0,163.0
295.0,164.0
295.0,168.0
295.0,171.0
295.0,175.0
295.0,177.0
295.0,182.0
295.0,184.0
296.0,187.0
297.0,188.0
299.0,190.0
300.0,191.0
303.0,192.0
304.0,194.0
306.0,195.0
307.0,195.0
309.0,195.0
310.0,195.0
312.0,196.0
313.0,196.0
313.0,197.0
312.0,198.0
309.0,199.0
306.0,201.0
303.0,203.0
300.0,204.0
296.0,207.0
295.0,208.0
293.0,210.0
292.0,212.0
290.0,215.0
289.0,217.0
289.0,219.0
289.0,222.0
288.0,224.0
288.0,228.0
286.0,231.0
286.0,235.0
286.0,236.0
286.0,238.0
286.0,239.0
286.0,241.0
286.0,242.0
288.0,243.0
288.0,244.0
290.0,245.0
292.0,246.0
293.0,248.0
295.0,248.0
296.0,249.0
297.0,250.0
299.0,251.0
303.0,252.0
306.0,253.0
309.0,255.0
312.0,255.0
314.0,255.0
317.0,256.0
321.0,256.0
326.0,256.0
330.0,253.0
334.0,251.0
338.0,248.0
341.0,245.0
344.0,242.0
345.0,239.0
347.0,237.0
348.0,236.0
350.0,234.0
350.0,231.0
350.0,229.0
350.0,228.0
350.0,225.0
351.0,224.0
351.0,221.0
351.0,219.0
351.0,217.0
351.0,216.0
351.0,214.0
351.0,212.0
351.0,211.0
351.0,210.0
351.0,209.0
351.0,208.0
351.0,207.0
350.0,205.0
350.0,204.0
347.0,203.0
345.0,203.0
342.0,202.0
341.0,202.0
340.0,202.0
338.0,202.0
337.0,202.0
337.0,203.0
335.0,204.0
335.0,207.0
335.0,208.0
335.0,210.0
335.0,212.0
335.0,216.0
335.0,218.0
335.0,221.0
335.0,223.0
335.0,226.0
335.0,230.0
335.0,234.0
337.0,237.0
338.0,241.0
340.0,243.0
342.0,248.0
344.0,250.0
347.0,253.0
350.0,256.0
352.0,261.0
355.0,263.0
358.0,266.0
359.0,269.0
362.0,271.0
365.0,273.0
368.0,276.0
369.0,278.0
371.0,278.0
372.0,279.0
373.0,279.0
-1.0,-1.0
262.0,126.0
266.0,126.0
271.0,126.0
278.0,128.0
283.0,128.0
292.0,129.0
297.0,129.0
306.0,129.0
310.0,129.0
317.0,129.0
321.0,129.0
328.0,129.0
333.0,129.0
335.0,129.0
337.0,129.0
340.0,129.0
344.0,129.0
347.0,129.0
351.0,129.0
355.0,129.0
358.0,129.0
361.0,129.0
364.0,129.0
365.0,129.0
366.0,129.0
368.0,129.0
369.0,129.0
371.0,129.0
-1.0,-1.0
 
