.VERSION 1.0 
.HIERARCHY CHARACTER
.COORD X Y T
.SEGMENT CHARACTER 0-1 OK "39"
.H_LINE 2999 3874
.V_LINE 6500 7250
.X_DIM 750
.Y_DIM 874
.X_POINTS_PER_INCH 1000
.Y_POINTS_PER_INCH 1000
.POINTS_PER_SECOND 125
.COMMENT CALIB X: -62 Y: -85

.WRITER_INFO
 Name: AKSHAY
 WriterId: 77
 Hand: right
 EducationLevel: college graduate
 Gender: male
 Profession: student
 Region: chennai
 Age: 21
 DeviceType: digimemo a402
 SkillDevice: average
 Language: hindi
 Script: indic
 Native: false
 Style: discrete
 UsageFreq: once a month
 Proficiency: average
 Date: 2007-6-30
 WritingInProfession: no

.PEN_DOWN
6540 3438 0
6541 3434 0
6543 3438 0
6545 3445 0
6546 3459 0
6546 3475 0
6546 3491 0
6544 3506 0
6542 3520 0
6539 3530 0
6537 3537 0
6536 3541 0
6537 3538 0
6539 3530 0
6544 3516 0
6551 3498 0
6561 3477 0
6575 3455 0
6587 3435 0
6599 3419 0
6610 3409 0
6619 3404 0
6625 3404 0
6631 3409 0
6635 3419 0
6638 3433 0
6639 3448 0
6638 3463 0
6635 3475 0
6634 3483 0
6634 3486 0
6640 3482 0
6649 3474 0
6660 3462 0
6671 3450 0
6681 3439 0
6689 3430 0
6696 3424 0
6700 3421 0
6703 3420 0
6707 3420 0
6710 3419 0
6714 3418 0
6718 3416 0
6721 3413 0
6725 3408 0
6729 3402 0
6732 3396 0
6734 3387 0
6736 3379 0
6737 3371 0
6737 3364 0
6737 3360 0
6736 3365 0
6734 3378 0
6732 3399 0
6728 3428 0
6725 3460 0
6723 3488 0
6723 3510 0
6724 3524 0
6728 3532 0
6733 3534 0
6740 3529 0
6750 3521 0
6760 3503 0
.PEN_UP
.PEN_DOWN
6614 3335 0
6611 3335 0
6616 3337 0
6630 3338 0
6660 3337 0
6701 3335 0
6748 3333 0
6799 3332 0
6842 3331 0
6874 3331 0
6895 3331 0
6904 3331 0
6907 3332 0
6901 3332 0
.PEN_UP
