81.0,56.0
82.0,58.0
84.0,59.0
85.0,62.0
87.0,64.0
89.0,67.0
91.0,70.0
95.0,76.0
98.0,80.0
99.0,85.0
101.0,87.0
101.0,91.0
102.0,94.0
102.0,98.0
102.0,101.0
102.0,105.0
102.0,109.0
102.0,112.0
102.0,116.0
102.0,119.0
102.0,121.0
102.0,123.0
102.0,124.0
102.0,126.0
102.0,128.0
102.0,131.0
102.0,134.0
102.0,135.0
102.0,138.0
101.0,140.0
99.0,143.0
99.0,144.0
98.0,145.0
98.0,146.0
96.0,147.0
94.0,150.0
92.0,151.0
89.0,153.0
88.0,153.0
87.0,154.0
85.0,154.0
82.0,154.0
79.0,155.0
77.0,155.0
74.0,155.0
71.0,155.0
68.0,155.0
67.0,155.0
64.0,154.0
64.0,153.0
63.0,152.0
61.0,152.0
61.0,151.0
61.0,150.0
61.0,148.0
61.0,147.0
63.0,147.0
64.0,147.0
65.0,147.0
70.0,147.0
72.0,147.0
77.0,147.0
79.0,148.0
85.0,152.0
88.0,153.0
95.0,158.0
98.0,160.0
106.0,167.0
113.0,173.0
122.0,182.0
130.0,189.0
140.0,199.0
148.0,204.0
155.0,208.0
160.0,213.0
162.0,215.0
163.0,215.0
164.0,217.0
166.0,218.0
167.0,218.0
-1.0,-1.0
142.0,61.0
142.0,65.0
144.0,69.0
145.0,72.0
145.0,76.0
146.0,79.0
146.0,82.0
148.0,85.0
148.0,87.0
148.0,88.0
149.0,91.0
149.0,94.0
149.0,96.0
151.0,99.0
151.0,101.0
151.0,103.0
151.0,105.0
151.0,107.0
151.0,108.0
151.0,109.0
151.0,110.0
151.0,112.0
151.0,113.0
151.0,114.0
151.0,115.0
151.0,116.0
151.0,118.0
149.0,119.0
148.0,119.0
146.0,120.0
145.0,120.0
142.0,121.0
141.0,122.0
138.0,122.0
135.0,123.0
132.0,123.0
130.0,123.0
127.0,125.0
124.0,125.0
123.0,125.0
121.0,125.0
118.0,125.0
117.0,125.0
116.0,125.0
114.0,125.0
-1.0,-1.0
59.0,54.0
61.0,54.0
65.0,53.0
68.0,53.0
75.0,52.0
80.0,52.0
92.0,52.0
104.0,50.0
126.0,50.0
135.0,48.0
154.0,47.0
164.0,47.0
183.0,47.0
192.0,47.0
198.0,47.0
202.0,47.0
207.0,47.0
217.0,47.0
228.0,47.0
236.0,48.0
240.0,50.0
241.0,50.0
-1.0,-1.0
 
