314.0,120.0
314.0,123.0
314.0,129.0
312.0,136.0
312.0,142.0
310.0,147.0
309.0,153.0
309.0,160.0
306.0,166.0
304.0,170.0
303.0,176.0
302.0,178.0
300.0,180.0
299.0,183.0
297.0,185.0
299.0,187.0
302.0,189.0
305.0,191.0
311.0,193.0
317.0,196.0
323.0,199.0
331.0,203.0
339.0,206.0
348.0,209.0
352.0,212.0
359.0,215.0
362.0,217.0
366.0,220.0
370.0,223.0
374.0,224.0
376.0,227.0
379.0,228.0
381.0,228.0
383.0,228.0
386.0,228.0
388.0,226.0
389.0,222.0
389.0,217.0
-1.0,-1.0
375.0,118.0
375.0,120.0
375.0,124.0
375.0,127.0
376.0,135.0
376.0,137.0
376.0,143.0
376.0,146.0
377.0,150.0
377.0,154.0
377.0,158.0
375.0,162.0
375.0,167.0
375.0,171.0
375.0,174.0
375.0,176.0
373.0,178.0
372.0,181.0
371.0,183.0
369.0,187.0
365.0,190.0
364.0,192.0
360.0,194.0
358.0,194.0
356.0,195.0
352.0,196.0
349.0,196.0
347.0,196.0
345.0,196.0
342.0,196.0
340.0,196.0
336.0,197.0
332.0,197.0
330.0,198.0
327.0,196.0
325.0,196.0
323.0,194.0
321.0,192.0
-1.0,-1.0
259.0,121.0
263.0,121.0
268.0,121.0
274.0,121.0
283.0,119.0
287.0,119.0
294.0,119.0
301.0,119.0
309.0,119.0
319.0,119.0
326.0,119.0
332.0,117.0
339.0,117.0
346.0,117.0
356.0,117.0
362.0,117.0
369.0,117.0
376.0,117.0
382.0,115.0
389.0,115.0
395.0,115.0
402.0,115.0
407.0,115.0
413.0,113.0
418.0,113.0
423.0,113.0
427.0,113.0
430.0,113.0
432.0,113.0
433.0,113.0
-1.0,-1.0
 
