352.0,52.0
352.0,53.0
352.0,55.0
352.0,56.0
352.0,57.0
352.0,58.0
352.0,59.0
352.0,62.0
352.0,63.0
352.0,65.0
352.0,67.0
352.0,72.0
352.0,74.0
352.0,78.0
350.0,81.0
350.0,85.0
350.0,87.0
350.0,91.0
350.0,93.0
349.0,96.0
349.0,98.0
349.0,101.0
349.0,103.0
349.0,105.0
349.0,107.0
348.0,110.0
348.0,112.0
348.0,114.0
348.0,117.0
346.0,120.0
346.0,121.0
346.0,124.0
346.0,125.0
345.0,127.0
345.0,128.0
345.0,130.0
345.0,131.0
345.0,132.0
345.0,133.0
343.0,133.0
343.0,134.0
346.0,134.0
349.0,134.0
352.0,135.0
357.0,137.0
360.0,138.0
366.0,140.0
370.0,141.0
376.0,143.0
380.0,145.0
386.0,147.0
390.0,150.0
398.0,153.0
402.0,155.0
405.0,157.0
408.0,158.0
411.0,160.0
417.0,162.0
419.0,164.0
424.0,166.0
426.0,167.0
431.0,169.0
432.0,171.0
435.0,173.0
436.0,174.0
439.0,175.0
440.0,175.0
440.0,174.0
440.0,173.0
-1.0,-1.0
403.0,50.0
403.0,51.0
403.0,52.0
403.0,53.0
403.0,54.0
403.0,55.0
403.0,57.0
403.0,58.0
404.0,59.0
404.0,61.0
404.0,65.0
404.0,67.0
404.0,70.0
404.0,72.0
404.0,74.0
404.0,75.0
404.0,78.0
404.0,80.0
404.0,82.0
404.0,84.0
404.0,86.0
404.0,87.0
404.0,90.0
404.0,91.0
404.0,93.0
404.0,94.0
404.0,95.0
404.0,97.0
404.0,98.0
404.0,99.0
404.0,100.0
404.0,101.0
404.0,102.0
403.0,104.0
403.0,105.0
403.0,107.0
403.0,108.0
401.0,109.0
401.0,111.0
400.0,112.0
400.0,113.0
400.0,114.0
399.0,115.0
397.0,117.0
396.0,118.0
394.0,119.0
393.0,120.0
392.0,121.0
392.0,122.0
389.0,124.0
387.0,125.0
386.0,126.0
384.0,126.0
383.0,127.0
382.0,128.0
379.0,128.0
377.0,129.0
376.0,131.0
375.0,131.0
372.0,132.0
370.0,132.0
369.0,132.0
368.0,132.0
366.0,132.0
-1.0,-1.0
279.0,50.0
282.0,50.0
283.0,50.0
287.0,48.0
289.0,48.0
293.0,47.0
299.0,47.0
307.0,46.0
310.0,46.0
317.0,45.0
321.0,45.0
328.0,45.0
331.0,45.0
334.0,45.0
337.0,45.0
339.0,45.0
345.0,45.0
348.0,45.0
352.0,45.0
355.0,45.0
359.0,45.0
362.0,45.0
365.0,45.0
368.0,45.0
372.0,45.0
373.0,45.0
377.0,45.0
379.0,45.0
383.0,45.0
384.0,45.0
387.0,45.0
390.0,45.0
393.0,45.0
396.0,45.0
399.0,45.0
401.0,45.0
406.0,45.0
408.0,45.0
413.0,45.0
415.0,45.0
420.0,45.0
422.0,45.0
425.0,45.0
428.0,45.0
431.0,45.0
432.0,45.0
435.0,45.0
437.0,45.0
439.0,45.0
441.0,45.0
442.0,45.0
445.0,45.0
446.0,45.0
448.0,45.0
449.0,45.0
451.0,45.0
-1.0,-1.0
 
