240.0,56.0
240.0,57.0
240.0,59.0
240.0,60.0
240.0,61.0
240.0,62.0
240.0,63.0
240.0,65.0
240.0,68.0
240.0,72.0
240.0,77.0
240.0,81.0
240.0,88.0
240.0,92.0
241.0,95.0
241.0,97.0
241.0,100.0
241.0,104.0
241.0,107.0
241.0,110.0
241.0,111.0
241.0,115.0
241.0,116.0
241.0,117.0
241.0,120.0
241.0,121.0
241.0,124.0
241.0,127.0
241.0,130.0
241.0,133.0
241.0,135.0
241.0,136.0
241.0,138.0
241.0,140.0
243.0,141.0
244.0,141.0
246.0,141.0
247.0,141.0
253.0,142.0
257.0,144.0
265.0,147.0
270.0,148.0
277.0,151.0
282.0,153.0
289.0,155.0
295.0,156.0
299.0,157.0
302.0,158.0
308.0,160.0
319.0,162.0
325.0,163.0
334.0,163.0
340.0,165.0
345.0,165.0
348.0,165.0
352.0,165.0
354.0,165.0
356.0,165.0
358.0,165.0
359.0,165.0
361.0,164.0
362.0,164.0
363.0,163.0
365.0,161.0
365.0,160.0
365.0,159.0
365.0,158.0
365.0,157.0
-1.0,-1.0
304.0,56.0
304.0,58.0
306.0,59.0
306.0,60.0
307.0,62.0
308.0,65.0
310.0,66.0
311.0,68.0
313.0,70.0
314.0,73.0
315.0,75.0
317.0,77.0
318.0,80.0
320.0,82.0
320.0,83.0
321.0,86.0
321.0,87.0
321.0,89.0
321.0,90.0
321.0,92.0
321.0,93.0
321.0,95.0
321.0,96.0
321.0,100.0
321.0,102.0
321.0,106.0
320.0,108.0
318.0,112.0
317.0,114.0
315.0,116.0
315.0,119.0
314.0,120.0
313.0,121.0
311.0,122.0
310.0,123.0
308.0,126.0
307.0,127.0
304.0,129.0
303.0,130.0
300.0,133.0
299.0,134.0
297.0,135.0
296.0,135.0
294.0,136.0
293.0,137.0
292.0,139.0
290.0,139.0
289.0,140.0
287.0,140.0
285.0,141.0
283.0,141.0
280.0,142.0
279.0,143.0
277.0,143.0
276.0,143.0
275.0,143.0
273.0,143.0
272.0,143.0
270.0,143.0
269.0,143.0
268.0,143.0
-1.0,-1.0
197.0,47.0
199.0,47.0
200.0,47.0
203.0,47.0
204.0,47.0
207.0,47.0
209.0,47.0
213.0,47.0
220.0,47.0
224.0,47.0
232.0,47.0
235.0,47.0
241.0,47.0
245.0,47.0
249.0,47.0
252.0,47.0
258.0,47.0
263.0,47.0
272.0,47.0
277.0,47.0
292.0,47.0
307.0,45.0
338.0,43.0
349.0,41.0
366.0,39.0
376.0,37.0
385.0,37.0
393.0,35.0
398.0,35.0
400.0,35.0
403.0,35.0
405.0,35.0
407.0,35.0
409.0,35.0
-1.0,-1.0
 
