299.0,124.0
298.0,122.0
297.0,125.0
297.0,129.0
297.0,132.0
297.0,135.0
297.0,139.0
297.0,143.0
297.0,152.0
297.0,156.0
297.0,160.0
297.0,164.0
298.0,168.0
298.0,173.0
298.0,177.0
298.0,179.0
298.0,183.0
298.0,187.0
298.0,191.0
299.0,193.0
299.0,196.0
297.0,198.0
297.0,202.0
300.0,203.0
303.0,204.0
305.0,206.0
308.0,206.0
312.0,207.0
316.0,208.0
320.0,211.0
324.0,212.0
329.0,214.0
333.0,216.0
336.0,217.0
340.0,219.0
344.0,221.0
348.0,224.0
350.0,225.0
354.0,228.0
357.0,229.0
361.0,231.0
363.0,233.0
367.0,235.0
371.0,235.0
373.0,235.0
376.0,235.0
378.0,233.0
380.0,232.0
380.0,228.0
380.0,226.0
378.0,223.0
377.0,221.0
377.0,219.0
378.0,218.0
-1.0,-1.0
351.0,124.0
351.0,128.0
351.0,130.0
351.0,134.0
351.0,139.0
351.0,145.0
351.0,148.0
352.0,152.0
352.0,158.0
350.0,160.0
351.0,164.0
351.0,168.0
351.0,170.0
351.0,174.0
349.0,177.0
349.0,180.0
349.0,183.0
349.0,185.0
347.0,188.0
347.0,190.0
345.0,194.0
344.0,196.0
341.0,197.0
339.0,199.0
335.0,200.0
331.0,201.0
329.0,201.0
327.0,201.0
324.0,201.0
322.0,201.0
319.0,202.0
318.0,204.0
-1.0,-1.0
232.0,124.0
236.0,124.0
239.0,124.0
243.0,124.0
246.0,124.0
249.0,124.0
253.0,124.0
261.0,125.0
266.0,125.0
272.0,123.0
277.0,123.0
284.0,123.0
290.0,123.0
297.0,123.0
302.0,123.0
306.0,123.0
308.0,123.0
314.0,123.0
319.0,123.0
326.0,123.0
330.0,123.0
335.0,123.0
341.0,123.0
346.0,121.0
352.0,121.0
354.0,122.0
360.0,122.0
362.0,122.0
364.0,122.0
367.0,122.0
370.0,122.0
373.0,122.0
375.0,120.0
377.0,120.0
380.0,120.0
384.0,120.0
386.0,120.0
387.0,118.0
-1.0,-1.0
 
