225.0,75.0
225.0,83.0
223.0,95.0
224.0,105.0
224.0,115.0
224.0,125.0
225.0,130.0
225.0,138.0
226.0,146.0
226.0,153.0
224.0,159.0
224.0,164.0
224.0,168.0
224.0,172.0
224.0,176.0
222.0,178.0
222.0,180.0
222.0,183.0
222.0,185.0
220.0,187.0
222.0,187.0
224.0,187.0
227.0,188.0
229.0,189.0
231.0,190.0
234.0,191.0
237.0,194.0
241.0,197.0
243.0,199.0
247.0,202.0
253.0,206.0
256.0,210.0
258.0,213.0
262.0,217.0
267.0,220.0
270.0,221.0
274.0,222.0
280.0,224.0
284.0,222.0
286.0,222.0
289.0,219.0
291.0,216.0
293.0,214.0
295.0,210.0
295.0,204.0
293.0,201.0
-1.0,-1.0
284.0,70.0
282.0,72.0
282.0,76.0
282.0,80.0
282.0,87.0
283.0,93.0
283.0,98.0
283.0,105.0
283.0,111.0
283.0,118.0
284.0,124.0
284.0,129.0
284.0,134.0
284.0,140.0
284.0,144.0
284.0,149.0
284.0,154.0
282.0,157.0
281.0,161.0
280.0,165.0
280.0,167.0
278.0,169.0
274.0,174.0
270.0,176.0
268.0,177.0
265.0,179.0
263.0,179.0
261.0,179.0
258.0,180.0
256.0,180.0
252.0,181.0
250.0,181.0
247.0,181.0
245.0,179.0
241.0,175.0
238.0,173.0
237.0,169.0
234.0,165.0
232.0,165.0
-1.0,-1.0
154.0,64.0
158.0,64.0
165.0,65.0
171.0,65.0
176.0,66.0
184.0,66.0
191.0,67.0
197.0,68.0
203.0,70.0
208.0,71.0
213.0,71.0
219.0,72.0
223.0,72.0
227.0,72.0
232.0,73.0
234.0,73.0
242.0,74.0
246.0,74.0
251.0,74.0
256.0,74.0
262.0,74.0
269.0,74.0
276.0,74.0
284.0,74.0
289.0,74.0
296.0,74.0
302.0,74.0
309.0,74.0
314.0,74.0
320.0,74.0
325.0,74.0
331.0,74.0
335.0,75.0
338.0,75.0
344.0,75.0
346.0,75.0
350.0,75.0
352.0,75.0
353.0,75.0
-1.0,-1.0
 
