214.0,55.0
214.0,57.0
214.0,58.0
214.0,61.0
214.0,64.0
214.0,67.0
214.0,69.0
214.0,71.0
214.0,73.0
214.0,75.0
214.0,79.0
214.0,81.0
214.0,86.0
214.0,88.0
214.0,89.0
214.0,92.0
214.0,93.0
214.0,96.0
214.0,98.0
214.0,100.0
214.0,102.0
214.0,103.0
214.0,105.0
214.0,107.0
214.0,111.0
214.0,113.0
214.0,114.0
214.0,115.0
215.0,115.0
215.0,116.0
215.0,118.0
217.0,118.0
218.0,118.0
220.0,118.0
222.0,119.0
227.0,120.0
229.0,121.0
235.0,123.0
239.0,126.0
248.0,129.0
253.0,132.0
262.0,134.0
266.0,135.0
272.0,137.0
275.0,139.0
279.0,139.0
282.0,140.0
284.0,141.0
287.0,141.0
290.0,141.0
293.0,142.0
294.0,142.0
-1.0,-1.0
258.0,61.0
258.0,62.0
258.0,63.0
258.0,64.0
258.0,65.0
258.0,67.0
258.0,68.0
258.0,70.0
258.0,71.0
258.0,75.0
258.0,77.0
258.0,81.0
258.0,82.0
258.0,85.0
258.0,86.0
257.0,89.0
257.0,90.0
257.0,92.0
257.0,94.0
257.0,95.0
255.0,96.0
255.0,97.0
255.0,98.0
255.0,99.0
254.0,101.0
254.0,102.0
253.0,103.0
251.0,104.0
251.0,108.0
250.0,109.0
248.0,111.0
247.0,112.0
246.0,115.0
246.0,116.0
244.0,118.0
243.0,119.0
241.0,120.0
241.0,122.0
240.0,122.0
239.0,123.0
237.0,123.0
236.0,124.0
234.0,124.0
233.0,124.0
233.0,125.0
231.0,125.0
230.0,125.0
-1.0,-1.0
182.0,57.0
184.0,57.0
185.0,57.0
186.0,57.0
189.0,57.0
192.0,57.0
195.0,56.0
199.0,56.0
203.0,56.0
209.0,55.0
213.0,55.0
219.0,55.0
222.0,55.0
227.0,55.0
231.0,55.0
234.0,55.0
237.0,55.0
241.0,55.0
251.0,55.0
257.0,55.0
265.0,55.0
269.0,55.0
274.0,55.0
278.0,55.0
282.0,55.0
285.0,55.0
289.0,55.0
292.0,55.0
295.0,55.0
296.0,56.0
299.0,56.0
300.0,56.0
302.0,56.0
-1.0,-1.0
 
