229.0,221.0
229.0,219.0
229.0,224.0
227.0,228.0
227.0,232.0
227.0,237.0
227.0,239.0
227.0,243.0
227.0,249.0
225.0,251.0
226.0,255.0
226.0,259.0
226.0,263.0
226.0,265.0
226.0,267.0
226.0,270.0
226.0,272.0
226.0,274.0
226.0,277.0
228.0,279.0
231.0,280.0
234.0,282.0
237.0,282.0
241.0,283.0
245.0,283.0
250.0,284.0
254.0,285.0
259.0,285.0
263.0,286.0
267.0,287.0
271.0,287.0
274.0,288.0
276.0,289.0
279.0,290.0
281.0,293.0
283.0,293.0
284.0,291.0
-1.0,-1.0
260.0,215.0
261.0,217.0
262.0,220.0
263.0,224.0
265.0,228.0
266.0,232.0
266.0,234.0
266.0,238.0
264.0,240.0
264.0,244.0
262.0,246.0
262.0,250.0
262.0,253.0
260.0,257.0
259.0,259.0
258.0,261.0
255.0,263.0
253.0,265.0
250.0,266.0
248.0,268.0
245.0,270.0
243.0,270.0
239.0,270.0
237.0,271.0
234.0,271.0
233.0,268.0
235.0,267.0
235.0,266.0
-1.0,-1.0
192.0,212.0
196.0,210.0
198.0,210.0
201.0,211.0
204.0,209.0
208.0,210.0
212.0,210.0
216.0,210.0
220.0,210.0
224.0,210.0
228.0,210.0
231.0,210.0
235.0,208.0
239.0,208.0
243.0,209.0
246.0,209.0
250.0,210.0
252.0,210.0
254.0,210.0
257.0,211.0
259.0,211.0
263.0,211.0
265.0,211.0
267.0,212.0
271.0,212.0
274.0,212.0
277.0,212.0
280.0,212.0
282.0,212.0
286.0,212.0
288.0,212.0
291.0,212.0
293.0,212.0
297.0,212.0
295.0,214.0
293.0,215.0
-1.0,-1.0
 
