.VERSION 1.0 
.HIERARCHY CHARACTER
.COORD X Y T
.SEGMENT CHARACTER 0-4 OK "7"
.H_LINE 2999 3874
.V_LINE 3500 4250
.X_DIM 750
.Y_DIM 874
.X_POINTS_PER_INCH 1000
.Y_POINTS_PER_INCH 1000
.POINTS_PER_SECOND 125
.COMMENT CALIB X: 36 Y: 0

.WRITER_INFO
 Name: WANGDUP
 WriterId: 50
 Hand: right
 EducationLevel: high school
 Gender: male
 Profession: student
 Region: darjeeling
 Age: 18
 DeviceType: digimemo a402
 SkillDevice: average
 Language: hindi
 Script: indic
 Native: true
 Style: discrete
 UsageFreq: once a month
 Proficiency: average
 Date: 2007-6-22
 WritingInProfession: no

.PEN_DOWN
3957 3354 0
3959 3351 0
3961 3348 0
3962 3345 0
3964 3348 0
3965 3352 0
3966 3357 0
3967 3365 0
3968 3375 0
3970 3388 0
3972 3402 0
3973 3419 0
3974 3438 0
3975 3460 0
3975 3481 0
3974 3501 0
3973 3519 0
3973 3535 0
3973 3549 0
3973 3559 0
3973 3567 0
3973 3573 0
3974 3577 0
3973 3574 0
3974 3570 0
.PEN_UP
.PEN_DOWN
3964 3410 0
3967 3408 0
3962 3407 0
3956 3406 0
3948 3405 0
3938 3403 0
3928 3401 0
3917 3399 0
3905 3397 0
3893 3394 0
3881 3390 0
3870 3387 0
3861 3384 0
3853 3381 0
3845 3380 0
3839 3378 0
3835 3377 0
3835 3380 0
3837 3383 0
3829 3385 0
.PEN_UP
.PEN_DOWN
3972 3432 0
3969 3431 0
3966 3431 0
3963 3432 0
3960 3433 0
3955 3436 0
3947 3440 0
3938 3446 0
3928 3452 0
3918 3458 0
3907 3469 0
3897 3480 0
3887 3491 0
3878 3503 0
3870 3513 0
3864 3521 0
3860 3528 0
3857 3533 0
3855 3537 0
3855 3540 0
3859 3540 0
3864 3539 0
3879 3539 0
.PEN_UP
.PEN_DOWN
3993 3437 0
3992 3434 0
3995 3437 0
3998 3439 0
4002 3440 0
4007 3440 0
4013 3440 0
4018 3440 0
4022 3439 0
4027 3438 0
4031 3436 0
4034 3434 0
4036 3431 0
4038 3427 0
4041 3422 0
4044 3417 0
4046 3411 0
4049 3406 0
4051 3401 0
4053 3397 0
4054 3393 0
4054 3390 0
4054 3387 0
4051 3385 0
4048 3384 0
4045 3384 0
4044 3387 0
4044 3392 0
4045 3396 0
4046 3401 0
4046 3406 0
4046 3411 0
4046 3415 0
4047 3419 0
4048 3423 0
4049 3427 0
4051 3432 0
4053 3437 0
4056 3442 0
4059 3446 0
4062 3450 0
4065 3453 0
4067 3456 0
4070 3458 0
4073 3459 0
4076 3460 0
4079 3461 0
4082 3461 0
4085 3461 0
4088 3461 0
4085 3459 0
4081 3458 0
4076 3458 0
4072 3459 0
4069 3460 0
4066 3461 0
4064 3464 0
4061 3469 0
4058 3475 0
4055 3481 0
4052 3488 0
4049 3496 0
4047 3504 0
4045 3512 0
4044 3518 0
4044 3525 0
4044 3531 0
4044 3538 0
4045 3546 0
4046 3552 0
4048 3557 0
4052 3561 0
4056 3565 0
4061 3568 0
4068 3570 0
4076 3570 0
4085 3569 0
4096 3568 0
4106 3566 0
4116 3565 0
4125 3563 0
4134 3561 0
4141 3559 0
4146 3557 0
4151 3556 0
4154 3556 0
.PEN_UP
.PEN_DOWN
3904 3343 0
3898 3343 0
3893 3344 0
3890 3344 0
3893 3344 0
3898 3344 0
3906 3344 0
3915 3344 0
3927 3343 0
3942 3342 0
3958 3341 0
3973 3340 0
3986 3339 0
3997 3338 0
4006 3338 0
4014 3337 0
4020 3337 0
4025 3337 0
4029 3337 0
4032 3337 0
4035 3337 0
4038 3336 0
4041 3336 0
4041 3336 0
.PEN_UP
