.VERSION 1.0 
.HIERARCHY CHARACTER
.COORD X Y T
.SEGMENT CHARACTER 0-2 OK "8"
.H_LINE 2999 3874
.V_LINE 5000 5750
.X_DIM 750
.Y_DIM 874
.X_POINTS_PER_INCH 1000
.Y_POINTS_PER_INCH 1000
.POINTS_PER_SECOND 125
.COMMENT CALIB X: 52 Y: -2

.WRITER_INFO
 Name: WANGDUP
 WriterId: 50
 Hand: right
 EducationLevel: high school
 Gender: male
 Profession: student
 Region: darjeeling
 Age: 18
 DeviceType: digimemo a402
 SkillDevice: average
 Language: hindi
 Script: indic
 Native: true
 Style: discrete
 UsageFreq: once a month
 Proficiency: average
 Date: 2007-6-22
 WritingInProfession: no

.PEN_DOWN
5318 3403 0
5319 3399 0
5322 3395 0
5326 3390 0
5333 3385 0
5342 3382 0
5353 3380 0
5365 3381 0
5377 3384 0
5384 3388 0
5387 3396 0
5389 3407 0
5389 3420 0
5385 3434 0
5379 3450 0
5370 3467 0
5359 3482 0
5346 3496 0
5333 3508 0
5321 3518 0
5312 3525 0
5305 3531 0
5300 3535 0
5304 3537 0
5311 3538 0
5319 3539 0
5330 3541 0
5343 3543 0
5358 3546 0
5373 3549 0
5387 3552 0
5399 3556 0
5410 3559 0
5421 3561 0
.PEN_UP
.PEN_DOWN
5392 3483 0
5393 3480 0
5397 3479 0
5403 3479 0
5412 3480 0
5424 3480 0
5439 3480 0
5455 3480 0
5470 3479 0
5483 3477 0
5492 3474 0
5498 3470 0
5502 3464 0
5504 3457 0
5506 3447 0
5507 3438 0
5507 3431 0
5506 3424 0
5505 3418 0
5504 3412 0
5502 3406 0
5499 3401 0
5496 3397 0
5494 3392 0
5491 3389 0
5488 3387 0
5490 3392 0
5491 3397 0
.PEN_UP
.PEN_DOWN
5271 3356 0
5268 3356 0
5272 3357 0
5276 3357 0
5283 3357 0
5291 3356 0
5302 3354 0
5323 3352 0
5354 3350 0
5394 3349 0
5435 3349 0
5473 3349 0
5502 3349 0
5522 3349 0
5535 3349 0
5540 3349 0
5537 3350 0
5534 3352 0
.PEN_UP
