.VERSION 1.0 
.HIERARCHY CHARACTER
.COORD X Y T
.SEGMENT CHARACTER 0-2 OK "13"
.H_LINE 4624 5499
.V_LINE 5000 5750
.X_DIM 750
.Y_DIM 874
.X_POINTS_PER_INCH 1000
.Y_POINTS_PER_INCH 1000
.POINTS_PER_SECOND 125
.COMMENT CALIB X: 38 Y: 15

.WRITER_INFO
 Name: WANGDUP
 WriterId: 50
 Hand: right
 EducationLevel: high school
 Gender: male
 Profession: student
 Region: darjeeling
 Age: 18
 DeviceType: digimemo a402
 SkillDevice: average
 Language: hindi
 Script: indic
 Native: true
 Style: discrete
 UsageFreq: once a month
 Proficiency: average
 Date: 2007-6-22
 WritingInProfession: no

.PEN_DOWN
5327 5085 0
5330 5079 0
5334 5073 0
5340 5068 0
5346 5064 0
5354 5061 0
5362 5059 0
5369 5060 0
5376 5063 0
5382 5068 0
5385 5075 0
5387 5085 0
5387 5095 0
5385 5104 0
5381 5112 0
5376 5122 0
5369 5131 0
5360 5140 0
5348 5148 0
5335 5156 0
5322 5162 0
5310 5167 0
5300 5171 0
5292 5175 0
5288 5178 0
5288 5181 0
5291 5183 0
5295 5184 0
5304 5185 0
5315 5185 0
5329 5184 0
5346 5183 0
5364 5182 0
5380 5182 0
5394 5182 0
5405 5181 0
5412 5180 0
5416 5178 0
5416 5178 0
.PEN_UP
.PEN_DOWN
5510 5094 0
5509 5090 0
5508 5087 0
5506 5084 0
5504 5089 0
5503 5094 0
5502 5100 0
5502 5107 0
5503 5114 0
5504 5122 0
5505 5130 0
5507 5139 0
5509 5148 0
5511 5156 0
5512 5162 0
5513 5166 0
5514 5169 0
5513 5163 0
5511 5156 0
5509 5146 0
5506 5136 0
5502 5128 0
5496 5121 0
5488 5113 0
5474 5108 0
5458 5105 0
5443 5103 0
5429 5104 0
5416 5105 0
5406 5107 0
5400 5112 0
5398 5118 0
5400 5125 0
5406 5132 0
5414 5138 0
5422 5143 0
5432 5147 0
5443 5149 0
5456 5149 0
5469 5148 0
5481 5147 0
5489 5145 0
5495 5144 0
5502 5139 0
.PEN_UP
.PEN_DOWN
5302 5063 0
5306 5061 0
5313 5059 0
5326 5058 0
5346 5056 0
5373 5054 0
5408 5052 0
5443 5051 0
5474 5050 0
5500 5050 0
5520 5050 0
5534 5050 0
5543 5050 0
5547 5050 0
5543 5049 0
5539 5049 0
5536 5051 0
.PEN_UP
