.VERSION 1.0 
.HIERARCHY CHARACTER
.COORD X Y T
.SEGMENT CHARACTER 0-1 OK "35"
.H_LINE 2999 3874
.V_LINE 499 1250
.X_DIM 750
.Y_DIM 874
.X_POINTS_PER_INCH 1000
.Y_POINTS_PER_INCH 1000
.POINTS_PER_SECOND 125
.COMMENT CALIB X: 15 Y: -3

.WRITER_INFO
 Name: WANGDUP
 WriterId: 50
 Hand: right
 EducationLevel: high school
 Gender: male
 Profession: student
 Region: darjeeling
 Age: 18
 DeviceType: digimemo a402
 SkillDevice: average
 Language: hindi
 Script: indic
 Native: true
 Style: discrete
 UsageFreq: once a month
 Proficiency: average
 Date: 2007-6-22
 WritingInProfession: no

.PEN_DOWN
789 3358 0
789 3355 0
790 3352 0
791 3349 0
791 3346 0
790 3343 0
786 3340 0
782 3338 0
778 3336 0
773 3335 0
768 3335 0
761 3337 0
755 3340 0
750 3344 0
745 3349 0
743 3355 0
743 3360 0
744 3364 0
746 3370 0
750 3374 0
756 3377 0
763 3378 0
770 3377 0
777 3375 0
784 3372 0
790 3369 0
794 3366 0
796 3363 0
796 3360 0
794 3366 0
793 3373 0
792 3384 0
792 3398 0
793 3412 0
794 3427 0
795 3443 0
797 3461 0
799 3476 0
799 3488 0
799 3498 0
798 3505 0
796 3510 0
793 3513 0
789 3514 0
784 3512 0
777 3508 0
770 3502 0
762 3494 0
757 3488 0
753 3483 0
752 3478 0
752 3473 0
754 3468 0
758 3463 0
764 3458 0
773 3452 0
785 3445 0
798 3440 0
812 3435 0
827 3429 0
842 3424 0
855 3419 0
867 3413 0
877 3407 0
885 3401 0
890 3395 0
893 3388 0
895 3382 0
895 3376 0
895 3370 0
895 3365 0
894 3361 0
893 3358 0
892 3361 0
892 3368 0
893 3379 0
894 3391 0
895 3406 0
897 3424 0
901 3441 0
905 3458 0
910 3471 0
914 3481 0
918 3488 0
920 3492 0
918 3487 0
915 3479 0
.PEN_UP
.PEN_DOWN
840 3355 0
840 3352 0
840 3349 0
843 3348 0
847 3347 0
855 3347 0
868 3347 0
886 3347 0
908 3346 0
930 3344 0
953 3343 0
969 3342 0
981 3340 0
990 3339 0
994 3338 0
990 3337 0
984 3337 0
.PEN_UP
