.VERSION 1.0 
.HIERARCHY CHARACTER
.COORD X Y T
.SEGMENT CHARACTER 0-2 OK "66"
.H_LINE 2999 3874
.V_LINE 1999 2749
.X_DIM 749
.Y_DIM 874
.X_POINTS_PER_INCH 1000
.Y_POINTS_PER_INCH 1000
.POINTS_PER_SECOND 125
.COMMENT CALIB X: 33 Y: -21

.WRITER_INFO
 Name: WANGDUP
 WriterId: 50
 Hand: right
 EducationLevel: high school
 Gender: male
 Profession: student
 Region: darjeeling
 Age: 18
 DeviceType: digimemo a402
 SkillDevice: average
 Language: hindi
 Script: indic
 Native: true
 Style: discrete
 UsageFreq: once a month
 Proficiency: average
 Date: 2007-6-22
 WritingInProfession: no

.PEN_DOWN
2328 3313 0
2328 3310 0
2329 3307 0
2332 3305 0
2335 3305 0
2338 3306 0
2341 3307 0
2345 3309 0
2349 3312 0
2353 3315 0
2359 3318 0
2364 3322 0
2368 3326 0
2372 3330 0
2374 3335 0
2374 3341 0
2373 3348 0
2371 3354 0
2367 3361 0
2361 3370 0
2354 3379 0
2345 3388 0
2337 3396 0
2328 3404 0
2320 3411 0
2314 3418 0
2308 3424 0
2303 3428 0
2299 3432 0
2297 3435 0
2296 3438 0
2295 3442 0
2294 3445 0
2296 3448 0
2299 3450 0
2303 3451 0
2306 3451 0
2310 3451 0
2315 3450 0
2322 3450 0
2329 3450 0
2338 3450 0
2346 3450 0
2354 3451 0
2362 3452 0
2369 3453 0
2375 3454 0
2381 3455 0
2384 3456 0
2387 3457 0
2390 3458 0
2393 3458 0
2397 3458 0
2401 3458 0
2405 3457 0
2409 3455 0
2414 3449 0
.PEN_UP
.PEN_DOWN
2452 3348 0
2449 3346 0
2446 3345 0
2443 3345 0
2439 3346 0
2435 3347 0
2431 3348 0
2427 3350 0
2423 3353 0
2419 3357 0
2417 3361 0
2415 3365 0
2414 3371 0
2414 3376 0
2415 3381 0
2417 3386 0
2420 3391 0
2424 3395 0
2428 3398 0
2433 3399 0
2439 3400 0
2446 3400 0
2453 3399 0
2460 3398 0
2467 3396 0
2471 3393 0
2474 3389 0
2476 3384 0
2477 3379 0
2477 3373 0
2476 3368 0
2475 3363 0
2472 3359 0
2469 3355 0
2465 3352 0
2460 3349 0
2455 3348 0
2451 3347 0
2447 3347 0
2443 3347 0
2440 3348 0
2437 3351 0
2420 3353 0
.PEN_UP
.PEN_DOWN
2288 3286 0
2291 3285 0
2295 3285 0
2301 3285 0
2309 3286 0
2320 3287 0
2332 3288 0
2346 3289 0
2365 3289 0
2384 3289 0
2402 3288 0
2418 3289 0
2432 3288 0
2443 3288 0
2452 3286 0
2458 3285 0
2463 3284 0
2466 3284 0
2466 3287 0
.PEN_UP
