.VERSION 1.0 
.HIERARCHY CHARACTER
.COORD X Y T
.SEGMENT CHARACTER 0-1 OK "84"
.H_LINE 7874 8750
.V_LINE 6500 7250
.X_DIM 750
.Y_DIM 875
.X_POINTS_PER_INCH 1000
.Y_POINTS_PER_INCH 1000
.POINTS_PER_SECOND 125
.COMMENT CALIB X: 48 Y: -20

.WRITER_INFO
 Name: WANGDUP
 WriterId: 50
 Hand: right
 EducationLevel: high school
 Gender: male
 Profession: student
 Region: darjeeling
 Age: 18
 DeviceType: digimemo a402
 SkillDevice: average
 Language: hindi
 Script: indic
 Native: true
 Style: discrete
 UsageFreq: once a month
 Proficiency: average
 Date: 2007-6-22
 WritingInProfession: no

.PEN_DOWN
6804 8156 0
6804 8153 0
6807 8150 0
6810 8149 0
6813 8149 0
6816 8149 0
6819 8150 0
6822 8154 0
6825 8158 0
6828 8163 0
6830 8168 0
6832 8175 0
6833 8182 0
6834 8190 0
6833 8199 0
6831 8208 0
6828 8216 0
6823 8223 0
6819 8230 0
6814 8236 0
6808 8241 0
6803 8245 0
6799 8248 0
6794 8251 0
6791 8253 0
6789 8256 0
6789 8259 0
6792 8261 0
6796 8262 0
6803 8263 0
6811 8262 0
6820 8261 0
6830 8261 0
6840 8259 0
6850 8257 0
6859 8254 0
6867 8250 0
6874 8244 0
6881 8237 0
6888 8230 0
6894 8223 0
6899 8217 0
6902 8211 0
6904 8206 0
6905 8203 0
6905 8200 0
6904 8203 0
6903 8207 0
6903 8211 0
6902 8216 0
6902 8221 0
6902 8226 0
6902 8230 0
6902 8234 0
6903 8237 0
6903 8234 0
6903 8234 0
.PEN_UP
.PEN_DOWN
6763 8143 0
6760 8143 0
6757 8144 0
6754 8146 0
6751 8147 0
6755 8148 0
6760 8148 0
6767 8147 0
6776 8145 0
6787 8143 0
6801 8141 0
6817 8139 0
6833 8138 0
6849 8137 0
6863 8137 0
6875 8137 0
6886 8136 0
6894 8135 0
6899 8135 0
6902 8135 0
6902 8138 0
.PEN_UP
