.VERSION 1.0 
.HIERARCHY CHARACTER
.COORD X Y T
.SEGMENT CHARACTER 0-2 OK "98"
.H_LINE 2999 3874
.V_LINE 5000 5750
.X_DIM 750
.Y_DIM 874
.X_POINTS_PER_INCH 1000
.Y_POINTS_PER_INCH 1000
.POINTS_PER_SECOND 125
.COMMENT CALIB X: 52 Y: -2

.WRITER_INFO
 Name: WANGDUP
 WriterId: 50
 Hand: right
 EducationLevel: high school
 Gender: male
 Profession: student
 Region: darjeeling
 Age: 18
 DeviceType: digimemo a402
 SkillDevice: average
 Language: hindi
 Script: indic
 Native: true
 Style: discrete
 UsageFreq: once a month
 Proficiency: average
 Date: 2007-6-22
 WritingInProfession: no

.PEN_DOWN
5420 3505 0
5421 3501 0
5421 3495 0
5420 3489 0
5418 3482 0
5416 3475 0
5414 3468 0
5412 3463 0
5410 3460 0
5408 3466 0
5407 3474 0
5405 3485 0
5404 3498 0
5404 3511 0
5404 3524 0
5404 3537 0
5405 3549 0
5406 3560 0
5408 3569 0
5410 3576 0
5413 3582 0
5416 3587 0
5419 3590 0
5416 3586 0
5412 3579 0
5407 3571 0
5400 3564 0
5389 3556 0
5374 3549 0
5357 3543 0
5341 3537 0
5326 3532 0
5316 3528 0
5308 3526 0
5301 3528 0
5296 3532 0
5291 3539 0
5286 3549 0
5282 3559 0
5278 3569 0
5275 3577 0
5275 3584 0
5276 3591 0
5278 3598 0
5281 3604 0
5284 3609 0
5287 3613 0
5291 3616 0
5296 3618 0
5300 3611 0
5305 3612 0
.PEN_UP
.PEN_DOWN
5352 3527 0
5350 3524 0
5346 3523 0
5342 3522 0
5337 3522 0
5332 3523 0
5327 3523 0
5321 3523 0
5315 3522 0
5309 3521 0
5300 3519 0
5292 3516 0
5283 3514 0
5272 3512 0
5260 3511 0
5249 3510 0
5240 3510 0
5233 3509 0
5229 3509 0
5221 3514 0
.PEN_UP
.PEN_DOWN
5178 3444 0
5175 3444 0
5172 3444 0
5169 3444 0
5173 3444 0
5178 3444 0
5186 3443 0
5201 3441 0
5224 3439 0
5250 3437 0
5276 3433 0
5306 3430 0
5341 3428 0
5377 3427 0
5407 3425 0
5429 3423 0
5445 3422 0
5454 3421 0
5459 3421 0
5462 3424 0
5465 3425 0
.PEN_UP
