.VERSION 1.0 
.HIERARCHY CHARACTER
.COORD X Y T
.SEGMENT CHARACTER 0-1 OK "101"
.H_LINE 4624 5499
.V_LINE 1999 2749
.X_DIM 749
.Y_DIM 874
.X_POINTS_PER_INCH 1000
.Y_POINTS_PER_INCH 1000
.POINTS_PER_SECOND 125
.COMMENT CALIB X: 20 Y: -3

.WRITER_INFO
 Name: WANGDUP
 WriterId: 50
 Hand: right
 EducationLevel: high school
 Gender: male
 Profession: student
 Region: darjeeling
 Age: 18
 DeviceType: digimemo a402
 SkillDevice: average
 Language: hindi
 Script: indic
 Native: true
 Style: discrete
 UsageFreq: once a month
 Proficiency: average
 Date: 2007-6-22
 WritingInProfession: no

.PEN_DOWN
2258 4969 0
2257 4966 0
2257 4962 0
2257 4959 0
2257 4963 0
2258 4968 0
2259 4974 0
2260 4980 0
2262 4985 0
2264 4990 0
2265 4995 0
2266 4998 0
2267 5001 0
2264 4998 0
2263 5001 0
2263 5005 0
2264 5010 0
2265 5015 0
2266 5019 0
2268 5022 0
2269 5025 0
2269 5021 0
2268 5018 0
2267 5015 0
2266 5012 0
2264 5007 0
2263 5003 0
2261 4999 0
2258 4997 0
2255 4995 0
2250 4994 0
2243 4994 0
2236 4994 0
2228 4996 0
2220 4998 0
2213 5001 0
2207 5005 0
2204 5009 0
2202 5014 0
2202 5020 0
2203 5027 0
2205 5034 0
2208 5041 0
2212 5047 0
2217 5052 0
2223 5057 0
2229 5061 0
2238 5064 0
2246 5067 0
2252 5070 0
2257 5071 0
2260 5072 0
2257 5072 0
2254 5072 0
2250 5072 0
2244 5072 0
2238 5072 0
2233 5074 0
2226 5077 0
2220 5081 0
2215 5086 0
2211 5092 0
2208 5098 0
2206 5104 0
2206 5111 0
2208 5117 0
2211 5122 0
2216 5126 0
2222 5129 0
2229 5131 0
2239 5133 0
2250 5131 0
2263 5129 0
2274 5126 0
2285 5122 0
2297 5117 0
2309 5110 0
2319 5103 0
2328 5093 0
2335 5082 0
2340 5070 0
2344 5058 0
2345 5046 0
2346 5035 0
2346 5026 0
2345 5018 0
2344 5012 0
2343 5009 0
2342 5014 0
2341 5022 0
2341 5034 0
2341 5046 0
2342 5059 0
2344 5073 0
2347 5086 0
2351 5096 0
2355 5105 0
2359 5113 0
2363 5120 0
2366 5125 0
2369 5128 0
2369 5128 0
.PEN_UP
.PEN_DOWN
2141 4971 0
2138 4971 0
2135 4970 0
2139 4972 0
2144 4973 0
2152 4974 0
2166 4975 0
2186 4975 0
2210 4974 0
2235 4972 0
2261 4969 0
2291 4968 0
2325 4966 0
2360 4963 0
2390 4961 0
2413 4959 0
2426 4958 0
2432 4957 0
2429 4958 0
2424 4961 0
2420 4964 0
2416 4967 0
.PEN_UP
