.VERSION 1.0 
.HIERARCHY CHARACTER
.COORD X Y T
.SEGMENT CHARACTER 0-1 OK "101"
.H_LINE 4624 5499
.V_LINE 1999 2749
.X_DIM 749
.Y_DIM 874
.X_POINTS_PER_INCH 1000
.Y_POINTS_PER_INCH 1000
.POINTS_PER_SECOND 125
.COMMENT CALIB X: 20 Y: -3

.WRITER_INFO
 Name: WANGDUP
 WriterId: 50
 Hand: right
 EducationLevel: high school
 Gender: male
 Profession: student
 Region: darjeeling
 Age: 18
 DeviceType: digimemo a402
 SkillDevice: average
 Language: hindi
 Script: indic
 Native: true
 Style: discrete
 UsageFreq: once a month
 Proficiency: average
 Date: 2007-6-22
 WritingInProfession: no

.PEN_DOWN
2353 4875 0
2352 4872 0
2350 4869 0
2347 4867 0
2346 4871 0
2347 4875 0
2348 4880 0
2350 4885 0
2352 4890 0
2355 4894 0
2358 4898 0
2360 4901 0
2363 4904 0
2361 4900 0
2358 4896 0
2354 4892 0
2349 4889 0
2344 4887 0
2336 4887 0
2326 4889 0
2316 4893 0
2307 4896 0
2300 4900 0
2295 4905 0
2292 4911 0
2291 4918 0
2292 4925 0
2294 4932 0
2298 4940 0
2304 4947 0
2311 4953 0
2319 4957 0
2329 4962 0
2337 4966 0
2344 4969 0
2349 4971 0
2352 4972 0
2348 4972 0
2343 4972 0
2337 4972 0
2330 4973 0
2322 4976 0
2314 4979 0
2308 4983 0
2303 4989 0
2300 4997 0
2298 5006 0
2297 5014 0
2298 5022 0
2300 5030 0
2305 5037 0
2313 5042 0
2324 5045 0
2338 5045 0
2356 5044 0
2378 5041 0
2397 5036 0
2414 5030 0
2428 5021 0
2439 5010 0
2447 4997 0
2453 4980 0
2456 4965 0
2458 4952 0
2458 4939 0
2458 4928 0
2457 4918 0
2456 4910 0
2455 4904 0
2453 4900 0
2452 4897 0
2450 4902 0
2449 4910 0
2448 4920 0
2448 4933 0
2449 4946 0
2450 4962 0
2451 4978 0
2453 4992 0
2455 5004 0
2457 5015 0
2460 5024 0
2462 5030 0
2463 5034 0
2464 5037 0
2461 5031 0
2458 5024 0
2452 5017 0
.PEN_UP
.PEN_DOWN
2262 4867 0
2265 4867 0
2269 4868 0
2278 4867 0
2292 4866 0
2314 4865 0
2341 4864 0
2371 4863 0
2405 4862 0
2438 4862 0
2466 4862 0
2488 4862 0
2504 4863 0
2516 4863 0
2522 4863 0
2525 4863 0
2523 4860 0
2534 4858 0
.PEN_UP
