.VERSION 1.0 
.HIERARCHY CHARACTER
.COORD X Y T
.SEGMENT CHARACTER 0-2 OK "102"
.H_LINE 4624 5499
.V_LINE 3500 4250
.X_DIM 750
.Y_DIM 874
.X_POINTS_PER_INCH 1000
.Y_POINTS_PER_INCH 1000
.POINTS_PER_SECOND 125
.COMMENT CALIB X: 22 Y: -2

.WRITER_INFO
 Name: WANGDUP
 WriterId: 50
 Hand: right
 EducationLevel: high school
 Gender: male
 Profession: student
 Region: darjeeling
 Age: 18
 DeviceType: digimemo a402
 SkillDevice: average
 Language: hindi
 Script: indic
 Native: true
 Style: discrete
 UsageFreq: once a month
 Proficiency: average
 Date: 2007-6-22
 WritingInProfession: no

.PEN_DOWN
3758 5023 0
3758 5020 0
3757 5014 0
3756 5008 0
3755 5004 0
3754 5011 0
3754 5020 0
3755 5031 0
3756 5042 0
3758 5053 0
3759 5063 0
3761 5071 0
3763 5077 0
3765 5082 0
3767 5085 0
3767 5081 0
3765 5074 0
3763 5068 0
3760 5063 0
3756 5059 0
3751 5056 0
3744 5055 0
3735 5056 0
3724 5058 0
3713 5061 0
3702 5068 0
3693 5075 0
3685 5082 0
3682 5090 0
3681 5099 0
3683 5108 0
3686 5117 0
3690 5125 0
3699 5132 0
3711 5138 0
3724 5141 0
3738 5142 0
3751 5140 0
3763 5137 0
3773 5133 0
3783 5127 0
3791 5122 0
3795 5119 0
3795 5122 0
3795 5126 0
3796 5131 0
3798 5137 0
3802 5143 0
3807 5149 0
3813 5154 0
3820 5159 0
3827 5163 0
3835 5166 0
.PEN_UP
.PEN_DOWN
3643 5128 0
3640 5126 0
3637 5124 0
3634 5123 0
3631 5122 0
3628 5122 0
3625 5122 0
3622 5124 0
3618 5125 0
3614 5128 0
3609 5133 0
3604 5139 0
3600 5145 0
3597 5151 0
3594 5157 0
3593 5162 0
3593 5167 0
3595 5172 0
3598 5177 0
3602 5182 0
3608 5187 0
3614 5191 0
3621 5194 0
3628 5197 0
3636 5200 0
3644 5202 0
3652 5203 0
3664 5203 0
3674 5202 0
3683 5200 0
3690 5198 0
3696 5196 0
3701 5194 0
3704 5192 0
3707 5190 0
3708 5193 0
3709 5196 0
3710 5199 0
3711 5203 0
3713 5206 0
3718 5211 0
3724 5216 0
3731 5221 0
3738 5225 0
3745 5228 0
3751 5230 0
3757 5231 0
3763 5231 0
3768 5230 0
3774 5228 0
3779 5223 0
3784 5217 0
3789 5211 0
3794 5206 0
3797 5200 0
3799 5193 0
3800 5186 0
3802 5180 0
3803 5175 0
3803 5170 0
3803 5166 0
3803 5163 0
3803 5159 0
3802 5155 0
3800 5152 0
3797 5150 0
3794 5153 0
3793 5157 0
3792 5162 0
3791 5168 0
3792 5174 0
3794 5182 0
3796 5190 0
3799 5197 0
3803 5204 0
3810 5212 0
3819 5218 0
3830 5223 0
3842 5227 0
3855 5230 0
3866 5232 0
3874 5232 0
.PEN_UP
.PEN_DOWN
3619 5018 0
3615 5018 0
3608 5017 0
3601 5016 0
3595 5015 0
3591 5014 0
3588 5014 0
3593 5015 0
3601 5016 0
3614 5016 0
3636 5016 0
3664 5016 0
3694 5016 0
3723 5016 0
3748 5017 0
3771 5018 0
3792 5019 0
3809 5019 0
3820 5019 0
3826 5019 0
3823 5018 0
3820 5017 0
3817 5017 0
3814 5018 0
3810 5021 0
.PEN_UP
