.VERSION 1.0 
.HIERARCHY CHARACTER
.COORD X Y T
.SEGMENT CHARACTER 0-1 OK "30"
.H_LINE 1374 2249
.V_LINE 499 1250
.X_DIM 750
.Y_DIM 874
.X_POINTS_PER_INCH 1000
.Y_POINTS_PER_INCH 1000
.POINTS_PER_SECOND 125
.COMMENT CALIB X: -45 Y: -60

.WRITER_INFO
 Name: SHAILESH
 WriterId: 66
 Hand: right
 EducationLevel: college graduate
 Gender: male
 Profession: student
 Region: jharkand
 Age: 21
 DeviceType: digimemo a402
 SkillDevice: average
 Language: hindi
 Script: indic
 Native: true
 Style: discrete
 UsageFreq: once a week
 Proficiency: average
 Date: 2007-6-26
 WritingInProfession: no

.PEN_DOWN
737 1773 0
734 1775 0
731 1777 0
734 1777 0
737 1776 0
740 1774 0
743 1772 0
747 1768 0
750 1765 0
751 1762 0
752 1759 0
752 1756 0
751 1753 0
750 1750 0
749 1747 0
748 1744 0
746 1741 0
743 1737 0
741 1734 0
737 1732 0
734 1730 0
731 1729 0
727 1729 0
722 1730 0
719 1732 0
715 1735 0
712 1738 0
709 1742 0
706 1746 0
704 1749 0
701 1752 0
699 1756 0
697 1759 0
696 1762 0
694 1766 0
693 1769 0
692 1772 0
691 1776 0
690 1780 0
690 1783 0
690 1786 0
691 1789 0
692 1792 0
694 1795 0
697 1798 0
700 1800 0
703 1802 0
707 1804 0
711 1806 0
716 1807 0
720 1807 0
723 1806 0
726 1805 0
729 1805 0
726 1807 0
723 1810 0
720 1813 0
717 1817 0
715 1822 0
713 1826 0
711 1830 0
710 1834 0
708 1838 0
707 1842 0
707 1845 0
707 1848 0
708 1851 0
711 1853 0
715 1856 0
720 1858 0
724 1859 0
727 1859 0
731 1859 0
736 1859 0
740 1859 0
744 1859 0
747 1858 0
750 1857 0
754 1855 0
758 1853 0
761 1851 0
764 1847 0
769 1842 0
775 1837 0
780 1833 0
785 1830 0
790 1826 0
795 1822 0
801 1818 0
806 1815 0
811 1811 0
815 1807 0
818 1804 0
820 1800 0
821 1797 0
822 1794 0
823 1791 0
824 1787 0
825 1783 0
826 1780 0
827 1777 0
827 1774 0
828 1771 0
825 1776 0
822 1785 0
820 1795 0
818 1805 0
816 1815 0
815 1824 0
815 1834 0
815 1843 0
815 1851 0
815 1858 0
815 1864 0
815 1868 0
815 1871 0
815 1874 0
812 1873 0
806 1872 0
.PEN_UP
.PEN_DOWN
806 1743 0
797 1744 0
792 1746 0
788 1746 0
785 1747 0
789 1746 0
798 1744 0
813 1741 0
831 1738 0
853 1733 0
875 1729 0
893 1725 0
908 1721 0
920 1718 0
927 1717 0
932 1716 0
929 1718 0
926 1721 0
926 1721 0
.PEN_UP
