.VERSION 1.0 
.HIERARCHY CHARACTER
.COORD X Y T
.SEGMENT CHARACTER 0-1 OK "61"
.H_LINE 1374 2249
.V_LINE 1999 2749
.X_DIM 749
.Y_DIM 874
.X_POINTS_PER_INCH 1000
.Y_POINTS_PER_INCH 1000
.POINTS_PER_SECOND 125
.COMMENT CALIB X: -16 Y: -82

.WRITER_INFO
 Name: SHAILESH
 WriterId: 66
 Hand: right
 EducationLevel: college graduate
 Gender: male
 Profession: student
 Region: jharkand
 Age: 21
 DeviceType: digimemo a402
 SkillDevice: average
 Language: hindi
 Script: indic
 Native: true
 Style: discrete
 UsageFreq: once a week
 Proficiency: average
 Date: 2007-6-26
 WritingInProfession: no

.PEN_DOWN
2586 1774 0
2582 1772 0
2578 1771 0
2574 1772 0
2567 1775 0
2561 1778 0
2556 1781 0
2552 1786 0
2549 1791 0
2545 1796 0
2543 1801 0
2541 1806 0
2541 1810 0
2541 1813 0
2542 1817 0
2545 1821 0
2548 1824 0
2552 1826 0
2556 1827 0
2560 1827 0
2565 1827 0
2570 1826 0
2576 1825 0
2583 1823 0
2590 1821 0
2596 1818 0
2601 1814 0
2604 1810 0
2607 1805 0
2609 1801 0
2610 1797 0
2610 1793 0
2609 1790 0
2607 1787 0
2605 1784 0
2603 1781 0
2599 1779 0
2594 1777 0
2588 1776 0
2582 1777 0
2575 1781 0
2571 1783 0
.PEN_UP
.PEN_DOWN
2596 1879 0
2591 1877 0
2587 1876 0
2584 1875 0
2581 1875 0
2576 1878 0
2572 1882 0
2568 1887 0
2565 1892 0
2563 1898 0
2561 1903 0
2559 1908 0
2558 1913 0
2558 1917 0
2559 1920 0
2560 1923 0
2564 1926 0
2567 1928 0
2570 1929 0
2575 1929 0
2581 1928 0
2588 1926 0
2594 1923 0
2599 1920 0
2603 1917 0
2607 1912 0
2611 1906 0
2614 1900 0
2616 1895 0
2617 1890 0
2618 1886 0
2618 1883 0
2617 1880 0
2614 1877 0
2608 1875 0
2599 1875 0
2587 1878 0
2575 1883 0
2569 1888 0
.PEN_UP
