.VERSION 1.0 
.HIERARCHY CHARACTER
.COORD X Y T
.SEGMENT CHARACTER 0-2 OK "66"
.H_LINE 2999 3874
.V_LINE 1999 2749
.X_DIM 749
.Y_DIM 874
.X_POINTS_PER_INCH 1000
.Y_POINTS_PER_INCH 1000
.POINTS_PER_SECOND 125
.COMMENT CALIB X: -2 Y: -84

.WRITER_INFO
 Name: SHAILESH
 WriterId: 66
 Hand: right
 EducationLevel: college graduate
 Gender: male
 Profession: student
 Region: jharkand
 Age: 21
 DeviceType: digimemo a402
 SkillDevice: average
 Language: hindi
 Script: indic
 Native: true
 Style: discrete
 UsageFreq: once a week
 Proficiency: average
 Date: 2007-6-26
 WritingInProfession: no

.PEN_DOWN
2229 3415 0
2227 3411 0
2226 3408 0
2227 3405 0
2229 3402 0
2232 3399 0
2236 3398 0
2240 3398 0
2247 3400 0
2254 3403 0
2260 3408 0
2264 3413 0
2268 3418 0
2270 3423 0
2272 3428 0
2273 3433 0
2273 3439 0
2273 3445 0
2272 3452 0
2270 3462 0
2267 3471 0
2260 3482 0
2255 3491 0
2249 3499 0
2244 3504 0
2240 3508 0
2236 3512 0
2232 3516 0
2228 3520 0
2224 3523 0
2220 3526 0
2216 3529 0
2213 3531 0
2210 3533 0
2210 3536 0
2211 3539 0
2213 3542 0
2214 3545 0
2216 3548 0
2218 3551 0
2220 3554 0
2222 3557 0
2225 3561 0
2227 3564 0
2230 3567 0
2234 3571 0
2238 3574 0
2241 3575 0
2244 3576 0
2247 3577 0
2250 3578 0
2253 3580 0
2256 3581 0
2261 3583 0
2266 3584 0
2270 3584 0
2275 3584 0
2279 3584 0
2283 3584 0
2286 3584 0
2290 3584 0
2294 3583 0
2298 3582 0
2302 3581 0
2308 3580 0
2314 3578 0
2321 3576 0
2328 3573 0
2335 3570 0
2340 3568 0
2344 3566 0
2350 3564 0
.PEN_UP
.PEN_DOWN
2386 3426 0
2379 3426 0
2373 3426 0
2369 3426 0
2365 3430 0
2362 3433 0
2359 3435 0
2356 3437 0
2353 3439 0
2350 3441 0
2347 3444 0
2343 3447 0
2340 3450 0
2338 3453 0
2336 3456 0
2335 3460 0
2333 3464 0
2332 3469 0
2330 3474 0
2329 3478 0
2328 3481 0
2328 3484 0
2328 3487 0
2329 3490 0
2331 3493 0
2333 3496 0
2337 3498 0
2340 3499 0
2343 3500 0
2346 3500 0
2350 3500 0
2355 3499 0
2361 3498 0
2368 3496 0
2375 3493 0
2383 3490 0
2391 3486 0
2398 3482 0
2406 3479 0
2410 3477 0
.PEN_UP
.PEN_DOWN
2208 3399 0
2200 3399 0
2196 3400 0
2200 3400 0
2207 3400 0
2220 3399 0
2237 3400 0
2255 3401 0
2275 3400 0
2298 3399 0
2323 3397 0
2348 3395 0
2371 3394 0
2387 3393 0
2397 3392 0
2403 3391 0
2406 3391 0
2409 3390 0
2409 3390 0
.PEN_UP
