.VERSION 1.0 
.HIERARCHY CHARACTER
.COORD X Y T
.SEGMENT CHARACTER 0-3 OK "80"
.H_LINE 7874 8750
.V_LINE 499 1250
.X_DIM 750
.Y_DIM 875
.X_POINTS_PER_INCH 1000
.Y_POINTS_PER_INCH 1000
.POINTS_PER_SECOND 125
.COMMENT CALIB X: -8 Y: -81

.WRITER_INFO
 Name: SHAILESH
 WriterId: 66
 Hand: right
 EducationLevel: college graduate
 Gender: male
 Profession: student
 Region: jharkand
 Age: 21
 DeviceType: digimemo a402
 SkillDevice: average
 Language: hindi
 Script: indic
 Native: true
 Style: discrete
 UsageFreq: once a week
 Proficiency: average
 Date: 2007-6-26
 WritingInProfession: no

.PEN_DOWN
781 8264 0
778 8263 0
775 8262 0
772 8262 0
769 8263 0
766 8264 0
763 8266 0
760 8269 0
757 8272 0
755 8275 0
753 8278 0
752 8281 0
751 8285 0
750 8289 0
749 8293 0
748 8297 0
748 8302 0
748 8308 0
748 8315 0
748 8321 0
748 8326 0
748 8330 0
749 8334 0
751 8337 0
753 8341 0
756 8344 0
759 8346 0
762 8347 0
765 8348 0
768 8348 0
772 8348 0
776 8347 0
779 8345 0
783 8344 0
787 8339 0
793 8335 0
797 8332 0
801 8328 0
804 8324 0
807 8319 0
810 8315 0
813 8310 0
816 8305 0
819 8300 0
822 8297 0
824 8294 0
825 8290 0
826 8287 0
827 8283 0
828 8280 0
829 8277 0
829 8274 0
829 8271 0
828 8274 0
827 8277 0
827 8281 0
826 8286 0
825 8292 0
824 8296 0
824 8301 0
824 8306 0
824 8312 0
823 8318 0
822 8325 0
822 8331 0
821 8336 0
821 8342 0
821 8346 0
821 8352 0
821 8358 0
821 8365 0
821 8370 0
820 8376 0
820 8381 0
820 8387 0
820 8392 0
820 8396 0
820 8400 0
820 8403 0
820 8406 0
820 8406 0
.PEN_UP
.PEN_DOWN
804 8328 0
804 8328 0
.PEN_UP
.PEN_DOWN
810 8330 0
807 8331 0
809 8328 0
812 8325 0
815 8323 0
818 8321 0
821 8320 0
824 8317 0
827 8315 0
830 8313 0
833 8311 0
836 8310 0
840 8309 0
844 8308 0
849 8307 0
854 8306 0
858 8306 0
863 8305 0
867 8305 0
871 8305 0
876 8306 0
882 8307 0
888 8308 0
893 8309 0
897 8310 0
901 8311 0
904 8313 0
907 8316 0
908 8319 0
908 8323 0
908 8323 0
.PEN_UP
.PEN_DOWN
698 8253 0
690 8253 0
686 8254 0
691 8254 0
700 8254 0
714 8254 0
730 8255 0
748 8255 0
770 8253 0
799 8250 0
827 8247 0
853 8244 0
872 8242 0
882 8241 0
887 8241 0
890 8241 0
893 8243 0
895 8246 0
895 8246 0
.PEN_UP
