.VERSION 1.0 
.HIERARCHY CHARACTER
.COORD X Y T
.SEGMENT CHARACTER 0-6 OK "11"
.H_LINE 4624 5499
.V_LINE 1999 2749
.X_DIM 749
.Y_DIM 874
.X_POINTS_PER_INCH 1000
.Y_POINTS_PER_INCH 1000
.POINTS_PER_SECOND 125
.COMMENT CALIB X: -34 Y: -49

.WRITER_INFO
 Name: CHINMAYA SHAH
 WriterId: 59
 Hand: right
 EducationLevel: college graduate
 Gender: male
 Profession: student
 Region: delhi
 Age: 22
 DeviceType: digimemo a402
 SkillDevice: average
 Language: hindi
 Script: indic
 Native: true
 Style: discrete
 UsageFreq: once a month
 Proficiency: average
 Date: 2007-6-25
 WritingInProfession: no

.PEN_DOWN
2228 4974 0
2230 4970 0
2232 4965 0
2236 4960 0
2241 4958 0
2249 4959 0
2258 4962 0
2267 4967 0
2275 4974 0
2279 4983 0
2281 4995 0
2280 5007 0
2277 5018 0
2272 5027 0
2266 5036 0
2260 5042 0
2254 5046 0
2250 5047 0
2247 5047 0
2247 5044 0
2251 5043 0
2256 5042 0
2261 5043 0
2267 5046 0
2273 5049 0
2278 5055 0
2282 5063 0
2284 5072 0
2284 5082 0
2281 5092 0
2276 5103 0
2269 5111 0
2261 5117 0
2252 5122 0
2243 5125 0
2232 5126 0
2224 5122 0
2214 5117 0
2206 5109 0
2198 5099 0
2190 5088 0
2184 5078 0
2179 5070 0
2177 5065 0
2181 5066 0
.PEN_UP
.PEN_DOWN
2278 5049 0
2281 5048 0
2286 5047 0
2294 5046 0
2304 5045 0
2316 5044 0
2329 5043 0
2343 5042 0
2355 5041 0
2365 5040 0
2370 5038 0
.PEN_UP
.PEN_DOWN
2388 4973 0
2388 4976 0
2388 4981 0
2388 4990 0
2383 5001 0
2380 5016 0
2378 5031 0
2378 5045 0
2379 5059 0
2380 5072 0
2381 5084 0
2382 5094 0
2383 5102 0
2385 5107 0
2387 5110 0
2387 5110 0
.PEN_UP
.PEN_DOWN
2444 4982 0
2443 4988 0
2442 4999 0
2440 5012 0
2438 5028 0
2437 5046 0
2436 5062 0
2436 5077 0
2436 5091 0
2436 5102 0
2437 5111 0
2438 5117 0
2439 5121 0
2441 5118 0
.PEN_UP
.PEN_DOWN
2384 4891 0
2379 4893 0
2372 4896 0
2361 4900 0
2350 4903 0
2340 4904 0
2330 4904 0
2323 4902 0
2319 4899 0
2317 4896 0
2316 4891 0
2317 4886 0
2320 4881 0
2324 4876 0
2331 4872 0
2340 4870 0
2349 4870 0
2358 4872 0
2366 4876 0
2375 4883 0
2384 4891 0
2391 4900 0
2397 4909 0
2402 4917 0
2406 4925 0
2409 4932 0
2412 4938 0
2412 4938 0
.PEN_UP
.PEN_DOWN
2428 4865 0
2428 4861 0
2429 4857 0
2430 4854 0
2434 4851 0
2439 4848 0
2444 4846 0
2450 4847 0
2455 4850 0
2460 4855 0
2464 4863 0
2467 4872 0
2468 4884 0
2468 4897 0
2466 4911 0
2463 4925 0
2459 4939 0
2454 4950 0
2449 4960 0
2443 4968 0
2438 4974 0
2433 4977 0
2430 4979 0
2430 4979 0
.PEN_UP
.PEN_DOWN
2335 4959 0
2332 4960 0
2329 4960 0
2336 4962 0
2346 4964 0
2362 4965 0
2382 4965 0
2405 4966 0
2429 4965 0
2450 4965 0
2468 4965 0
2484 4964 0
2498 4963 0
2509 4963 0
2515 4963 0
2509 4964 0
.PEN_UP
