.VERSION 1.0 
.HIERARCHY CHARACTER
.COORD X Y T
.SEGMENT CHARACTER 0-2 OK "66"
.H_LINE 2999 3874
.V_LINE 1999 2749
.X_DIM 749
.Y_DIM 874
.X_POINTS_PER_INCH 1000
.Y_POINTS_PER_INCH 1000
.POINTS_PER_SECOND 125
.COMMENT CALIB X: -32 Y: -32

.WRITER_INFO
 Name: CHINMAYA SHAH
 WriterId: 59
 Hand: right
 EducationLevel: college graduate
 Gender: male
 Profession: student
 Region: delhi
 Age: 22
 DeviceType: digimemo a402
 SkillDevice: average
 Language: hindi
 Script: indic
 Native: true
 Style: discrete
 UsageFreq: once a month
 Proficiency: average
 Date: 2007-6-25
 WritingInProfession: no

.PEN_DOWN
2296 3318 0
2299 3318 0
2301 3322 0
2301 3328 0
2300 3336 0
2296 3346 0
2291 3356 0
2284 3367 0
2275 3377 0
2266 3385 0
2257 3392 0
2249 3398 0
2242 3401 0
2238 3403 0
2233 3404 0
2230 3404 0
2226 3402 0
2223 3399 0
2221 3396 0
2221 3392 0
2222 3389 0
2224 3386 0
2228 3385 0
2232 3384 0
2236 3384 0
2240 3386 0
2245 3388 0
2250 3392 0
2254 3397 0
2259 3405 0
2262 3415 0
2265 3426 0
2268 3438 0
2271 3449 0
2275 3458 0
2279 3467 0
2284 3475 0
2289 3482 0
2294 3487 0
2298 3491 0
2302 3493 0
2307 3495 0
2312 3497 0
2316 3498 0
2320 3498 0
2324 3498 0
2327 3497 0
2329 3494 0
2331 3490 0
2331 3482 0
.PEN_UP
.PEN_DOWN
2405 3397 0
2405 3394 0
2397 3392 0
2390 3390 0
2383 3389 0
2376 3390 0
2367 3392 0
2359 3394 0
2353 3398 0
2347 3403 0
2343 3409 0
2341 3416 0
2340 3422 0
2341 3429 0
2343 3436 0
2347 3441 0
2352 3444 0
2360 3447 0
2368 3448 0
2377 3447 0
2386 3446 0
2393 3443 0
2399 3439 0
2405 3435 0
2409 3426 0
.PEN_UP
.PEN_DOWN
2254 3314 0
2251 3314 0
2247 3314 0
2244 3315 0
2248 3316 0
2255 3317 0
2265 3317 0
2278 3317 0
2294 3317 0
2312 3317 0
2331 3316 0
2351 3315 0
2369 3315 0
2386 3314 0
2399 3314 0
2407 3313 0
2411 3312 0
2414 3315 0
.PEN_UP
