.VERSION 1.0 
.HIERARCHY CHARACTER
.COORD X Y T
.SEGMENT CHARACTER 0-1 OK "77"
.H_LINE 6249 7124
.V_LINE 3500 4250
.X_DIM 750
.Y_DIM 875
.X_POINTS_PER_INCH 1000
.Y_POINTS_PER_INCH 1000
.POINTS_PER_SECOND 125
.COMMENT CALIB X: -14 Y: -61

.WRITER_INFO
 Name: CHINMAYA SHAH
 WriterId: 59
 Hand: right
 EducationLevel: college graduate
 Gender: male
 Profession: student
 Region: delhi
 Age: 22
 DeviceType: digimemo a402
 SkillDevice: average
 Language: hindi
 Script: indic
 Native: true
 Style: discrete
 UsageFreq: once a month
 Proficiency: average
 Date: 2007-6-25
 WritingInProfession: no

.PEN_DOWN
3734 6635 0
3738 6635 0
3742 6635 0
3747 6635 0
3753 6635 0
3758 6634 0
3763 6633 0
3768 6631 0
3772 6628 0
3776 6626 0
3779 6624 0
3780 6621 0
3780 6618 0
3779 6613 0
3776 6610 0
3773 6608 0
3769 6608 0
3765 6609 0
3760 6612 0
3753 6616 0
3748 6620 0
3744 6626 0
3741 6632 0
3739 6638 0
3738 6643 0
3739 6648 0
3741 6652 0
3744 6657 0
3747 6661 0
3751 6664 0
3755 6666 0
3758 6667 0
3762 6668 0
3767 6667 0
3770 6666 0
3773 6666 0
3770 6665 0
3767 6666 0
3763 6670 0
3759 6674 0
3755 6680 0
3752 6687 0
3750 6695 0
3749 6703 0
3750 6709 0
3752 6715 0
3755 6719 0
3760 6720 0
3766 6720 0
3774 6720 0
3783 6718 0
3791 6715 0
3799 6712 0
3806 6709 0
3811 6705 0
3815 6701 0
3818 6697 0
3821 6693 0
3823 6690 0
3825 6687 0
3828 6684 0
.PEN_UP
.PEN_DOWN
3700 6578 0
3697 6579 0
3693 6579 0
3690 6579 0
3696 6580 0
3705 6580 0
3716 6580 0
3729 6581 0
3742 6581 0
3757 6581 0
3773 6581 0
3790 6580 0
3806 6579 0
3819 6578 0
3828 6578 0
3833 6578 0
3830 6578 0
3827 6579 0
3823 6576 0
3820 6580 0
.PEN_UP
