.VERSION 1.0 
.HIERARCHY CHARACTER
.COORD X Y T
.SEGMENT CHARACTER 0-2 OK "93"
.H_LINE 1374 2249
.V_LINE 5000 5750
.X_DIM 750
.Y_DIM 874
.X_POINTS_PER_INCH 1000
.Y_POINTS_PER_INCH 1000
.POINTS_PER_SECOND 125
.COMMENT CALIB X: -24 Y: -15

.WRITER_INFO
 Name: CHINMAYA SHAH
 WriterId: 59
 Hand: right
 EducationLevel: college graduate
 Gender: male
 Profession: student
 Region: delhi
 Age: 22
 DeviceType: digimemo a402
 SkillDevice: average
 Language: hindi
 Script: indic
 Native: true
 Style: discrete
 UsageFreq: once a month
 Proficiency: average
 Date: 2007-6-25
 WritingInProfession: no

.PEN_DOWN
5249 1671 0
5250 1675 0
5250 1680 0
5251 1687 0
5251 1694 0
5251 1701 0
5251 1707 0
5251 1712 0
5251 1716 0
5251 1719 0
5250 1716 0
5249 1713 0
5248 1710 0
5247 1707 0
5245 1704 0
5240 1701 0
5235 1700 0
5231 1701 0
5225 1703 0
5219 1707 0
5214 1713 0
5208 1719 0
5204 1724 0
5201 1730 0
5198 1736 0
5196 1741 0
5194 1745 0
5194 1749 0
5195 1752 0
5200 1754 0
5204 1755 0
5207 1755 0
5210 1756 0
5213 1757 0
5216 1757 0
5219 1757 0
5223 1757 0
5226 1758 0
5229 1758 0
5232 1759 0
5237 1760 0
5241 1761 0
5244 1761 0
5247 1761 0
5250 1761 0
5253 1762 0
5256 1762 0
5260 1761 0
5265 1759 0
5269 1758 0
5273 1758 0
5277 1757 0
5281 1756 0
5285 1756 0
5288 1756 0
5291 1755 0
5294 1754 0
5297 1754 0
5298 1750 0
5298 1750 0
.PEN_UP
.PEN_DOWN
5230 1763 0
5230 1760 0
5226 1759 0
5222 1759 0
5218 1760 0
5215 1760 0
5212 1761 0
5210 1764 0
5208 1768 0
5205 1776 0
5202 1786 0
5199 1796 0
5198 1805 0
5198 1814 0
5200 1823 0
5204 1831 0
5208 1838 0
5215 1844 0
5222 1850 0
5230 1855 0
5238 1860 0
5245 1864 0
5253 1867 0
5260 1870 0
5266 1872 0
5269 1873 0
5269 1873 0
.PEN_UP
.PEN_DOWN
5199 1679 0
5196 1679 0
5199 1681 0
5203 1682 0
5211 1681 0
5220 1680 0
5230 1679 0
5241 1677 0
5253 1675 0
5266 1674 0
5278 1672 0
5288 1672 0
5295 1671 0
5299 1671 0
5299 1671 0
.PEN_UP
