.VERSION 1.0 
.HIERARCHY CHARACTER
.COORD X Y T
.SEGMENT CHARACTER 0-5 OK "105"
.H_LINE 6249 7124
.V_LINE 499 1250
.X_DIM 750
.Y_DIM 875
.X_POINTS_PER_INCH 1000
.Y_POINTS_PER_INCH 1000
.POINTS_PER_SECOND 125
.COMMENT CALIB X: -35 Y: -59

.WRITER_INFO
 Name: CHINMAYA SHAH
 WriterId: 59
 Hand: right
 EducationLevel: college graduate
 Gender: male
 Profession: student
 Region: delhi
 Age: 22
 DeviceType: digimemo a402
 SkillDevice: average
 Language: hindi
 Script: indic
 Native: true
 Style: discrete
 UsageFreq: once a month
 Proficiency: average
 Date: 2007-6-25
 WritingInProfession: no

.PEN_DOWN
807 6466 0
807 6463 0
805 6467 0
804 6472 0
804 6479 0
803 6487 0
803 6495 0
803 6503 0
803 6511 0
803 6518 0
802 6525 0
801 6529 0
801 6532 0
798 6532 0
795 6532 0
792 6532 0
788 6532 0
781 6534 0
773 6537 0
764 6540 0
755 6544 0
746 6549 0
738 6555 0
728 6563 0
720 6570 0
713 6576 0
708 6580 0
705 6584 0
703 6587 0
703 6590 0
705 6593 0
708 6595 0
712 6596 0
716 6597 0
720 6596 0
724 6597 0
728 6597 0
733 6597 0
738 6597 0
743 6597 0
748 6596 0
754 6595 0
759 6594 0
763 6594 0
766 6593 0
769 6593 0
772 6593 0
775 6594 0
779 6595 0
782 6596 0
785 6597 0
788 6598 0
791 6600 0
794 6601 0
797 6602 0
800 6603 0
803 6604 0
806 6605 0
808 6608 0
809 6611 0
809 6614 0
812 6613 0
812 6613 0
.PEN_UP
.PEN_DOWN
743 6600 0
740 6599 0
737 6600 0
732 6600 0
727 6601 0
723 6602 0
719 6603 0
715 6605 0
711 6607 0
707 6609 0
704 6613 0
702 6619 0
700 6626 0
700 6635 0
702 6645 0
705 6658 0
709 6671 0
714 6683 0
720 6695 0
727 6709 0
734 6719 0
742 6728 0
749 6735 0
755 6741 0
760 6745 0
765 6747 0
768 6748 0
768 6744 0
.PEN_UP
.PEN_DOWN
903 6496 0
900 6499 0
898 6505 0
897 6514 0
896 6527 0
895 6541 0
893 6555 0
891 6568 0
889 6582 0
887 6594 0
886 6606 0
884 6615 0
882 6622 0
881 6628 0
880 6634 0
879 6637 0
875 6638 0
870 6638 0
864 6637 0
857 6635 0
850 6632 0
843 6629 0
835 6626 0
826 6623 0
819 6621 0
814 6619 0
811 6617 0
809 6614 0
813 6612 0
819 6610 0
827 6609 0
838 6608 0
853 6607 0
869 6606 0
884 6606 0
898 6607 0
.PEN_UP
.PEN_DOWN
957 6522 0
955 6530 0
954 6540 0
955 6552 0
956 6565 0
956 6579 0
956 6593 0
956 6606 0
955 6617 0
954 6627 0
953 6636 0
953 6643 0
953 6648 0
952 6652 0
952 6655 0
953 6648 0
953 6648 0
.PEN_UP
.PEN_DOWN
749 6476 0
745 6476 0
750 6476 0
758 6477 0
769 6478 0
787 6478 0
809 6477 0
837 6477 0
868 6476 0
899 6474 0
929 6471 0
954 6468 0
974 6466 0
991 6465 0
1004 6464 0
1013 6464 0
1017 6465 0
1018 6468 0
1016 6471 0
1011 6475 0
1005 6479 0
999 6484 0
990 6488 0
.PEN_UP
.PEN_DOWN
902 6611 0
905 6611 0
911 6610 0
918 6609 0
926 6608 0
935 6607 0
945 6605 0
953 6604 0
958 6603 0
961 6603 0
961 6603 0
.PEN_UP
