.VERSION 1.0 
.HIERARCHY CHARACTER
.COORD X Y T
.SEGMENT CHARACTER 0-3 OK "106"
.H_LINE 6249 7124
.V_LINE 1999 2749
.X_DIM 749
.Y_DIM 875
.X_POINTS_PER_INCH 1000
.Y_POINTS_PER_INCH 1000
.POINTS_PER_SECOND 125
.COMMENT CALIB X: -13 Y: -56

.WRITER_INFO
 Name: CHINMAYA SHAH
 WriterId: 59
 Hand: right
 EducationLevel: college graduate
 Gender: male
 Profession: student
 Region: delhi
 Age: 22
 DeviceType: digimemo a402
 SkillDevice: average
 Language: hindi
 Script: indic
 Native: true
 Style: discrete
 UsageFreq: once a month
 Proficiency: average
 Date: 2007-6-25
 WritingInProfession: no

.PEN_DOWN
2316 6515 0
2315 6519 0
2315 6524 0
2316 6529 0
2316 6535 0
2316 6541 0
2315 6547 0
2314 6554 0
2313 6560 0
2312 6565 0
2312 6568 0
2312 6571 0
2311 6568 0
2309 6565 0
2306 6563 0
2303 6562 0
2299 6561 0
2296 6560 0
2292 6560 0
2288 6560 0
2283 6561 0
2279 6563 0
2275 6566 0
2270 6571 0
2266 6575 0
2263 6579 0
2260 6582 0
2257 6586 0
2255 6589 0
2254 6592 0
2254 6595 0
2253 6598 0
2253 6601 0
2253 6604 0
2255 6607 0
2258 6609 0
2261 6610 0
2264 6610 0
2267 6610 0
2270 6610 0
2273 6610 0
2276 6610 0
2279 6610 0
2282 6610 0
2285 6610 0
2288 6610 0
2291 6610 0
2294 6609 0
2297 6608 0
2300 6608 0
2303 6608 0
2306 6608 0
2309 6607 0
2312 6607 0
2315 6607 0
2318 6608 0
2321 6609 0
2324 6609 0
2327 6609 0
2330 6610 0
2333 6611 0
2336 6612 0
2339 6614 0
2342 6617 0
2344 6620 0
2345 6624 0
2343 6627 0
2341 6630 0
2338 6632 0
2334 6635 0
2330 6637 0
2326 6639 0
2321 6641 0
2316 6644 0
2311 6646 0
2307 6648 0
2304 6650 0
2301 6652 0
2299 6655 0
2299 6658 0
2303 6661 0
2307 6664 0
2312 6667 0
2317 6668 0
2322 6669 0
2329 6670 0
2337 6670 0
2347 6669 0
2356 6668 0
2367 6665 0
2379 6662 0
2390 6660 0
2401 6657 0
2412 6653 0
2422 6648 0
2432 6642 0
2440 6636 0
2448 6629 0
2454 6620 0
2458 6612 0
2461 6602 0
2463 6592 0
2465 6581 0
2466 6571 0
2466 6562 0
2466 6554 0
2466 6548 0
2466 6543 0
2465 6539 0
2465 6543 0
2465 6550 0
2464 6560 0
2463 6572 0
2463 6585 0
2463 6599 0
2462 6612 0
2461 6624 0
2461 6636 0
2461 6648 0
2460 6660 0
2460 6670 0
2460 6678 0
2460 6683 0
2461 6686 0
2461 6683 0
2461 6676 0
2460 6666 0
.PEN_UP
.PEN_DOWN
2391 6520 0
2386 6519 0
2379 6519 0
2373 6518 0
2370 6518 0
2373 6519 0
2382 6521 0
2395 6522 0
2413 6523 0
2434 6524 0
2456 6525 0
2476 6525 0
2495 6524 0
2513 6524 0
2530 6523 0
2542 6522 0
2549 6521 0
2553 6521 0
2548 6522 0
2542 6522 0
2537 6523 0
2531 6523 0
2524 6525 0
.PEN_UP
.PEN_DOWN
2267 6509 0
2263 6510 0
2259 6511 0
2256 6511 0
2261 6510 0
2270 6510 0
2282 6510 0
2298 6512 0
2317 6513 0
2340 6514 0
2365 6516 0
2390 6518 0
2411 6519 0
2430 6519 0
2444 6520 0
2454 6520 0
2460 6520 0
2463 6520 0
2463 6520 0
.PEN_UP
.PEN_DOWN
2285 6611 0
2282 6611 0
2279 6611 0
2274 6613 0
2268 6617 0
2262 6623 0
2255 6634 0
2248 6648 0
2241 6664 0
2236 6679 0
2234 6694 0
2235 6707 0
2240 6719 0
2248 6730 0
2258 6738 0
2272 6742 0
2292 6744 0
2314 6743 0
2338 6738 0
2362 6734 0
.PEN_UP
