.VERSION 1.0 
.HIERARCHY CHARACTER
.COORD X Y T
.SEGMENT CHARACTER 0-2 OK "108"
.H_LINE 6249 7124
.V_LINE 5000 5750
.X_DIM 750
.Y_DIM 875
.X_POINTS_PER_INCH 1000
.Y_POINTS_PER_INCH 1000
.POINTS_PER_SECOND 125
.COMMENT CALIB X: -4 Y: -70

.WRITER_INFO
 Name: CHINMAYA SHAH
 WriterId: 59
 Hand: right
 EducationLevel: college graduate
 Gender: male
 Profession: student
 Region: delhi
 Age: 22
 DeviceType: digimemo a402
 SkillDevice: average
 Language: hindi
 Script: indic
 Native: true
 Style: discrete
 UsageFreq: once a month
 Proficiency: average
 Date: 2007-6-25
 WritingInProfession: no

.PEN_DOWN
5351 6543 0
5353 6548 0
5355 6554 0
5356 6560 0
5356 6566 0
5356 6573 0
5356 6580 0
5356 6585 0
5356 6589 0
5356 6592 0
5354 6588 0
5351 6585 0
5346 6583 0
5341 6581 0
5335 6579 0
5327 6578 0
5319 6579 0
5310 6581 0
5301 6583 0
5294 6586 0
5287 6591 0
5281 6595 0
5276 6599 0
5273 6603 0
5270 6607 0
5269 6610 0
5268 6613 0
5269 6617 0
5272 6621 0
5275 6624 0
5278 6626 0
5281 6626 0
5284 6627 0
5288 6627 0
5292 6626 0
5299 6626 0
5305 6625 0
5310 6625 0
5314 6625 0
5318 6625 0
5322 6625 0
5326 6625 0
5331 6625 0
5336 6624 0
5341 6624 0
5346 6624 0
5351 6624 0
5357 6625 0
5363 6625 0
5367 6626 0
5371 6627 0
5374 6628 0
5377 6629 0
5381 6631 0
5385 6633 0
5388 6636 0
5391 6638 0
5393 6641 0
5394 6644 0
5393 6647 0
5391 6650 0
5388 6653 0
5386 6656 0
5382 6658 0
5379 6660 0
5375 6662 0
5370 6664 0
5364 6666 0
5356 6669 0
5350 6671 0
5346 6673 0
5342 6676 0
5338 6678 0
5335 6680 0
5333 6684 0
5332 6688 0
5331 6692 0
5331 6697 0
5332 6702 0
5335 6706 0
5340 6710 0
5346 6713 0
5353 6716 0
5362 6719 0
5372 6721 0
5384 6723 0
5395 6724 0
5407 6724 0
5419 6724 0
5430 6723 0
5441 6721 0
5451 6718 0
5461 6715 0
5468 6710 0
5474 6705 0
5480 6700 0
5484 6697 0
5487 6694 0
5487 6694 0
.PEN_UP
.PEN_DOWN
5318 6629 0
5313 6629 0
5306 6630 0
5299 6633 0
5290 6637 0
5281 6644 0
5273 6654 0
5263 6670 0
5256 6687 0
5251 6703 0
5248 6720 0
5248 6735 0
5250 6750 0
5254 6762 0
5259 6772 0
5267 6780 0
5279 6786 0
5294 6790 0
5312 6792 0
5331 6792 0
5351 6791 0
5370 6789 0
5386 6782 0
5400 6780 0
.PEN_UP
.PEN_DOWN
5256 6531 0
5259 6532 0
5264 6532 0
5275 6531 0
5292 6531 0
5313 6531 0
5338 6530 0
5363 6529 0
5389 6528 0
5411 6527 0
5429 6527 0
5441 6527 0
5448 6526 0
5444 6524 0
5441 6523 0
5438 6521 0
5438 6521 0
.PEN_UP
