208.0,101.0
208.0,103.0
206.0,105.0
206.0,109.0
205.0,113.0
205.0,118.0
204.0,120.0
204.0,123.0
202.0,126.0
201.0,131.0
201.0,133.0
201.0,138.0
199.0,140.0
199.0,144.0
199.0,146.0
199.0,151.0
199.0,153.0
199.0,157.0
199.0,158.0
199.0,160.0
199.0,163.0
199.0,164.0
199.0,165.0
201.0,167.0
202.0,169.0
204.0,171.0
205.0,172.0
205.0,173.0
206.0,173.0
208.0,174.0
209.0,176.0
211.0,177.0
213.0,178.0
215.0,178.0
216.0,179.0
218.0,179.0
220.0,179.0
222.0,179.0
225.0,180.0
226.0,180.0
227.0,180.0
229.0,180.0
230.0,180.0
232.0,180.0
235.0,180.0
236.0,182.0
239.0,182.0
240.0,182.0
243.0,182.0
244.0,182.0
247.0,182.0
250.0,182.0
251.0,180.0
253.0,180.0
253.0,179.0
256.0,178.0
256.0,177.0
257.0,176.0
258.0,176.0
260.0,174.0
260.0,173.0
261.0,172.0
-1.0,-1.0
261.0,102.0
260.0,104.0
260.0,106.0
260.0,108.0
260.0,110.0
260.0,113.0
258.0,119.0
258.0,123.0
258.0,126.0
258.0,129.0
257.0,131.0
257.0,135.0
257.0,137.0
256.0,140.0
256.0,143.0
256.0,146.0
256.0,149.0
254.0,152.0
254.0,155.0
254.0,157.0
254.0,159.0
254.0,162.0
254.0,163.0
254.0,165.0
253.0,166.0
253.0,169.0
253.0,171.0
253.0,174.0
253.0,176.0
253.0,180.0
253.0,183.0
253.0,186.0
253.0,187.0
253.0,190.0
253.0,191.0
253.0,192.0
253.0,193.0
253.0,194.0
253.0,196.0
253.0,198.0
253.0,199.0
253.0,200.0
253.0,201.0
253.0,203.0
253.0,204.0
253.0,205.0
253.0,206.0
253.0,207.0
253.0,209.0
-1.0,-1.0
264.0,172.0
265.0,171.0
267.0,170.0
270.0,169.0
270.0,167.0
273.0,166.0
274.0,166.0
275.0,165.0
278.0,164.0
281.0,163.0
282.0,163.0
285.0,162.0
287.0,160.0
289.0,159.0
291.0,158.0
294.0,157.0
295.0,157.0
296.0,156.0
298.0,155.0
301.0,155.0
302.0,153.0
303.0,153.0
305.0,152.0
308.0,152.0
309.0,151.0
312.0,151.0
313.0,150.0
318.0,149.0
319.0,149.0
322.0,147.0
323.0,147.0
326.0,147.0
327.0,146.0
329.0,146.0
330.0,146.0
332.0,146.0
333.0,146.0
334.0,146.0
336.0,146.0
337.0,146.0
337.0,147.0
339.0,147.0
339.0,150.0
340.0,151.0
341.0,152.0
341.0,153.0
341.0,155.0
341.0,156.0
341.0,157.0
343.0,158.0
343.0,160.0
343.0,162.0
343.0,163.0
343.0,165.0
343.0,166.0
343.0,167.0
343.0,170.0
343.0,171.0
343.0,172.0
343.0,173.0
343.0,174.0
343.0,177.0
343.0,179.0
343.0,180.0
343.0,183.0
343.0,185.0
343.0,187.0
343.0,190.0
343.0,192.0
343.0,194.0
343.0,197.0
343.0,198.0
343.0,199.0
341.0,201.0
341.0,204.0
340.0,206.0
340.0,209.0
339.0,211.0
339.0,212.0
337.0,213.0
337.0,216.0
336.0,218.0
334.0,219.0
333.0,220.0
332.0,221.0
330.0,223.0
329.0,224.0
326.0,226.0
325.0,227.0
322.0,228.0
320.0,230.0
319.0,231.0
318.0,232.0
318.0,233.0
316.0,233.0
315.0,233.0
-1.0,-1.0
164.0,102.0
165.0,101.0
169.0,101.0
174.0,100.0
179.0,99.0
185.0,99.0
192.0,96.0
198.0,96.0
210.0,95.0
224.0,95.0
241.0,93.0
248.0,93.0
254.0,92.0
259.0,92.0
264.0,92.0
268.0,92.0
272.0,92.0
275.0,92.0
279.0,92.0
280.0,92.0
285.0,93.0
288.0,93.0
292.0,93.0
295.0,94.0
299.0,94.0
302.0,94.0
306.0,94.0
307.0,94.0
310.0,94.0
311.0,94.0
313.0,94.0
317.0,94.0
318.0,94.0
323.0,94.0
324.0,94.0
327.0,94.0
330.0,94.0
-1.0,-1.0
 
