250.0,79.0
250.0,81.0
248.0,84.0
248.0,86.0
248.0,88.0
248.0,90.0
248.0,93.0
248.0,95.0
248.0,97.0
248.0,100.0
248.0,103.0
248.0,106.0
249.0,108.0
249.0,111.0
249.0,113.0
250.0,117.0
251.0,121.0
251.0,125.0
252.0,127.0
254.0,131.0
258.0,134.0
261.0,136.0
265.0,139.0
267.0,139.0
270.0,140.0
272.0,141.0
276.0,141.0
278.0,141.0
282.0,141.0
285.0,141.0
287.0,141.0
291.0,139.0
293.0,138.0
297.0,137.0
300.0,135.0
302.0,133.0
306.0,132.0
309.0,129.0
311.0,126.0
314.0,124.0
318.0,121.0
321.0,117.0
322.0,115.0
324.0,112.0
326.0,110.0
327.0,107.0
328.0,105.0
328.0,102.0
329.0,100.0
330.0,94.0
331.0,92.0
333.0,88.0
333.0,81.0
334.0,77.0
332.0,73.0
332.0,71.0
330.0,74.0
330.0,77.0
328.0,79.0
328.0,82.0
328.0,84.0
328.0,86.0
328.0,88.0
328.0,91.0
328.0,93.0
328.0,95.0
328.0,98.0
328.0,100.0
328.0,102.0
328.0,105.0
328.0,107.0
328.0,109.0
328.0,111.0
328.0,114.0
328.0,116.0
328.0,120.0
329.0,124.0
329.0,128.0
329.0,130.0
329.0,132.0
329.0,135.0
329.0,138.0
329.0,141.0
329.0,143.0
329.0,145.0
329.0,148.0
330.0,150.0
330.0,152.0
330.0,149.0
330.0,147.0
331.0,144.0
331.0,142.0
332.0,140.0
332.0,137.0
333.0,135.0
333.0,133.0
334.0,130.0
334.0,128.0
335.0,124.0
336.0,121.0
336.0,119.0
338.0,115.0
338.0,113.0
340.0,109.0
343.0,106.0
344.0,104.0
348.0,98.0
351.0,97.0
353.0,95.0
355.0,93.0
357.0,92.0
359.0,90.0
363.0,90.0
366.0,90.0
368.0,91.0
371.0,92.0
373.0,93.0
375.0,93.0
379.0,97.0
383.0,99.0
386.0,103.0
386.0,106.0
387.0,108.0
388.0,111.0
388.0,113.0
389.0,115.0
389.0,118.0
389.0,122.0
389.0,124.0
387.0,128.0
387.0,132.0
387.0,134.0
387.0,138.0
385.0,140.0
385.0,144.0
385.0,148.0
383.0,150.0
383.0,153.0
381.0,155.0
380.0,158.0
379.0,160.0
378.0,162.0
-1.0,-1.0
219.0,76.0
224.0,76.0
229.0,76.0
235.0,77.0
240.0,77.0
246.0,78.0
250.0,78.0
255.0,79.0
259.0,79.0
263.0,79.0
270.0,79.0
275.0,79.0
281.0,79.0
286.0,79.0
292.0,77.0
297.0,78.0
303.0,78.0
308.0,79.0
314.0,79.0
321.0,80.0
325.0,80.0
332.0,80.0
337.0,80.0
341.0,81.0
345.0,81.0
351.0,81.0
353.0,81.0
355.0,81.0
361.0,81.0
364.0,81.0
370.0,81.0
372.0,81.0
374.0,79.0
377.0,79.0
379.0,79.0
381.0,79.0
384.0,79.0
-1.0,-1.0
 
