304.0,106.0
302.0,110.0
302.0,112.0
300.0,116.0
300.0,122.0
300.0,124.0
300.0,129.0
301.0,135.0
301.0,139.0
302.0,144.0
303.0,148.0
305.0,152.0
306.0,158.0
309.0,162.0
311.0,166.0
314.0,167.0
316.0,168.0
319.0,168.0
324.0,168.0
326.0,166.0
330.0,165.0
338.0,162.0
343.0,156.0
347.0,153.0
352.0,150.0
355.0,146.0
358.0,142.0
361.0,136.0
362.0,128.0
364.0,123.0
364.0,118.0
362.0,114.0
362.0,110.0
362.0,107.0
359.0,111.0
358.0,113.0
356.0,119.0
356.0,124.0
354.0,126.0
354.0,130.0
354.0,134.0
354.0,138.0
354.0,142.0
355.0,149.0
356.0,155.0
356.0,160.0
357.0,164.0
358.0,170.0
358.0,173.0
358.0,176.0
359.0,178.0
359.0,180.0
360.0,177.0
360.0,175.0
361.0,171.0
361.0,168.0
362.0,165.0
363.0,162.0
364.0,158.0
366.0,153.0
368.0,150.0
371.0,147.0
374.0,143.0
376.0,141.0
379.0,138.0
383.0,137.0
385.0,134.0
388.0,133.0
392.0,132.0
394.0,132.0
396.0,132.0
399.0,132.0
401.0,134.0
402.0,137.0
404.0,139.0
405.0,141.0
405.0,147.0
405.0,152.0
405.0,158.0
406.0,163.0
406.0,165.0
406.0,168.0
406.0,170.0
406.0,174.0
406.0,176.0
406.0,178.0
406.0,181.0
406.0,183.0
404.0,186.0
403.0,184.0
-1.0,-1.0
258.0,107.0
260.0,107.0
263.0,108.0
265.0,108.0
270.0,108.0
278.0,109.0
285.0,109.0
290.0,109.0
298.0,107.0
303.0,107.0
310.0,107.0
316.0,105.0
322.0,104.0
329.0,104.0
337.0,102.0
342.0,102.0
350.0,100.0
357.0,100.0
362.0,100.0
370.0,100.0
375.0,98.0
381.0,98.0
384.0,98.0
388.0,98.0
391.0,98.0
394.0,98.0
398.0,98.0
401.0,95.0
-1.0,-1.0
 
