191.0,88.0
191.0,90.0
189.0,93.0
189.0,97.0
187.0,104.0
186.0,110.0
184.0,117.0
184.0,125.0
184.0,135.0
184.0,140.0
185.0,147.0
186.0,151.0
188.0,154.0
190.0,158.0
193.0,160.0
195.0,162.0
199.0,162.0
203.0,162.0
208.0,160.0
211.0,159.0
215.0,156.0
219.0,152.0
222.0,146.0
224.0,138.0
227.0,130.0
229.0,120.0
230.0,112.0
233.0,106.0
234.0,102.0
234.0,100.0
235.0,96.0
236.0,92.0
236.0,90.0
234.0,92.0
234.0,94.0
234.0,97.0
234.0,99.0
232.0,103.0
232.0,110.0
232.0,115.0
232.0,121.0
233.0,130.0
235.0,138.0
235.0,143.0
235.0,149.0
235.0,156.0
236.0,160.0
236.0,162.0
237.0,166.0
237.0,170.0
239.0,168.0
240.0,166.0
241.0,163.0
243.0,161.0
245.0,158.0
248.0,154.0
249.0,149.0
252.0,146.0
256.0,144.0
258.0,141.0
261.0,137.0
264.0,136.0
268.0,133.0
272.0,132.0
275.0,132.0
278.0,133.0
279.0,137.0
279.0,139.0
279.0,143.0
280.0,150.0
280.0,154.0
280.0,159.0
281.0,163.0
281.0,167.0
282.0,170.0
282.0,172.0
284.0,176.0
287.0,179.0
285.0,177.0
-1.0,-1.0
145.0,95.0
147.0,95.0
149.0,95.0
152.0,95.0
155.0,95.0
159.0,95.0
163.0,95.0
167.0,95.0
172.0,93.0
178.0,93.0
180.0,91.0
186.0,91.0
188.0,89.0
190.0,89.0
194.0,89.0
200.0,87.0
204.0,87.0
208.0,87.0
211.0,87.0
217.0,88.0
221.0,86.0
226.0,86.0
230.0,86.0
237.0,86.0
241.0,86.0
246.0,86.0
250.0,84.0
256.0,84.0
258.0,84.0
262.0,84.0
266.0,84.0
268.0,84.0
272.0,84.0
274.0,84.0
277.0,84.0
280.0,84.0
284.0,82.0
287.0,82.0
289.0,80.0
291.0,80.0
294.0,80.0
-1.0,-1.0
 
