206.0,74.0
206.0,75.0
204.0,77.0
203.0,83.0
200.0,88.0
199.0,92.0
199.0,96.0
197.0,101.0
197.0,104.0
196.0,108.0
196.0,110.0
196.0,114.0
196.0,115.0
196.0,117.0
196.0,119.0
196.0,124.0
196.0,128.0
197.0,132.0
199.0,136.0
200.0,139.0
202.0,142.0
204.0,145.0
207.0,149.0
209.0,152.0
211.0,156.0
213.0,157.0
214.0,159.0
217.0,161.0
219.0,162.0
223.0,163.0
224.0,163.0
228.0,164.0
231.0,164.0
234.0,164.0
237.0,164.0
241.0,162.0
244.0,161.0
248.0,157.0
251.0,153.0
255.0,148.0
258.0,144.0
262.0,139.0
264.0,137.0
266.0,132.0
268.0,130.0
268.0,128.0
269.0,125.0
269.0,123.0
271.0,121.0
271.0,118.0
272.0,115.0
272.0,114.0
273.0,109.0
273.0,104.0
275.0,100.0
275.0,97.0
275.0,94.0
276.0,92.0
276.0,90.0
276.0,88.0
276.0,87.0
276.0,85.0
276.0,84.0
276.0,83.0
276.0,84.0
276.0,85.0
276.0,87.0
276.0,89.0
276.0,91.0
276.0,92.0
276.0,96.0
276.0,100.0
275.0,107.0
275.0,110.0
273.0,119.0
273.0,123.0
273.0,130.0
272.0,133.0
272.0,137.0
272.0,140.0
270.0,143.0
270.0,146.0
270.0,149.0
270.0,152.0
270.0,155.0
270.0,159.0
270.0,163.0
270.0,167.0
270.0,170.0
270.0,173.0
269.0,175.0
269.0,176.0
269.0,179.0
269.0,181.0
269.0,183.0
269.0,184.0
269.0,187.0
269.0,188.0
269.0,189.0
269.0,190.0
268.0,190.0
268.0,189.0
268.0,188.0
268.0,187.0
268.0,184.0
268.0,182.0
268.0,180.0
268.0,175.0
268.0,171.0
268.0,167.0
269.0,163.0
270.0,160.0
270.0,157.0
272.0,154.0
273.0,153.0
276.0,149.0
277.0,147.0
280.0,145.0
283.0,142.0
286.0,140.0
287.0,139.0
289.0,137.0
290.0,136.0
293.0,135.0
296.0,133.0
300.0,132.0
303.0,130.0
306.0,130.0
308.0,129.0
311.0,129.0
313.0,129.0
315.0,129.0
317.0,129.0
318.0,129.0
321.0,129.0
323.0,129.0
324.0,129.0
325.0,129.0
327.0,130.0
328.0,132.0
330.0,133.0
331.0,135.0
334.0,137.0
335.0,140.0
338.0,145.0
341.0,148.0
342.0,150.0
342.0,154.0
344.0,157.0
345.0,162.0
345.0,166.0
346.0,170.0
346.0,174.0
346.0,180.0
346.0,184.0
345.0,197.0
342.0,209.0
333.0,227.0
328.0,234.0
326.0,237.0
324.0,240.0
320.0,244.0
310.0,253.0
302.0,262.0
297.0,266.0
294.0,269.0
289.0,273.0
281.0,278.0
276.0,279.0
271.0,282.0
269.0,282.0
268.0,282.0
267.0,282.0
-1.0,-1.0
144.0,78.0
146.0,78.0
149.0,78.0
154.0,78.0
158.0,78.0
163.0,77.0
168.0,77.0
176.0,77.0
180.0,76.0
189.0,76.0
194.0,76.0
206.0,75.0
211.0,75.0
222.0,75.0
227.0,75.0
235.0,75.0
239.0,75.0
246.0,75.0
251.0,75.0
256.0,75.0
260.0,75.0
265.0,73.0
269.0,73.0
273.0,73.0
277.0,73.0
282.0,73.0
284.0,73.0
290.0,73.0
293.0,73.0
297.0,73.0
298.0,73.0
301.0,73.0
303.0,73.0
-1.0,-1.0
321.0,79.0
322.0,79.0
324.0,79.0
325.0,79.0
326.0,79.0
-1.0,-1.0
 
