.VERSION 1.0 
.HIERARCHY CHARACTER
.COORD X Y T
.SEGMENT CHARACTER 0-2 OK "1"
.H_LINE 1374 2249
.V_LINE 1999 2749
.X_DIM 749
.Y_DIM 874
.X_POINTS_PER_INCH 1000
.Y_POINTS_PER_INCH 1000
.POINTS_PER_SECOND 125
.COMMENT CALIB X: 21 Y: 1

.WRITER_INFO
 Name: WANGDUP
 WriterId: 50
 Hand: right
 EducationLevel: high school
 Gender: male
 Profession: student
 Region: darjeeling
 Age: 18
 DeviceType: digimemo a402
 SkillDevice: average
 Language: hindi
 Script: indic
 Native: true
 Style: discrete
 UsageFreq: once a month
 Proficiency: average
 Date: 2007-6-22
 WritingInProfession: no

.PEN_DOWN
2261 1835 0
2260 1831 0
2260 1827 0
2261 1824 0
2263 1821 0
2267 1821 0
2272 1821 0
2279 1823 0
2288 1825 0
2300 1828 0
2311 1832 0
2318 1836 0
2324 1841 0
2329 1847 0
2330 1852 0
2328 1859 0
2323 1868 0
2314 1878 0
2304 1889 0
2294 1900 0
2285 1909 0
2280 1915 0
2277 1919 0
2281 1920 0
2286 1919 0
2294 1919 0
2304 1919 0
2314 1920 0
2327 1922 0
2341 1925 0
2354 1930 0
2366 1937 0
2375 1944 0
2381 1952 0
2385 1961 0
2386 1971 0
2383 1980 0
2377 1987 0
2370 1994 0
2360 1999 0
2346 2002 0
2331 2004 0
2314 2004 0
2298 2002 0
2284 1998 0
2271 1994 0
2261 1989 0
2255 1986 0
2251 1983 0
2250 1980 0
2251 1977 0
2255 1974 0
.PEN_UP
.PEN_DOWN
2339 1892 0
2341 1889 0
2344 1887 0
2348 1886 0
2353 1885 0
2361 1884 0
2371 1884 0
2381 1884 0
2392 1883 0
2403 1882 0
2413 1880 0
2421 1876 0
2427 1873 0
2430 1869 0
2431 1865 0
2431 1861 0
2431 1858 0
2427 1855 0
2424 1853 0
2424 1859 0
2424 1867 0
2424 1877 0
2424 1889 0
2425 1902 0
2426 1917 0
2429 1931 0
2431 1944 0
2433 1955 0
2435 1965 0
2437 1973 0
2438 1979 0
2439 1983 0
2439 1983 0
.PEN_UP
.PEN_DOWN
2372 1843 0
2367 1844 0
2361 1845 0
2356 1846 0
2351 1848 0
2347 1849 0
2344 1851 0
2348 1850 0
2354 1848 0
2366 1846 0
2384 1844 0
2405 1843 0
2424 1842 0
2440 1842 0
2453 1842 0
2463 1843 0
2470 1843 0
2474 1843 0
2477 1843 0
2477 1843 0
.PEN_UP
