.VERSION 1.0 
.HIERARCHY CHARACTER
.COORD X Y T
.SEGMENT CHARACTER 0-3 OK "10"
.H_LINE 4624 5499
.V_LINE 499 1250
.X_DIM 750
.Y_DIM 874
.X_POINTS_PER_INCH 1000
.Y_POINTS_PER_INCH 1000
.POINTS_PER_SECOND 125
.COMMENT CALIB X: 13 Y: -9

.WRITER_INFO
 Name: WANGDUP
 WriterId: 50
 Hand: right
 EducationLevel: high school
 Gender: male
 Profession: student
 Region: darjeeling
 Age: 18
 DeviceType: digimemo a402
 SkillDevice: average
 Language: hindi
 Script: indic
 Native: true
 Style: discrete
 UsageFreq: once a month
 Proficiency: average
 Date: 2007-6-22
 WritingInProfession: no

.PEN_DOWN
785 5112 0
782 5109 0
780 5104 0
780 5099 0
781 5094 0
784 5088 0
788 5083 0
794 5079 0
800 5076 0
807 5074 0
812 5074 0
817 5075 0
823 5077 0
830 5080 0
837 5083 0
844 5087 0
850 5091 0
853 5095 0
854 5101 0
852 5107 0
847 5115 0
840 5123 0
831 5130 0
823 5135 0
817 5139 0
814 5142 0
818 5145 0
823 5147 0
829 5151 0
837 5155 0
848 5160 0
858 5166 0
868 5174 0
878 5181 0
884 5189 0
887 5200 0
886 5211 0
882 5222 0
875 5232 0
864 5242 0
850 5248 0
837 5252 0
822 5252 0
806 5250 0
792 5246 0
779 5240 0
767 5232 0
759 5224 0
755 5215 0
753 5206 0
753 5198 0
756 5188 0
.PEN_UP
.PEN_DOWN
859 5141 0
861 5138 0
866 5134 0
875 5131 0
886 5128 0
896 5125 0
905 5123 0
913 5121 0
919 5119 0
923 5116 0
925 5113 0
927 5110 0
929 5104 0
931 5099 0
933 5095 0
934 5092 0
933 5095 0
932 5101 0
930 5109 0
929 5119 0
930 5132 0
932 5146 0
936 5161 0
941 5177 0
946 5191 0
950 5204 0
953 5214 0
955 5221 0
.PEN_UP
.PEN_DOWN
1002 5203 0
1001 5200 0
1001 5196 0
1002 5193 0
1003 5189 0
1003 5186 0
1003 5183 0
1003 5179 0
1003 5173 0
1003 5166 0
1003 5155 0
1003 5140 0
1003 5123 0
1002 5106 0
1000 5082 0
996 5057 0
990 5033 0
982 5010 0
972 4988 0
962 4969 0
955 4957 0
949 4949 0
944 4945 0
940 4944 0
937 4946 0
935 4951 0
934 4961 0
935 4972 0
936 4985 0
938 4997 0
942 5008 0
948 5019 0
957 5027 0
967 5034 0
978 5040 0
988 5045 0
991 5050 0
.PEN_UP
.PEN_DOWN
925 5083 0
927 5079 0
931 5076 0
936 5075 0
943 5074 0
952 5072 0
964 5071 0
977 5071 0
990 5071 0
1001 5072 0
1010 5074 0
.PEN_UP
