.VERSION 1.0 
.HIERARCHY CHARACTER
.COORD X Y T
.SEGMENT CHARACTER 0-1 OK "23"
.H_LINE 7874 8750
.V_LINE 5000 5750
.X_DIM 750
.Y_DIM 875
.X_POINTS_PER_INCH 1000
.Y_POINTS_PER_INCH 1000
.POINTS_PER_SECOND 125
.COMMENT CALIB X: 19 Y: -1

.WRITER_INFO
 Name: WANGDUP
 WriterId: 50
 Hand: right
 EducationLevel: high school
 Gender: male
 Profession: student
 Region: darjeeling
 Age: 18
 DeviceType: digimemo a402
 SkillDevice: average
 Language: hindi
 Script: indic
 Native: true
 Style: discrete
 UsageFreq: once a month
 Proficiency: average
 Date: 2007-6-22
 WritingInProfession: no

.PEN_DOWN
5399 8253 0
5398 8250 0
5398 8246 0
5398 8242 0
5399 8239 0
5399 8242 0
5399 8247 0
5400 8254 0
5401 8260 0
5403 8266 0
5405 8273 0
5408 8281 0
5412 8288 0
5418 8296 0
5423 8304 0
5427 8310 0
5430 8314 0
5431 8317 0
5430 8313 0
5428 8308 0
5424 8302 0
5418 8295 0
5410 8289 0
5399 8285 0
5386 8283 0
5372 8282 0
5357 8283 0
5345 8285 0
5335 8289 0
5326 8297 0
5319 8305 0
5314 8315 0
5311 8327 0
5310 8338 0
5313 8348 0
5319 8359 0
5328 8369 0
5339 8379 0
5355 8387 0
5373 8394 0
5392 8398 0
5411 8401 0
5430 8402 0
5445 8402 0
5457 8401 0
5466 8397 0
5472 8391 0
5477 8384 0
5480 8375 0
5483 8365 0
5484 8357 0
5483 8346 0
5480 8337 0
5476 8330 0
5471 8323 0
5464 8317 0
5456 8312 0
5447 8307 0
5437 8303 0
5429 8299 0
5423 8296 0
5418 8295 0
5414 8295 0
5411 8297 0
5410 8301 0
5409 8305 0
5410 8311 0
5410 8311 0
.PEN_UP
.PEN_DOWN
5266 8221 0
5263 8217 0
5261 8214 0
5259 8210 0
5259 8207 0
5260 8204 0
5263 8201 0
5267 8198 0
5276 8195 0
5294 8191 0
5321 8187 0
5357 8184 0
5396 8183 0
5435 8183 0
5467 8184 0
5490 8185 0
5506 8187 0
5515 8188 0
5518 8188 0
5512 8188 0
5507 8189 0
5502 8191 0
.PEN_UP
