.VERSION 1.0 
.HIERARCHY CHARACTER
.COORD X Y T
.SEGMENT CHARACTER 0-1 OK "36"
.H_LINE 2999 3874
.V_LINE 1999 2749
.X_DIM 749
.Y_DIM 874
.X_POINTS_PER_INCH 1000
.Y_POINTS_PER_INCH 1000
.POINTS_PER_SECOND 125
.COMMENT CALIB X: 33 Y: -21

.WRITER_INFO
 Name: WANGDUP
 WriterId: 50
 Hand: right
 EducationLevel: high school
 Gender: male
 Profession: student
 Region: darjeeling
 Age: 18
 DeviceType: digimemo a402
 SkillDevice: average
 Language: hindi
 Script: indic
 Native: true
 Style: discrete
 UsageFreq: once a month
 Proficiency: average
 Date: 2007-6-22
 WritingInProfession: no

.PEN_DOWN
2354 3386 0
2354 3383 0
2354 3378 0
2354 3372 0
2354 3368 0
2354 3365 0
2354 3370 0
2354 3378 0
2355 3389 0
2357 3403 0
2359 3418 0
2361 3435 0
2362 3452 0
2364 3468 0
2366 3482 0
2367 3493 0
2368 3503 0
2366 3511 0
2363 3516 0
2360 3519 0
2357 3521 0
2352 3520 0
2345 3517 0
2337 3512 0
2329 3507 0
2321 3500 0
2316 3493 0
2313 3487 0
2311 3482 0
2311 3478 0
2312 3474 0
2314 3471 0
2320 3468 0
2332 3465 0
2349 3461 0
2365 3456 0
2382 3450 0
2400 3444 0
2415 3437 0
2428 3430 0
2436 3422 0
2440 3413 0
2442 3403 0
2443 3393 0
2444 3382 0
2446 3374 0
2446 3368 0
2446 3363 0
2446 3360 0
2447 3364 0
2449 3373 0
2450 3386 0
2450 3402 0
2450 3419 0
2451 3436 0
2453 3453 0
2457 3469 0
2461 3483 0
2464 3493 0
2466 3499 0
2467 3502 0
2466 3497 0
.PEN_UP
.PEN_DOWN
2260 3358 0
2263 3357 0
2268 3357 0
2276 3357 0
2286 3356 0
2300 3354 0
2321 3353 0
2349 3350 0
2384 3347 0
2421 3344 0
2456 3342 0
2484 3341 0
2504 3339 0
2516 3338 0
2521 3338 0
2518 3337 0
2515 3337 0
2512 3337 0
2509 3338 0
.PEN_UP
