.VERSION 1.0 
.HIERARCHY CHARACTER
.COORD X Y T
.SEGMENT CHARACTER 0-2 OK "71"
.H_LINE 4624 5499
.V_LINE 1999 2749
.X_DIM 749
.Y_DIM 874
.X_POINTS_PER_INCH 1000
.Y_POINTS_PER_INCH 1000
.POINTS_PER_SECOND 125
.COMMENT CALIB X: 20 Y: -3

.WRITER_INFO
 Name: WANGDUP
 WriterId: 50
 Hand: right
 EducationLevel: high school
 Gender: male
 Profession: student
 Region: darjeeling
 Age: 18
 DeviceType: digimemo a402
 SkillDevice: average
 Language: hindi
 Script: indic
 Native: true
 Style: discrete
 UsageFreq: once a month
 Proficiency: average
 Date: 2007-6-22
 WritingInProfession: no

.PEN_DOWN
2302 5041 0
2303 5037 0
2304 5034 0
2307 5032 0
2310 5036 0
2312 5042 0
2314 5049 0
2317 5056 0
2321 5064 0
2325 5072 0
2330 5078 0
2333 5083 0
2336 5086 0
2336 5083 0
2334 5079 0
2330 5075 0
2324 5070 0
2317 5066 0
2309 5064 0
2299 5063 0
2290 5063 0
2283 5064 0
2277 5068 0
2272 5072 0
2268 5077 0
2265 5083 0
2265 5088 0
2266 5093 0
2268 5098 0
2272 5102 0
2277 5106 0
2284 5111 0
2293 5116 0
2306 5121 0
2319 5126 0
2329 5131 0
2337 5136 0
2342 5141 0
2345 5145 0
2346 5149 0
2345 5153 0
2343 5158 0
2339 5165 0
2333 5171 0
2326 5177 0
2318 5183 0
2310 5188 0
2302 5192 0
2296 5194 0
2290 5195 0
2286 5195 0
2283 5193 0
2280 5191 0
2279 5188 0
2279 5185 0
2279 5182 0
2281 5179 0
2285 5177 0
2290 5175 0
2297 5173 0
2309 5172 0
2323 5171 0
2337 5171 0
2352 5172 0
2367 5174 0
2382 5175 0
2393 5176 0
2400 5177 0
2405 5177 0
.PEN_UP
.PEN_DOWN
2331 5117 0
2332 5114 0
2337 5113 0
2343 5111 0
2351 5110 0
2361 5110 0
2375 5110 0
2391 5109 0
2403 5108 0
2411 5108 0
2416 5108 0
2410 5108 0
2403 5107 0
.PEN_UP
.PEN_DOWN
2221 5010 0
2218 5010 0
2214 5009 0
2212 5006 0
2212 5003 0
2213 5000 0
2217 4999 0
2222 4998 0
2230 4996 0
2243 4994 0
2258 4992 0
2274 4991 0
2294 4989 0
2315 4988 0
2333 4987 0
2346 4987 0
2353 4987 0
2357 4987 0
2354 4988 0
2351 4990 0
2348 4992 0
2344 4996 0
2340 5000 0
.PEN_UP
