.VERSION 1.0 
.HIERARCHY CHARACTER
.COORD X Y T
.SEGMENT CHARACTER 0-2 OK "108"
.H_LINE 6249 7124
.V_LINE 5000 5750
.X_DIM 750
.Y_DIM 875
.X_POINTS_PER_INCH 1000
.Y_POINTS_PER_INCH 1000
.POINTS_PER_SECOND 125
.COMMENT CALIB X: 28 Y: 2

.WRITER_INFO
 Name: WANGDUP
 WriterId: 50
 Hand: right
 EducationLevel: high school
 Gender: male
 Profession: student
 Region: darjeeling
 Age: 18
 DeviceType: digimemo a402
 SkillDevice: average
 Language: hindi
 Script: indic
 Native: true
 Style: discrete
 UsageFreq: once a month
 Proficiency: average
 Date: 2007-6-22
 WritingInProfession: no

.PEN_DOWN
5381 6575 0
5381 6572 0
5381 6569 0
5382 6566 0
5382 6569 0
5382 6574 0
5383 6580 0
5384 6587 0
5385 6593 0
5387 6599 0
5391 6604 0
5394 6608 0
5396 6612 0
5397 6615 0
5397 6618 0
5396 6614 0
5395 6611 0
5392 6607 0
5388 6601 0
5384 6597 0
5378 6594 0
5368 6592 0
5358 6590 0
5347 6590 0
5336 6591 0
5326 6592 0
5319 6594 0
5313 6597 0
5308 6601 0
5305 6604 0
5304 6608 0
5304 6613 0
5304 6619 0
5306 6625 0
5308 6630 0
5311 6635 0
5316 6639 0
5322 6643 0
5329 6647 0
5339 6650 0
5348 6652 0
5357 6654 0
5367 6654 0
5378 6654 0
5387 6653 0
5394 6652 0
5401 6651 0
5407 6649 0
5412 6647 0
5416 6646 0
5419 6645 0
5422 6644 0
5425 6643 0
5428 6643 0
5431 6644 0
5434 6646 0
5437 6648 0
5441 6651 0
5444 6654 0
5447 6657 0
5450 6661 0
5452 6665 0
5454 6669 0
5456 6672 0
5455 6675 0
5453 6678 0
5450 6681 0
5447 6684 0
5444 6687 0
5441 6690 0
5438 6692 0
5435 6694 0
5431 6696 0
5427 6698 0
5423 6700 0
5420 6702 0
5417 6704 0
5414 6706 0
5411 6707 0
5409 6710 0
5407 6713 0
5406 6717 0
5405 6721 0
5406 6725 0
5407 6730 0
5409 6734 0
5411 6738 0
5413 6741 0
5417 6745 0
5421 6748 0
5425 6751 0
5429 6753 0
5433 6755 0
5438 6757 0
5443 6757 0
5449 6757 0
5456 6756 0
5463 6754 0
5470 6751 0
5476 6748 0
5482 6744 0
5488 6741 0
5493 6739 0
5496 6738 0
5495 6741 0
5495 6741 0
.PEN_UP
.PEN_DOWN
5392 6655 0
5389 6654 0
5386 6654 0
5383 6654 0
5379 6654 0
5375 6655 0
5370 6656 0
5365 6657 0
5360 6658 0
5356 6658 0
5353 6659 0
5350 6660 0
5347 6664 0
5343 6669 0
5338 6674 0
5334 6680 0
5330 6688 0
5327 6697 0
5324 6705 0
5322 6715 0
5320 6725 0
5318 6735 0
5317 6746 0
5317 6756 0
5318 6765 0
5320 6773 0
5323 6780 0
5328 6786 0
5336 6792 0
5344 6798 0
5353 6804 0
5362 6808 0
5370 6812 0
5376 6816 0
5382 6819 0
5387 6823 0
5392 6826 0
5396 6829 0
5401 6832 0
5406 6833 0
5410 6834 0
5415 6835 0
5420 6835 0
.PEN_UP
.PEN_DOWN
5272 6560 0
5270 6557 0
5276 6556 0
5285 6556 0
5300 6555 0
5321 6553 0
5348 6553 0
5381 6553 0
5413 6552 0
5442 6551 0
5465 6550 0
5479 6549 0
5486 6549 0
5490 6549 0
5487 6549 0
5482 6550 0
5475 6552 0
5500 6557 0
.PEN_UP
