.VERSION 1.0 
.HIERARCHY CHARACTER
.COORD X Y T
.SEGMENT CHARACTER 0-2 OK "4"
.H_LINE 1374 2249
.V_LINE 6500 7250
.X_DIM 750
.Y_DIM 874
.X_POINTS_PER_INCH 1000
.Y_POINTS_PER_INCH 1000
.POINTS_PER_SECOND 125
.COMMENT CALIB X: -23 Y: -109

.WRITER_INFO
 Name: SIDDARTH
 WriterId: 37
 Hand: right
 EducationLevel: college graduate
 Gender: male
 Profession: student
 Region: mumbai
 Age: 22
 DeviceType: digimemo a402
 SkillDevice: average
 Language: hindi
 Script: indic
 Native: false
 Style: discrete
 UsageFreq: rarely
 Proficiency: average
 Date: 2007-10-11
 WritingInProfession: no

.PEN_DOWN
6825 1684 0
6822 1684 0
6819 1684 0
6822 1686 0
6828 1688 0
6838 1690 0
6852 1694 0
6870 1697 0
6889 1700 0
6910 1703 0
6930 1706 0
6947 1710 0
6961 1714 0
6971 1718 0
6977 1720 0
6981 1722 0
6976 1723 0
6968 1723 0
6954 1723 0
6938 1724 0
6922 1727 0
6903 1733 0
6884 1738 0
6870 1743 0
6858 1748 0
6851 1751 0
6848 1753 0
6848 1756 0
6852 1759 0
6859 1761 0
6868 1764 0
6880 1768 0
6895 1772 0
6909 1776 0
6924 1779 0
6936 1781 0
6945 1784 0
6951 1787 0
6956 1790 0
6959 1793 0
6963 1797 0
6965 1801 0
6968 1805 0
6970 1810 0
6972 1815 0
6973 1819 0
6973 1823 0
6973 1829 0
6972 1837 0
6970 1844 0
6967 1852 0
6964 1859 0
6958 1866 0
6948 1873 0
6934 1878 0
6917 1881 0
6900 1882 0
6879 1882 0
6855 1879 0
6839 1877 0
6830 1874 0
6824 1871 0
6820 1867 0
6818 1863 0
6818 1860 0
6819 1857 0
6821 1854 0
6825 1851 0
6837 1846 0
6852 1842 0
6869 1840 0
6882 1837 0
6896 1838 0
6909 1840 0
6922 1843 0
6937 1849 0
6952 1855 0
6962 1860 0
6968 1866 0
6975 1874 0
6981 1883 0
6988 1898 0
6994 1912 0
6999 1925 0
7003 1935 0
7006 1940 0
7008 1943 0
7008 1938 0
7006 1928 0
7002 1913 0
.PEN_UP
.PEN_DOWN
6720 1688 0
6717 1687 0
6714 1685 0
6713 1682 0
6718 1680 0
6724 1678 0
6736 1675 0
6756 1673 0
6784 1671 0
6818 1669 0
6856 1668 0
6892 1668 0
6924 1668 0
6949 1668 0
6966 1668 0
6977 1669 0
6985 1670 0
6990 1670 0
6993 1670 0
6988 1670 0
.PEN_UP
.PEN_DOWN
6855 1643 0
6852 1643 0
6848 1643 0
6844 1643 0
6841 1643 0
6838 1643 0
6835 1643 0
6832 1643 0
6829 1641 0
6824 1637 0
6821 1633 0
6819 1629 0
6816 1622 0
6812 1614 0
6809 1607 0
6808 1602 0
6808 1596 0
6809 1589 0
6810 1585 0
6812 1580 0
6814 1575 0
6817 1571 0
6822 1566 0
6834 1560 0
6854 1556 0
6875 1552 0
6892 1550 0
6907 1549 0
6924 1548 0
6939 1549 0
6951 1550 0
6961 1552 0
6970 1555 0
6975 1557 0
6979 1559 0
6980 1562 0
6980 1565 0
6975 1568 0
.PEN_UP
