.VERSION 1.0 
.HIERARCHY CHARACTER
.COORD X Y T
.SEGMENT CHARACTER 0-1 OK "17"
.H_LINE 6249 7124
.V_LINE 3500 4250
.X_DIM 750
.Y_DIM 875
.X_POINTS_PER_INCH 1000
.Y_POINTS_PER_INCH 1000
.POINTS_PER_SECOND 125
.COMMENT CALIB X: 3 Y: -93

.WRITER_INFO
 Name: SIDDARTH
 WriterId: 37
 Hand: right
 EducationLevel: college graduate
 Gender: male
 Profession: student
 Region: mumbai
 Age: 22
 DeviceType: digimemo a402
 SkillDevice: average
 Language: hindi
 Script: indic
 Native: false
 Style: discrete
 UsageFreq: rarely
 Proficiency: average
 Date: 2007-10-11
 WritingInProfession: no

.PEN_DOWN
3613 6798 0
3610 6798 0
3607 6798 0
3612 6797 0
3622 6796 0
3639 6795 0
3658 6793 0
3675 6791 0
3693 6789 0
3709 6787 0
3722 6785 0
3730 6783 0
3735 6782 0
3738 6782 0
3737 6785 0
3736 6788 0
3735 6792 0
3733 6796 0
3731 6802 0
3730 6808 0
3729 6814 0
3729 6819 0
3729 6823 0
3730 6826 0
3733 6829 0
3736 6831 0
3741 6832 0
3748 6832 0
3758 6828 0
3767 6824 0
3776 6817 0
3786 6808 0
3795 6798 0
3802 6787 0
3807 6776 0
3810 6766 0
3812 6756 0
3812 6746 0
3811 6736 0
3810 6729 0
3810 6724 0
3810 6721 0
3808 6724 0
3807 6729 0
3806 6736 0
3806 6745 0
3806 6754 0
3806 6764 0
3806 6774 0
3807 6783 0
3807 6792 0
3806 6803 0
3805 6812 0
3804 6822 0
3804 6833 0
3804 6846 0
3804 6860 0
3804 6874 0
3805 6887 0
3806 6897 0
3807 6904 0
3808 6908 0
3809 6903 0
3808 6897 0
3806 6890 0
3805 6880 0
.PEN_UP
.PEN_DOWN
3761 6715 0
3752 6715 0
3744 6715 0
3737 6714 0
3732 6713 0
3728 6712 0
3726 6709 0
3729 6709 0
3732 6709 0
3738 6710 0
3748 6710 0
3761 6710 0
3777 6712 0
3796 6714 0
3811 6715 0
3825 6717 0
3840 6718 0
3851 6718 0
3859 6718 0
3865 6718 0
3869 6718 0
3872 6717 0
3868 6713 0
.PEN_UP
