.VERSION 1.0 
.HIERARCHY CHARACTER
.COORD X Y T
.SEGMENT CHARACTER 0-3 OK "20"
.H_LINE 7874 8750
.V_LINE 499 1250
.X_DIM 750
.Y_DIM 875
.X_POINTS_PER_INCH 1000
.Y_POINTS_PER_INCH 1000
.POINTS_PER_SECOND 125
.COMMENT CALIB X: -16 Y: -74

.WRITER_INFO
 Name: SIDDARTH
 WriterId: 37
 Hand: right
 EducationLevel: college graduate
 Gender: male
 Profession: student
 Region: mumbai
 Age: 22
 DeviceType: digimemo a402
 SkillDevice: average
 Language: hindi
 Script: indic
 Native: false
 Style: discrete
 UsageFreq: rarely
 Proficiency: average
 Date: 2007-10-11
 WritingInProfession: no

.PEN_DOWN
778 8216 0
775 8214 0
772 8213 0
775 8216 0
779 8220 0
785 8223 0
795 8226 0
808 8228 0
822 8231 0
837 8234 0
850 8237 0
862 8239 0
869 8241 0
873 8243 0
869 8243 0
861 8243 0
849 8244 0
836 8248 0
819 8253 0
803 8259 0
792 8264 0
784 8270 0
777 8278 0
771 8285 0
767 8291 0
765 8297 0
765 8301 0
766 8304 0
768 8307 0
771 8309 0
775 8311 0
782 8312 0
791 8313 0
800 8313 0
811 8313 0
823 8313 0
834 8314 0
842 8315 0
848 8316 0
853 8318 0
857 8321 0
860 8324 0
863 8329 0
868 8335 0
873 8341 0
876 8346 0
878 8350 0
879 8355 0
878 8358 0
876 8363 0
870 8370 0
859 8378 0
847 8385 0
837 8391 0
825 8397 0
813 8401 0
804 8403 0
795 8403 0
786 8402 0
778 8398 0
771 8394 0
766 8388 0
762 8380 0
759 8373 0
758 8367 0
758 8363 0
760 8360 0
763 8358 0
768 8356 0
774 8355 0
781 8354 0
791 8354 0
802 8355 0
815 8357 0
830 8360 0
844 8364 0
857 8369 0
868 8374 0
879 8381 0
888 8389 0
896 8396 0
901 8403 0
906 8408 0
911 8414 0
916 8419 0
918 8422 0
921 8423 0
921 8423 0
.PEN_UP
.PEN_DOWN
892 8338 0
899 8337 0
908 8336 0
920 8335 0
935 8333 0
949 8332 0
961 8331 0
971 8330 0
981 8328 0
988 8327 0
994 8326 0
997 8325 0
995 8322 0
994 8319 0
992 8315 0
992 8315 0
.PEN_UP
.PEN_DOWN
993 8246 0
993 8243 0
993 8240 0
993 8236 0
993 8232 0
993 8229 0
993 8226 0
993 8223 0
992 8227 0
991 8232 0
991 8239 0
991 8248 0
990 8257 0
990 8267 0
990 8279 0
990 8292 0
991 8309 0
993 8323 0
994 8337 0
997 8353 0
999 8367 0
1001 8381 0
1004 8396 0
1007 8408 0
1009 8416 0
1010 8421 0
1012 8418 0
1011 8412 0
1010 8406 0
1009 8399 0
1007 8392 0
.PEN_UP
.PEN_DOWN
740 8179 0
738 8182 0
737 8185 0
736 8188 0
735 8191 0
735 8194 0
737 8198 0
739 8201 0
743 8203 0
751 8206 0
764 8208 0
779 8209 0
800 8208 0
829 8206 0
865 8204 0
908 8201 0
947 8198 0
980 8196 0
1011 8195 0
1044 8194 0
1077 8193 0
1108 8193 0
1132 8192 0
1146 8192 0
1153 8192 0
1156 8192 0
1149 8192 0
1135 8197 0
1117 8199 0
.PEN_UP
