.VERSION 1.0 
.HIERARCHY CHARACTER
.COORD X Y T
.SEGMENT CHARACTER 0-2 OK "69"
.H_LINE 2999 3874
.V_LINE 6500 7250
.X_DIM 750
.Y_DIM 874
.X_POINTS_PER_INCH 1000
.Y_POINTS_PER_INCH 1000
.POINTS_PER_SECOND 125
.COMMENT CALIB X: -16 Y: -128

.WRITER_INFO
 Name: SIDDARTH
 WriterId: 37
 Hand: right
 EducationLevel: college graduate
 Gender: male
 Profession: student
 Region: mumbai
 Age: 22
 DeviceType: digimemo a402
 SkillDevice: average
 Language: hindi
 Script: indic
 Native: false
 Style: discrete
 UsageFreq: rarely
 Proficiency: average
 Date: 2007-10-11
 WritingInProfession: no

.PEN_DOWN
6719 3398 0
6715 3399 0
6712 3400 0
6714 3395 0
.PEN_UP
.PEN_DOWN
6719 3392 0
6716 3393 0
6721 3391 0
6730 3390 0
6743 3391 0
6759 3392 0
6782 3392 0
6809 3393 0
6835 3394 0
6857 3394 0
6876 3394 0
6890 3394 0
6898 3394 0
6903 3394 0
6906 3394 0
6901 3393 0
6893 3392 0
.PEN_UP
.PEN_DOWN
6667 3531 0
6663 3531 0
6667 3529 0
6672 3528 0
6679 3527 0
6686 3526 0
6694 3524 0
6704 3524 0
6716 3522 0
6729 3521 0
6740 3520 0
6750 3519 0
6764 3518 0
6776 3517 0
6783 3516 0
6787 3516 0
6785 3519 0
6783 3522 0
6781 3525 0
6780 3528 0
6779 3531 0
6778 3534 0
6778 3537 0
6776 3541 0
6774 3545 0
6772 3549 0
6771 3552 0
6769 3555 0
6768 3559 0
6767 3562 0
6766 3565 0
6766 3568 0
6766 3571 0
6766 3574 0
6767 3577 0
6768 3580 0
6770 3583 0
6773 3585 0
6776 3588 0
6780 3592 0
6783 3595 0
6787 3597 0
6791 3599 0
6795 3601 0
6799 3603 0
6803 3604 0
6807 3605 0
6810 3605 0
6813 3604 0
6816 3602 0
6819 3600 0
6824 3598 0
6830 3595 0
6834 3594 0
6837 3593 0
6840 3592 0
6843 3591 0
6846 3589 0
6849 3587 0
6852 3584 0
6856 3581 0
6860 3579 0
6866 3576 0
6871 3574 0
6874 3573 0
6877 3572 0
6880 3570 0
6883 3567 0
6885 3564 0
6887 3561 0
6889 3558 0
6891 3555 0
6892 3552 0
6894 3548 0
6895 3544 0
6895 3541 0
6895 3538 0
6895 3538 0
.PEN_UP
