.VERSION 1.0 
.HIERARCHY CHARACTER
.COORD X Y T
.SEGMENT CHARACTER 0-1 OK "76"
.H_LINE 6249 7124
.V_LINE 1999 2749
.X_DIM 749
.Y_DIM 875
.X_POINTS_PER_INCH 1000
.Y_POINTS_PER_INCH 1000
.POINTS_PER_SECOND 125
.COMMENT CALIB X: -33 Y: -52

.WRITER_INFO
 Name: SIDDARTH
 WriterId: 37
 Hand: right
 EducationLevel: college graduate
 Gender: male
 Profession: student
 Region: mumbai
 Age: 22
 DeviceType: digimemo a402
 SkillDevice: average
 Language: hindi
 Script: indic
 Native: false
 Style: discrete
 UsageFreq: rarely
 Proficiency: average
 Date: 2007-10-11
 WritingInProfession: no

.PEN_DOWN
2242 6598 0
2240 6593 0
2239 6590 0
2246 6588 0
2257 6586 0
2279 6584 0
2303 6581 0
2336 6578 0
2367 6573 0
2393 6572 0
2415 6571 0
2436 6571 0
2456 6571 0
2472 6571 0
2481 6572 0
2486 6573 0
2489 6573 0
2482 6575 0
.PEN_UP
.PEN_DOWN
2354 6652 0
2356 6655 0
2357 6658 0
2357 6662 0
2357 6667 0
2355 6672 0
2352 6677 0
2347 6683 0
2342 6689 0
2334 6694 0
2326 6698 0
2321 6701 0
2317 6702 0
2314 6703 0
2312 6700 0
2310 6696 0
2308 6691 0
2306 6685 0
2303 6679 0
2301 6675 0
2300 6671 0
2299 6667 0
2300 6664 0
2302 6660 0
2304 6657 0
2307 6656 0
2311 6655 0
2315 6654 0
2321 6653 0
2328 6652 0
2334 6652 0
2343 6653 0
2353 6655 0
2360 6657 0
2367 6661 0
2373 6665 0
2378 6668 0
2383 6672 0
2387 6675 0
2390 6679 0
2392 6685 0
2394 6691 0
2395 6698 0
2395 6705 0
2393 6713 0
2389 6721 0
2384 6728 0
2378 6736 0
2369 6746 0
2360 6756 0
2348 6766 0
2339 6773 0
2334 6778 0
2330 6781 0
2328 6785 0
2327 6788 0
2327 6791 0
2329 6794 0
2332 6796 0
2337 6799 0
2343 6801 0
2352 6803 0
2363 6804 0
2375 6805 0
2388 6806 0
2402 6805 0
2415 6803 0
2428 6799 0
2438 6794 0
2445 6786 0
2451 6776 0
2456 6766 0
2459 6756 0
2461 6748 0
2462 6741 0
2462 6737 0
2460 6734 0
.PEN_UP
