.VERSION 1.0 
.HIERARCHY CHARACTER
.COORD X Y T
.SEGMENT CHARACTER 0-4 OK "103"
.H_LINE 4624 5499
.V_LINE 5000 5750
.X_DIM 750
.Y_DIM 874
.X_POINTS_PER_INCH 1000
.Y_POINTS_PER_INCH 1000
.POINTS_PER_SECOND 125
.COMMENT CALIB X: 6 Y: -112

.WRITER_INFO
 Name: SIDDARTH
 WriterId: 37
 Hand: right
 EducationLevel: college graduate
 Gender: male
 Profession: student
 Region: mumbai
 Age: 22
 DeviceType: digimemo a402
 SkillDevice: average
 Language: hindi
 Script: indic
 Native: false
 Style: discrete
 UsageFreq: rarely
 Proficiency: average
 Date: 2007-10-11
 WritingInProfession: no

.PEN_DOWN
5391 5006 0
5390 5003 0
5388 5006 0
5386 5010 0
5384 5015 0
5382 5022 0
5380 5030 0
5378 5038 0
5377 5046 0
5376 5055 0
5375 5064 0
5373 5072 0
5372 5081 0
5372 5091 0
5373 5102 0
5374 5114 0
5376 5127 0
5377 5139 0
5379 5153 0
5382 5166 0
5386 5178 0
5390 5188 0
5393 5195 0
5394 5200 0
5396 5203 0
5394 5200 0
5394 5200 0
.PEN_UP
.PEN_DOWN
5269 5109 0
5267 5112 0
5266 5115 0
5265 5120 0
5263 5126 0
5261 5132 0
5260 5137 0
5259 5142 0
5257 5147 0
5256 5151 0
5255 5154 0
5254 5157 0
5253 5160 0
5250 5160 0
5247 5160 0
5244 5157 0
5243 5154 0
5243 5151 0
5243 5148 0
5244 5144 0
5245 5140 0
5247 5136 0
5249 5131 0
5252 5125 0
5257 5117 0
5262 5111 0
5266 5104 0
5269 5098 0
5273 5093 0
5276 5089 0
5279 5086 0
5282 5084 0
5286 5081 0
5292 5079 0
5299 5077 0
5306 5075 0
5315 5074 0
5324 5073 0
5336 5072 0
5355 5070 0
5367 5069 0
5373 5069 0
5376 5069 0
5373 5070 0
5370 5072 0
.PEN_UP
.PEN_DOWN
5353 5074 0
5351 5077 0
5351 5080 0
5352 5083 0
5348 5087 0
5344 5090 0
5340 5095 0
5336 5100 0
5332 5105 0
5328 5109 0
5326 5114 0
5322 5121 0
5319 5127 0
5316 5132 0
5314 5136 0
5312 5139 0
5311 5142 0
5310 5145 0
5310 5148 0
5310 5151 0
5310 5156 0
5309 5163 0
5308 5169 0
5306 5175 0
5304 5185 0
5301 5194 0
5298 5201 0
5296 5206 0
5295 5209 0
5296 5212 0
5299 5214 0
5302 5216 0
5305 5218 0
5308 5219 0
5311 5219 0
5314 5219 0
5318 5218 0
5322 5218 0
5325 5218 0
5329 5217 0
5332 5215 0
5335 5214 0
5337 5210 0
5337 5206 0
5337 5203 0
5336 5199 0
5335 5194 0
5334 5190 0
5333 5187 0
5332 5184 0
5329 5183 0
5326 5182 0
5323 5181 0
5318 5180 0
5313 5180 0
5310 5180 0
5308 5183 0
5305 5180 0
.PEN_UP
.PEN_DOWN
5272 5119 0
5275 5117 0
5278 5115 0
5281 5117 0
5284 5120 0
5286 5123 0
5288 5126 0
5289 5129 0
5290 5132 0
5291 5135 0
5291 5138 0
5291 5141 0
5290 5146 0
5288 5150 0
5286 5153 0
5285 5156 0
5283 5159 0
5280 5158 0
5276 5156 0
5270 5154 0
.PEN_UP
.PEN_DOWN
5274 5014 0
5271 5014 0
5277 5012 0
5286 5010 0
5297 5008 0
5313 5008 0
5335 5007 0
5359 5007 0
5383 5007 0
5411 5008 0
5433 5009 0
5450 5011 0
5462 5013 0
5472 5016 0
5481 5017 0
5486 5018 0
5490 5019 0
5493 5018 0
5487 5014 0
.PEN_UP
