335.0,212.0
333.0,210.0
329.0,208.0
325.0,207.0
322.0,206.0
318.0,204.0
316.0,204.0
312.0,204.0
310.0,204.0
308.0,204.0
305.0,205.0
303.0,205.0
301.0,205.0
298.0,206.0
296.0,207.0
293.0,208.0
291.0,209.0
288.0,211.0
286.0,212.0
282.0,216.0
279.0,217.0
278.0,220.0
275.0,221.0
274.0,223.0
272.0,227.0
272.0,230.0
270.0,234.0
271.0,238.0
271.0,241.0
273.0,244.0
274.0,247.0
277.0,251.0
281.0,253.0
283.0,254.0
286.0,254.0
288.0,254.0
290.0,254.0
294.0,255.0
298.0,253.0
301.0,253.0
305.0,251.0
309.0,250.0
311.0,249.0
313.0,247.0
316.0,246.0
318.0,245.0
321.0,244.0
322.0,241.0
325.0,240.0
329.0,236.0
333.0,232.0
334.0,229.0
336.0,228.0
338.0,226.0
339.0,223.0
340.0,219.0
342.0,217.0
342.0,214.0
343.0,212.0
343.0,210.0
343.0,206.0
343.0,203.0
343.0,201.0
343.0,197.0
344.0,195.0
344.0,193.0
344.0,190.0
344.0,192.0
342.0,194.0
342.0,197.0
342.0,199.0
342.0,201.0
342.0,203.0
342.0,206.0
343.0,210.0
343.0,212.0
343.0,214.0
343.0,217.0
343.0,219.0
343.0,221.0
343.0,224.0
343.0,226.0
343.0,228.0
343.0,230.0
343.0,233.0
343.0,235.0
344.0,238.0
344.0,241.0
344.0,244.0
344.0,246.0
344.0,248.0
344.0,251.0
344.0,253.0
344.0,258.0
344.0,261.0
344.0,263.0
344.0,265.0
345.0,262.0
-1.0,-1.0
278.0,181.0
282.0,181.0
284.0,182.0
288.0,182.0
292.0,183.0
297.0,183.0
300.0,184.0
307.0,184.0
312.0,184.0
316.0,184.0
324.0,185.0
329.0,185.0
336.0,185.0
340.0,185.0
344.0,186.0
346.0,186.0
349.0,186.0
352.0,186.0
355.0,186.0
357.0,186.0
361.0,186.0
366.0,187.0
369.0,185.0
373.0,185.0
375.0,185.0
379.0,185.0
383.0,185.0
387.0,185.0
390.0,185.0
394.0,183.0
398.0,183.0
400.0,183.0
398.0,181.0
-1.0,-1.0
 
