323.0,259.0
317.0,258.0
313.0,257.0
308.0,255.0
301.0,255.0
295.0,255.0
290.0,255.0
284.0,255.0
281.0,255.0
278.0,257.0
275.0,260.0
271.0,262.0
267.0,265.0
265.0,266.0
262.0,269.0
261.0,273.0
258.0,275.0
258.0,279.0
256.0,282.0
256.0,285.0
257.0,289.0
259.0,292.0
262.0,296.0
265.0,299.0
270.0,301.0
274.0,303.0
282.0,304.0
287.0,304.0
293.0,304.0
302.0,304.0
307.0,302.0
315.0,299.0
323.0,297.0
327.0,295.0
333.0,292.0
335.0,289.0
338.0,287.0
342.0,284.0
343.0,278.0
346.0,274.0
347.0,270.0
349.0,263.0
352.0,253.0
354.0,249.0
355.0,243.0
356.0,239.0
356.0,237.0
357.0,234.0
357.0,236.0
357.0,238.0
357.0,243.0
357.0,247.0
358.0,251.0
358.0,257.0
358.0,261.0
358.0,263.0
358.0,267.0
358.0,274.0
358.0,278.0
358.0,283.0
358.0,287.0
358.0,289.0
359.0,295.0
359.0,297.0
359.0,299.0
359.0,303.0
359.0,307.0
359.0,309.0
360.0,307.0
-1.0,-1.0
260.0,233.0
264.0,233.0
266.0,233.0
268.0,233.0
272.0,233.0
275.0,234.0
279.0,232.0
283.0,232.0
286.0,232.0
294.0,232.0
296.0,232.0
301.0,232.0
307.0,232.0
312.0,232.0
351.0,234.0
355.0,234.0
359.0,234.0
365.0,234.0
370.0,234.0
374.0,234.0
378.0,234.0
380.0,234.0
382.0,234.0
386.0,234.0
388.0,234.0
391.0,234.0
395.0,232.0
397.0,232.0
-1.0,-1.0
 
