339.0,124.0
338.0,125.0
334.0,125.0
332.0,127.0
328.0,127.0
325.0,128.0
324.0,128.0
322.0,128.0
320.0,129.0
315.0,130.0
314.0,130.0
310.0,131.0
308.0,132.0
304.0,134.0
303.0,135.0
300.0,136.0
298.0,137.0
296.0,138.0
294.0,139.0
293.0,141.0
291.0,142.0
290.0,143.0
290.0,144.0
289.0,145.0
287.0,148.0
286.0,149.0
284.0,151.0
284.0,154.0
283.0,155.0
282.0,157.0
282.0,159.0
282.0,161.0
280.0,162.0
280.0,164.0
280.0,165.0
280.0,166.0
280.0,168.0
280.0,169.0
280.0,171.0
280.0,174.0
280.0,177.0
280.0,179.0
280.0,183.0
280.0,185.0
280.0,188.0
280.0,189.0
280.0,191.0
282.0,192.0
282.0,195.0
283.0,195.0
283.0,197.0
284.0,198.0
286.0,199.0
286.0,201.0
287.0,202.0
289.0,203.0
290.0,204.0
291.0,205.0
293.0,206.0
294.0,206.0
296.0,208.0
297.0,208.0
298.0,208.0
301.0,208.0
304.0,208.0
307.0,208.0
310.0,208.0
314.0,208.0
318.0,208.0
322.0,206.0
327.0,204.0
329.0,203.0
334.0,199.0
336.0,198.0
338.0,197.0
339.0,195.0
341.0,193.0
343.0,190.0
346.0,188.0
348.0,184.0
349.0,183.0
351.0,179.0
352.0,178.0
353.0,175.0
353.0,174.0
355.0,170.0
356.0,169.0
356.0,166.0
356.0,165.0
358.0,162.0
359.0,158.0
360.0,155.0
362.0,150.0
363.0,147.0
365.0,142.0
366.0,139.0
367.0,135.0
369.0,132.0
370.0,129.0
370.0,128.0
372.0,125.0
372.0,124.0
372.0,123.0
372.0,122.0
372.0,121.0
372.0,120.0
372.0,118.0
372.0,117.0
372.0,116.0
372.0,115.0
372.0,114.0
372.0,113.0
372.0,110.0
372.0,109.0
372.0,108.0
372.0,107.0
372.0,108.0
372.0,109.0
372.0,110.0
372.0,111.0
372.0,114.0
372.0,115.0
370.0,117.0
370.0,121.0
370.0,125.0
370.0,129.0
369.0,136.0
369.0,139.0
369.0,147.0
367.0,151.0
367.0,154.0
367.0,156.0
367.0,159.0
367.0,164.0
367.0,166.0
367.0,169.0
367.0,170.0
367.0,172.0
367.0,175.0
367.0,177.0
367.0,179.0
367.0,181.0
367.0,184.0
367.0,185.0
367.0,189.0
367.0,190.0
367.0,193.0
367.0,195.0
367.0,198.0
367.0,199.0
367.0,203.0
367.0,204.0
369.0,206.0
369.0,208.0
369.0,210.0
369.0,212.0
369.0,215.0
369.0,216.0
370.0,218.0
370.0,219.0
370.0,222.0
370.0,223.0
370.0,224.0
370.0,225.0
370.0,226.0
370.0,228.0
370.0,229.0
370.0,230.0
370.0,232.0
370.0,233.0
370.0,235.0
370.0,236.0
-1.0,-1.0
300.0,99.0
307.0,101.0
313.0,101.0
324.0,102.0
330.0,102.0
351.0,103.0
364.0,103.0
381.0,103.0
386.0,103.0
392.0,103.0
396.0,103.0
400.0,103.0
403.0,103.0
406.0,103.0
407.0,103.0
410.0,103.0
411.0,103.0
416.0,103.0
417.0,103.0
421.0,103.0
423.0,103.0
425.0,105.0
427.0,105.0
430.0,105.0
431.0,105.0
434.0,105.0
435.0,105.0
438.0,105.0
441.0,105.0
442.0,105.0
444.0,105.0
445.0,105.0
447.0,105.0
448.0,105.0
449.0,105.0
451.0,105.0
452.0,105.0
-1.0,-1.0
 
