317.0,188.0
311.0,191.0
305.0,194.0
302.0,198.0
298.0,202.0
294.0,208.0
289.0,212.0
286.0,218.0
285.0,226.0
283.0,234.0
283.0,241.0
283.0,245.0
284.0,251.0
285.0,253.0
286.0,257.0
288.0,261.0
290.0,262.0
293.0,264.0
295.0,265.0
299.0,265.0
301.0,265.0
305.0,263.0
309.0,260.0
312.0,258.0
316.0,254.0
319.0,251.0
321.0,247.0
325.0,243.0
327.0,237.0
331.0,233.0
334.0,223.0
338.0,215.0
339.0,207.0
342.0,199.0
344.0,189.0
344.0,181.0
344.0,174.0
344.0,170.0
344.0,168.0
344.0,165.0
344.0,163.0
345.0,161.0
343.0,163.0
343.0,165.0
343.0,169.0
343.0,173.0
343.0,177.0
343.0,182.0
341.0,190.0
341.0,195.0
341.0,200.0
341.0,204.0
341.0,210.0
341.0,217.0
341.0,227.0
341.0,230.0
341.0,236.0
341.0,241.0
341.0,247.0
341.0,252.0
341.0,256.0
341.0,261.0
341.0,265.0
342.0,269.0
342.0,273.0
342.0,275.0
342.0,277.0
342.0,280.0
343.0,282.0
343.0,284.0
340.0,282.0
-1.0,-1.0
255.0,170.0
257.0,170.0
260.0,170.0
265.0,168.0
268.0,168.0
271.0,168.0
275.0,168.0
279.0,168.0
286.0,168.0
290.0,166.0
297.0,166.0
303.0,166.0
308.0,166.0
315.0,166.0
323.0,166.0
330.0,166.0
336.0,164.0
341.0,164.0
346.0,164.0
350.0,164.0
354.0,164.0
358.0,164.0
362.0,164.0
367.0,165.0
370.0,165.0
372.0,165.0
377.0,165.0
381.0,165.0
384.0,165.0
386.0,163.0
388.0,163.0
391.0,158.0
391.0,156.0
-1.0,-1.0
 
