.VERSION 1.0 
.HIERARCHY CHARACTER
.COORD X Y T
.SEGMENT CHARACTER 0-1 OK "28"
.H_LINE 9500 10374
.V_LINE 5000 5750
.X_DIM 750
.Y_DIM 874
.X_POINTS_PER_INCH 1000
.Y_POINTS_PER_INCH 1000
.POINTS_PER_SECOND 125
.COMMENT CALIB X: 60 Y: -95

.WRITER_INFO
 Name: GUNA SEKHAR
 WriterId: 83
 Hand: right
 EducationLevel: college graduate
 Gender: male
 Profession: student
 Region: coimbatore
 Age: 21
 DeviceType: digimemo a402
 SkillDevice: average
 Language: hindi
 Script: indic
 Native: false
 Style: discrete
 UsageFreq: once a month
 Proficiency: average
 Date: 2007-6-30
 WritingInProfession: no

.PEN_DOWN
5375 9797 0
5378 9795 0
5381 9795 0
5384 9800 0
5387 9807 0
5389 9815 0
5390 9822 0
5390 9829 0
5388 9836 0
5385 9843 0
5380 9849 0
5373 9854 0
5364 9858 0
5355 9860 0
5348 9860 0
5343 9859 0
5339 9856 0
5335 9851 0
5333 9844 0
5331 9836 0
5331 9828 0
5333 9819 0
5336 9811 0
5341 9804 0
5347 9798 0
5354 9793 0
5365 9789 0
5377 9786 0
5390 9784 0
5404 9783 0
5419 9783 0
5432 9784 0
5444 9786 0
5455 9789 0
5465 9793 0
5472 9798 0
5476 9804 0
5479 9812 0
5480 9823 0
5479 9835 0
5476 9849 0
5472 9863 0
5466 9876 0
5459 9887 0
5451 9896 0
5441 9904 0
5430 9909 0
5420 9912 0
5411 9913 0
5401 9913 0
5392 9912 0
5385 9911 0
5379 9909 0
5375 9908 0
5371 9906 0
5371 9910 0
5373 9915 0
5375 9921 0
5378 9927 0
5381 9934 0
5386 9941 0
5392 9947 0
5398 9953 0
5406 9959 0
5415 9964 0
5427 9967 0
5439 9969 0
5454 9970 0
5469 9970 0
5484 9968 0
5496 9964 0
5508 9958 0
5518 9950 0
5527 9939 0
5535 9924 0
5543 9907 0
5551 9885 0
5559 9863 0
5567 9844 0
5574 9827 0
5579 9812 0
5583 9800 0
5585 9791 0
5586 9784 0
5586 9780 0
5583 9786 0
5581 9795 0
5579 9807 0
5577 9821 0
5575 9838 0
5573 9856 0
5571 9874 0
5570 9892 0
5569 9910 0
5568 9926 0
5568 9940 0
5568 9952 0
5567 9961 0
5566 9967 0
5566 9970 0
5566 9970 0
.PEN_UP
.PEN_DOWN
5488 9774 0
5490 9778 0
5494 9781 0
5502 9783 0
5514 9786 0
5531 9788 0
5549 9788 0
5569 9788 0
5589 9787 0
5608 9785 0
5626 9782 0
5644 9777 0
.PEN_UP
