.VERSION 1.0 
.HIERARCHY CHARACTER
.COORD X Y T
.SEGMENT CHARACTER 0-1 OK "35"
.H_LINE 2999 3874
.V_LINE 499 1250
.X_DIM 750
.Y_DIM 874
.X_POINTS_PER_INCH 1000
.Y_POINTS_PER_INCH 1000
.POINTS_PER_SECOND 125
.COMMENT CALIB X: 1 Y: -42

.WRITER_INFO
 Name: GUNA SEKHAR
 WriterId: 83
 Hand: right
 EducationLevel: college graduate
 Gender: male
 Profession: student
 Region: coimbatore
 Age: 21
 DeviceType: digimemo a402
 SkillDevice: average
 Language: hindi
 Script: indic
 Native: false
 Style: discrete
 UsageFreq: once a month
 Proficiency: average
 Date: 2007-6-30
 WritingInProfession: no

.PEN_DOWN
831 3398 0
828 3397 0
825 3396 0
821 3398 0
817 3400 0
813 3403 0
810 3407 0
807 3411 0
804 3414 0
802 3417 0
799 3421 0
794 3424 0
788 3426 0
783 3427 0
780 3425 0
779 3422 0
779 3417 0
780 3410 0
782 3402 0
786 3394 0
792 3385 0
799 3379 0
805 3374 0
812 3369 0
819 3366 0
824 3365 0
828 3364 0
831 3365 0
834 3367 0
838 3371 0
842 3376 0
846 3386 0
850 3398 0
854 3413 0
857 3430 0
861 3450 0
864 3469 0
867 3487 0
869 3504 0
870 3519 0
869 3531 0
866 3541 0
862 3547 0
859 3550 0
855 3552 0
851 3552 0
846 3551 0
841 3548 0
836 3544 0
831 3539 0
827 3532 0
825 3525 0
824 3519 0
824 3513 0
826 3508 0
831 3503 0
839 3499 0
850 3495 0
866 3492 0
883 3489 0
902 3487 0
921 3485 0
939 3482 0
955 3479 0
967 3476 0
976 3471 0
982 3465 0
986 3457 0
989 3447 0
990 3434 0
990 3422 0
989 3408 0
988 3397 0
987 3388 0
986 3380 0
985 3374 0
984 3371 0
984 3377 0
984 3387 0
984 3401 0
985 3420 0
986 3440 0
987 3458 0
988 3476 0
989 3492 0
990 3505 0
992 3515 0
993 3523 0
993 3527 0
995 3520 0
.PEN_UP
.PEN_DOWN
959 3380 0
955 3377 0
949 3373 0
945 3369 0
951 3367 0
961 3367 0
975 3366 0
989 3365 0
1004 3362 0
1021 3358 0
.PEN_UP
