.VERSION 1.0 
.HIERARCHY CHARACTER
.COORD X Y T
.SEGMENT CHARACTER 0-2 OK "43"
.H_LINE 4624 5499
.V_LINE 5000 5750
.X_DIM 750
.Y_DIM 874
.X_POINTS_PER_INCH 1000
.Y_POINTS_PER_INCH 1000
.POINTS_PER_SECOND 125
.COMMENT CALIB X: 17 Y: -104

.WRITER_INFO
 Name: GUNA SEKHAR
 WriterId: 83
 Hand: right
 EducationLevel: college graduate
 Gender: male
 Profession: student
 Region: coimbatore
 Age: 21
 DeviceType: digimemo a402
 SkillDevice: average
 Language: hindi
 Script: indic
 Native: false
 Style: discrete
 UsageFreq: once a month
 Proficiency: average
 Date: 2007-6-30
 WritingInProfession: no

.PEN_DOWN
5312 4930 0
5312 4927 0
5314 4924 0
5316 4921 0
5319 4918 0
5323 4917 0
5329 4918 0
5335 4920 0
5343 4926 0
5351 4934 0
5357 4944 0
5361 4954 0
5362 4965 0
5359 4976 0
5353 4985 0
5342 4994 0
5328 5000 0
5315 5005 0
5303 5008 0
5293 5011 0
5284 5013 0
5278 5014 0
5275 5014 0
5272 5014 0
5275 5014 0
5279 5014 0
5283 5016 0
5289 5020 0
5296 5026 0
5303 5034 0
5309 5042 0
5315 5052 0
5321 5061 0
5326 5069 0
5330 5075 0
5333 5080 0
5335 5084 0
5335 5084 0
.PEN_UP
.PEN_DOWN
5292 5012 0
5297 5010 0
5305 5009 0
5316 5009 0
5329 5010 0
5345 5011 0
5364 5013 0
5384 5014 0
5402 5015 0
5417 5015 0
5429 5014 0
5438 5011 0
5445 5007 0
5450 5002 0
5452 4994 0
5453 4986 0
5453 4978 0
5452 4970 0
5449 4964 0
5447 4959 0
5445 4955 0
5443 4952 0
5443 4955 0
5443 4962 0
5443 4972 0
5442 4984 0
5442 4998 0
5440 5014 0
5439 5031 0
5438 5048 0
5437 5063 0
5437 5077 0
5437 5087 0
5440 5090 0
.PEN_UP
.PEN_DOWN
5272 4923 0
5274 4927 0
5278 4931 0
5285 4934 0
5298 4936 0
5318 4937 0
5347 4937 0
5382 4937 0
5419 4937 0
5452 4936 0
5477 4935 0
5495 4935 0
5507 4935 0
.PEN_UP
