.VERSION 1.0 
.HIERARCHY CHARACTER
.COORD X Y T
.SEGMENT CHARACTER 0-2 OK "45"
.H_LINE 6249 7124
.V_LINE 499 1250
.X_DIM 750
.Y_DIM 875
.X_POINTS_PER_INCH 1000
.Y_POINTS_PER_INCH 1000
.POINTS_PER_SECOND 125
.COMMENT CALIB X: 14 Y: -65

.WRITER_INFO
 Name: GUNA SEKHAR
 WriterId: 83
 Hand: right
 EducationLevel: college graduate
 Gender: male
 Profession: student
 Region: coimbatore
 Age: 21
 DeviceType: digimemo a402
 SkillDevice: average
 Language: hindi
 Script: indic
 Native: false
 Style: discrete
 UsageFreq: once a month
 Proficiency: average
 Date: 2007-6-30
 WritingInProfession: no

.PEN_DOWN
931 6600 0
929 6597 0
928 6600 0
928 6606 0
929 6616 0
930 6632 0
932 6651 0
934 6673 0
936 6697 0
937 6719 0
938 6739 0
938 6756 0
937 6770 0
937 6779 0
937 6785 0
.PEN_UP
.PEN_DOWN
933 6676 0
925 6676 0
919 6676 0
913 6677 0
907 6678 0
901 6680 0
893 6681 0
884 6682 0
875 6681 0
864 6679 0
851 6677 0
838 6674 0
824 6671 0
810 6666 0
798 6659 0
788 6651 0
780 6644 0
774 6636 0
770 6629 0
768 6623 0
767 6619 0
768 6615 0
770 6610 0
774 6606 0
780 6602 0
787 6600 0
794 6599 0
802 6600 0
810 6602 0
816 6605 0
822 6610 0
827 6616 0
830 6624 0
831 6632 0
831 6642 0
829 6656 0
825 6669 0
818 6681 0
811 6693 0
803 6703 0
796 6713 0
789 6721 0
783 6729 0
777 6737 0
773 6743 0
768 6750 0
764 6756 0
760 6762 0
757 6767 0
756 6771 0
757 6774 0
763 6777 0
770 6779 0
780 6780 0
793 6779 0
809 6777 0
825 6775 0
841 6772 0
855 6769 0
866 6765 0
872 6761 0
875 6758 0
874 6754 0
871 6751 0
867 6748 0
861 6746 0
856 6745 0
852 6745 0
850 6748 0
849 6753 0
849 6759 0
849 6765 0
850 6772 0
851 6779 0
853 6787 0
856 6794 0
858 6801 0
861 6805 0
863 6808 0
863 6800 0
.PEN_UP
.PEN_DOWN
922 6573 0
919 6574 0
916 6575 0
913 6577 0
906 6580 0
899 6582 0
892 6584 0
887 6585 0
893 6584 0
901 6583 0
912 6582 0
924 6582 0
939 6582 0
956 6582 0
973 6581 0
990 6580 0
1004 6577 0
.PEN_UP
