.VERSION 1.0 
.HIERARCHY CHARACTER
.COORD X Y T
.SEGMENT CHARACTER 0-2 OK "47"
.H_LINE 6249 7124
.V_LINE 3500 4250
.X_DIM 750
.Y_DIM 875
.X_POINTS_PER_INCH 1000
.Y_POINTS_PER_INCH 1000
.POINTS_PER_SECOND 125
.COMMENT CALIB X: 26 Y: -80

.WRITER_INFO
 Name: GUNA SEKHAR
 WriterId: 83
 Hand: right
 EducationLevel: college graduate
 Gender: male
 Profession: student
 Region: coimbatore
 Age: 21
 DeviceType: digimemo a402
 SkillDevice: average
 Language: hindi
 Script: indic
 Native: false
 Style: discrete
 UsageFreq: once a month
 Proficiency: average
 Date: 2007-6-30
 WritingInProfession: no

.PEN_DOWN
3945 6545 0
3946 6551 0
3948 6559 0
3949 6570 0
3950 6585 0
3951 6602 0
3951 6621 0
3951 6640 0
3951 6659 0
3951 6673 0
3951 6683 0
3951 6690 0
3951 6695 0
3951 6692 0
3951 6688 0
3950 6684 0
3949 6681 0
3949 6678 0
3950 6675 0
3951 6678 0
3952 6681 0
3952 6684 0
3952 6690 0
3952 6696 0
3952 6704 0
3952 6714 0
3952 6724 0
3952 6735 0
3953 6746 0
3954 6754 0
3955 6761 0
3955 6767 0
3955 6771 0
3955 6774 0
3957 6766 0
.PEN_UP
.PEN_DOWN
3948 6665 0
3940 6665 0
3925 6666 0
3903 6666 0
3879 6666 0
3855 6666 0
3833 6665 0
3814 6664 0
3798 6664 0
3786 6663 0
3778 6663 0
3773 6663 0
3776 6662 0
3779 6663 0
3784 6665 0
3791 6668 0
3798 6672 0
3805 6677 0
3813 6683 0
3822 6690 0
3831 6698 0
3837 6706 0
3840 6714 0
3842 6722 0
3841 6730 0
3838 6737 0
3833 6744 0
3827 6750 0
3819 6754 0
3810 6758 0
3799 6760 0
3789 6761 0
3781 6760 0
3771 6757 0
3765 6753 0
3761 6750 0
3759 6747 0
3758 6744 0
3759 6741 0
3762 6739 0
3767 6737 0
3774 6737 0
3781 6740 0
3788 6745 0
3797 6752 0
3808 6759 0
3820 6766 0
3831 6772 0
3841 6778 0
3852 6783 0
3852 6788 0
.PEN_UP
.PEN_DOWN
3806 6561 0
3812 6560 0
3824 6557 0
3845 6555 0
3878 6553 0
3919 6550 0
3958 6548 0
3990 6545 0
4018 6536 0
.PEN_UP
