.VERSION 1.0 
.HIERARCHY CHARACTER
.COORD X Y T
.SEGMENT CHARACTER 0-3 OK "106"
.H_LINE 6249 7124
.V_LINE 1999 2749
.X_DIM 749
.Y_DIM 875
.X_POINTS_PER_INCH 1000
.Y_POINTS_PER_INCH 1000
.POINTS_PER_SECOND 125
.COMMENT CALIB X: 50 Y: -103

.WRITER_INFO
 Name: GUNA SEKHAR
 WriterId: 83
 Hand: right
 EducationLevel: college graduate
 Gender: male
 Profession: student
 Region: coimbatore
 Age: 21
 DeviceType: digimemo a402
 SkillDevice: average
 Language: hindi
 Script: indic
 Native: false
 Style: discrete
 UsageFreq: once a month
 Proficiency: average
 Date: 2007-6-30
 WritingInProfession: no

.PEN_DOWN
2378 6497 0
2378 6500 0
2378 6505 0
2378 6510 0
2379 6516 0
2380 6523 0
2381 6530 0
2382 6537 0
2382 6545 0
2383 6552 0
2384 6559 0
2385 6565 0
2386 6570 0
2387 6574 0
2388 6577 0
2388 6580 0
2388 6583 0
2389 6580 0
2389 6576 0
2389 6573 0
2387 6569 0
2385 6566 0
2383 6562 0
2381 6559 0
2378 6556 0
2374 6553 0
2370 6551 0
2364 6550 0
2356 6550 0
2348 6551 0
2340 6551 0
2332 6552 0
2324 6553 0
2318 6555 0
2313 6557 0
2310 6559 0
2308 6562 0
2307 6565 0
2306 6569 0
2306 6572 0
2306 6576 0
2306 6582 0
2306 6588 0
2307 6595 0
2308 6603 0
2310 6610 0
2313 6617 0
2317 6624 0
2321 6629 0
2324 6633 0
2327 6637 0
2332 6641 0
2338 6644 0
2345 6647 0
2352 6649 0
2358 6650 0
2363 6651 0
2366 6651 0
2371 6651 0
.PEN_UP
.PEN_DOWN
2470 6692 0
2473 6691 0
2477 6690 0
2481 6688 0
2484 6687 0
2487 6685 0
2490 6681 0
2491 6678 0
2492 6675 0
2492 6671 0
2491 6667 0
2490 6663 0
2488 6660 0
2487 6657 0
2486 6654 0
2484 6651 0
2481 6648 0
2478 6646 0
2475 6645 0
2471 6643 0
2466 6642 0
2461 6641 0
2455 6640 0
2449 6640 0
2443 6640 0
2436 6640 0
2427 6641 0
2420 6642 0
2416 6642 0
2413 6642 0
2410 6642 0
2406 6643 0
2402 6644 0
2396 6645 0
2389 6646 0
2383 6647 0
2379 6648 0
2375 6649 0
2372 6651 0
2369 6652 0
2366 6654 0
2363 6656 0
2360 6658 0
2357 6660 0
2354 6663 0
2351 6666 0
2349 6669 0
2346 6673 0
2344 6676 0
2342 6679 0
2340 6682 0
2339 6685 0
2339 6688 0
2338 6691 0
2338 6694 0
2337 6698 0
2337 6701 0
2337 6705 0
2337 6708 0
2337 6712 0
2337 6716 0
2337 6719 0
2338 6722 0
2339 6725 0
2340 6728 0
2343 6731 0
2345 6734 0
2347 6737 0
2350 6739 0
2353 6742 0
2356 6744 0
2359 6745 0
2363 6748 0
2366 6750 0
2369 6752 0
2373 6754 0
2378 6756 0
2383 6759 0
2388 6762 0
2394 6765 0
2400 6767 0
2404 6770 0
2407 6772 0
2411 6774 0
2415 6775 0
2418 6776 0
2421 6777 0
2425 6778 0
2428 6779 0
2431 6781 0
2434 6782 0
2437 6783 0
2440 6783 0
2442 6779 0
.PEN_UP
.PEN_DOWN
2493 6659 0
2493 6656 0
2493 6659 0
2493 6662 0
2493 6666 0
2493 6671 0
2493 6677 0
2493 6684 0
2493 6690 0
2493 6696 0
2493 6702 0
2493 6707 0
2483 6711 0
2475 6715 0
2468 6719 0
2462 6721 0
2457 6722 0
2451 6724 0
2445 6724 0
2440 6723 0
2435 6722 0
2431 6721 0
2428 6719 0
2425 6717 0
2429 6715 0
2432 6716 0
2435 6718 0
2438 6721 0
2442 6723 0
2446 6725 0
2450 6727 0
2454 6728 0
2458 6729 0
2461 6730 0
2465 6731 0
2470 6732 0
2476 6732 0
2481 6732 0
2486 6732 0
2491 6732 0
2497 6732 0
2502 6732 0
2507 6731 0
2512 6730 0
2516 6728 0
2521 6726 0
2526 6723 0
2530 6719 0
2534 6714 0
2537 6708 0
2539 6699 0
2542 6685 0
2544 6671 0
2546 6656 0
2547 6641 0
2548 6625 0
2548 6611 0
2548 6596 0
2548 6582 0
2547 6569 0
2547 6557 0
2547 6547 0
2547 6538 0
2547 6529 0
2548 6522 0
2549 6517 0
2549 6513 0
2550 6510 0
2550 6507 0
2550 6504 0
2549 6512 0
2549 6524 0
2548 6542 0
2547 6566 0
2546 6596 0
2544 6631 0
2543 6661 0
2542 6688 0
2541 6709 0
2541 6725 0
2541 6737 0
2541 6746 0
2541 6753 0
.PEN_UP
.PEN_DOWN
2311 6496 0
2316 6496 0
2326 6497 0
2345 6498 0
2373 6499 0
2411 6500 0
2453 6501 0
2492 6501 0
2524 6501 0
2552 6501 0
2576 6501 0
.PEN_UP
