.VERSION 1.0 
.HIERARCHY CHARACTER
.COORD X Y T
.SEGMENT CHARACTER 0-1 OK "24"
.H_LINE 7874 8750
.V_LINE 6500 7250
.X_DIM 750
.Y_DIM 875
.X_POINTS_PER_INCH 1000
.Y_POINTS_PER_INCH 1000
.POINTS_PER_SECOND 125
.COMMENT CALIB X: 36 Y: -156

.WRITER_INFO
 Name: SAI HARISH
 WriterId: 29
 Hand: right
 EducationLevel: college graduate
 Gender: male
 Profession: student
 Region: hyderabad
 Age: 22
 DeviceType: digimemo a402
 SkillDevice: average
 Language: hindi
 Script: indic
 Native: false
 Style: discrete
 UsageFreq: rarely
 Proficiency: average
 Date: 2007-6-15
 WritingInProfession: no

.PEN_DOWN
6797 8196 0
6796 8199 0
6795 8206 0
6794 8216 0
6794 8226 0
6794 8236 0
6795 8244 0
6796 8250 0
6796 8254 0
6797 8257 0
6796 8254 0
6792 8251 0
6783 8250 0
6769 8250 0
6751 8251 0
6734 8254 0
6715 8258 0
6702 8262 0
6693 8267 0
6686 8273 0
6683 8280 0
6684 8287 0
6688 8293 0
6695 8299 0
6708 8306 0
6726 8312 0
6744 8318 0
6759 8323 0
6773 8328 0
6785 8332 0
6792 8336 0
6796 8338 0
6798 8341 0
6799 8346 0
6799 8352 0
6798 8359 0
6796 8366 0
6793 8372 0
6789 8379 0
6782 8386 0
6774 8391 0
6765 8395 0
6752 8398 0
6739 8400 0
6723 8401 0
6705 8399 0
6687 8396 0
6672 8393 0
6659 8389 0
6648 8385 0
6641 8382 0
6638 8381 0
6641 8380 0
6644 8377 0
6648 8373 0
6653 8370 0
6659 8365 0
6666 8361 0
.PEN_UP
.PEN_DOWN
6713 8170 0
6712 8167 0
6715 8165 0
6723 8165 0
6739 8166 0
6759 8168 0
6780 8171 0
6802 8172 0
6825 8171 0
6849 8169 0
6870 8166 0
6888 8163 0
6901 8161 0
6908 8160 0
6911 8159 0
6910 8162 0
6905 8167 0
6896 8175 0
6891 8179 0
.PEN_UP
