.VERSION 1.0 
.HIERARCHY CHARACTER
.COORD X Y T
.SEGMENT CHARACTER 0-2 OK "41"
.H_LINE 4624 5499
.V_LINE 1999 2749
.X_DIM 749
.Y_DIM 874
.X_POINTS_PER_INCH 1000
.Y_POINTS_PER_INCH 1000
.POINTS_PER_SECOND 125
.COMMENT CALIB X: -37 Y: -139

.WRITER_INFO
 Name: SAI HARISH
 WriterId: 29
 Hand: right
 EducationLevel: college graduate
 Gender: male
 Profession: student
 Region: hyderabad
 Age: 22
 DeviceType: digimemo a402
 SkillDevice: average
 Language: hindi
 Script: indic
 Native: false
 Style: discrete
 UsageFreq: rarely
 Proficiency: average
 Date: 2007-6-15
 WritingInProfession: no

.PEN_DOWN
2205 5003 0
2204 5007 0
2202 5010 0
2199 5012 0
2194 5012 0
2188 5012 0
2180 5010 0
2172 5008 0
2164 5006 0
2158 5003 0
2154 5000 0
2152 4997 0
2151 4993 0
2152 4988 0
2153 4985 0
2155 4981 0
2159 4975 0
2166 4970 0
2171 4967 0
2176 4966 0
2181 4967 0
2188 4971 0
2195 4976 0
2202 4983 0
2209 4989 0
2215 4995 0
2220 5000 0
2223 5006 0
2226 5013 0
2227 5020 0
2225 5029 0
2221 5038 0
2214 5050 0
2206 5062 0
2197 5073 0
2189 5083 0
2180 5093 0
2171 5101 0
2163 5107 0
2155 5111 0
2149 5113 0
2146 5114 0
2143 5114 0
2140 5112 0
2137 5110 0
2134 5106 0
2130 5101 0
2126 5096 0
2124 5092 0
2123 5089 0
2124 5086 0
2127 5083 0
2132 5079 0
2139 5076 0
2148 5074 0
2156 5073 0
2163 5074 0
2173 5078 0
2182 5083 0
2189 5089 0
2195 5096 0
2201 5104 0
2206 5114 0
2211 5125 0
2216 5134 0
2220 5142 0
2225 5150 0
2229 5156 0
2233 5161 0
2236 5163 0
2237 5154 0
.PEN_UP
.PEN_DOWN
2287 4941 0
2286 4937 0
2286 4933 0
2288 4940 0
2290 4952 0
2293 4967 0
2296 4984 0
2298 5001 0
2298 5016 0
2298 5031 0
2297 5046 0
2295 5061 0
2292 5078 0
2290 5093 0
2289 5108 0
2288 5121 0
2288 5130 0
2288 5136 0
2289 5140 0
2289 5136 0
2288 5133 0
.PEN_UP
.PEN_DOWN
2257 4927 0
2258 4924 0
2254 4925 0
2249 4926 0
2244 4926 0
2240 4926 0
2243 4925 0
2253 4923 0
2268 4922 0
2287 4919 0
2313 4915 0
2343 4912 0
2370 4910 0
2395 4906 0
2415 4904 0
2429 4902 0
2438 4900 0
2443 4899 0
2441 4903 0
2439 4909 0
2441 4916 0
.PEN_UP
