.VERSION 1.0 
.HIERARCHY CHARACTER
.COORD X Y T
.SEGMENT CHARACTER 0-1 OK "76"
.H_LINE 6249 7124
.V_LINE 1999 2749
.X_DIM 749
.Y_DIM 875
.X_POINTS_PER_INCH 1000
.Y_POINTS_PER_INCH 1000
.POINTS_PER_SECOND 125
.COMMENT CALIB X: 8 Y: -138

.WRITER_INFO
 Name: SAI HARISH
 WriterId: 29
 Hand: right
 EducationLevel: college graduate
 Gender: male
 Profession: student
 Region: hyderabad
 Age: 22
 DeviceType: digimemo a402
 SkillDevice: average
 Language: hindi
 Script: indic
 Native: false
 Style: discrete
 UsageFreq: rarely
 Proficiency: average
 Date: 2007-6-15
 WritingInProfession: no

.PEN_DOWN
2258 6590 0
2254 6592 0
2250 6594 0
2244 6597 0
2236 6600 0
2226 6603 0
2214 6605 0
2202 6606 0
2190 6606 0
2179 6605 0
2171 6603 0
2167 6600 0
2166 6596 0
2167 6590 0
2170 6583 0
2174 6577 0
2180 6573 0
2189 6570 0
2199 6568 0
2210 6567 0
2222 6567 0
2232 6569 0
2240 6572 0
2247 6576 0
2252 6582 0
2255 6590 0
2256 6599 0
2255 6610 0
2253 6624 0
2249 6639 0
2244 6656 0
2237 6672 0
2229 6686 0
2223 6697 0
2217 6707 0
2210 6716 0
2203 6724 0
2196 6730 0
2190 6734 0
2184 6737 0
2181 6739 0
2185 6742 0
2190 6744 0
2198 6746 0
2207 6746 0
2219 6746 0
2232 6745 0
2244 6744 0
2253 6741 0
2260 6738 0
2265 6734 0
2270 6728 0
2275 6721 0
2279 6715 0
2282 6711 0
2283 6708 0
2284 6705 0
2285 6702 0
2286 6697 0
2287 6692 0
2288 6688 0
2289 6685 0
2289 6685 0
.PEN_UP
.PEN_DOWN
2216 6509 0
2216 6506 0
2222 6505 0
2232 6505 0
2244 6504 0
2260 6504 0
2277 6504 0
2295 6503 0
2314 6501 0
2331 6500 0
2344 6498 0
2352 6497 0
2356 6496 0
2359 6495 0
2361 6499 0
.PEN_UP
