.VERSION 1.0 
.HIERARCHY CHARACTER
.COORD X Y T
.SEGMENT CHARACTER 0-1 OK "84"
.H_LINE 7874 8750
.V_LINE 6500 7250
.X_DIM 750
.Y_DIM 875
.X_POINTS_PER_INCH 1000
.Y_POINTS_PER_INCH 1000
.POINTS_PER_SECOND 125
.COMMENT CALIB X: 36 Y: -156

.WRITER_INFO
 Name: SAI HARISH
 WriterId: 29
 Hand: right
 EducationLevel: college graduate
 Gender: male
 Profession: student
 Region: hyderabad
 Age: 22
 DeviceType: digimemo a402
 SkillDevice: average
 Language: hindi
 Script: indic
 Native: false
 Style: discrete
 UsageFreq: rarely
 Proficiency: average
 Date: 2007-6-15
 WritingInProfession: no

.PEN_DOWN
6600 8249 0
6598 8246 0
6598 8243 0
6601 8240 0
6605 8237 0
6610 8234 0
6617 8232 0
6624 8230 0
6629 8229 0
6632 8228 0
6635 8228 0
6638 8229 0
6644 8231 0
6652 8233 0
6659 8236 0
6670 8241 0
6679 8245 0
6684 8249 0
6687 8252 0
6688 8255 0
6689 8258 0
6688 8261 0
6685 8266 0
6678 8271 0
6669 8275 0
6660 8279 0
6648 8284 0
6636 8288 0
6625 8292 0
6616 8295 0
6610 8298 0
6606 8300 0
6603 8303 0
6600 8306 0
6598 8309 0
6596 8313 0
6594 8318 0
6592 8324 0
6591 8329 0
6590 8333 0
6590 8337 0
6590 8341 0
6590 8345 0
6591 8348 0
6592 8351 0
6593 8354 0
6597 8357 0
6600 8359 0
6604 8362 0
6609 8365 0
6618 8369 0
6633 8372 0
6648 8374 0
6659 8375 0
6668 8376 0
6677 8376 0
6684 8376 0
6691 8375 0
6698 8374 0
6703 8372 0
6706 8371 0
6709 8370 0
6710 8366 0
6709 8359 0
6709 8354 0
.PEN_UP
.PEN_DOWN
6588 8191 0
6594 8193 0
6604 8195 0
6621 8196 0
6645 8197 0
6675 8196 0
6706 8195 0
6734 8193 0
6757 8190 0
6776 8187 0
6789 8183 0
6797 8181 0
6801 8179 0
6798 8181 0
.PEN_UP
