.VERSION 1.0 
.HIERARCHY CHARACTER
.COORD X Y T
.SEGMENT CHARACTER 0-1 OK "93"
.H_LINE 1374 2249
.V_LINE 5000 5750
.X_DIM 750
.Y_DIM 874
.X_POINTS_PER_INCH 1000
.Y_POINTS_PER_INCH 1000
.POINTS_PER_SECOND 125
.COMMENT CALIB X: 5 Y: -67

.WRITER_INFO
 Name: SAI HARISH
 WriterId: 29
 Hand: right
 EducationLevel: college graduate
 Gender: male
 Profession: student
 Region: hyderabad
 Age: 22
 DeviceType: digimemo a402
 SkillDevice: average
 Language: hindi
 Script: indic
 Native: false
 Style: discrete
 UsageFreq: rarely
 Proficiency: average
 Date: 2007-6-15
 WritingInProfession: no

.PEN_DOWN
5254 1683 0
5253 1686 0
5252 1692 0
5252 1701 0
5253 1711 0
5254 1724 0
5255 1737 0
5255 1750 0
5256 1762 0
5256 1773 0
5256 1782 0
5256 1789 0
5256 1793 0
5256 1790 0
5255 1785 0
5251 1778 0
5245 1772 0
5237 1766 0
5224 1763 0
5205 1764 0
5182 1765 0
5158 1769 0
5136 1775 0
5116 1782 0
5103 1790 0
5096 1799 0
5092 1810 0
5092 1818 0
5094 1826 0
5099 1834 0
5111 1841 0
5127 1846 0
5146 1849 0
5170 1850 0
5196 1850 0
5219 1850 0
5237 1850 0
5253 1850 0
5267 1849 0
5278 1849 0
5287 1849 0
5293 1849 0
5297 1849 0
5300 1849 0
5294 1849 0
5286 1849 0
5278 1849 0
5268 1849 0
5259 1850 0
5251 1850 0
5245 1850 0
5242 1850 0
5239 1850 0
5236 1849 0
5232 1849 0
5225 1849 0
5219 1850 0
5213 1852 0
5206 1853 0
5201 1856 0
5197 1859 0
5193 1863 0
5189 1868 0
5187 1874 0
5186 1880 0
5186 1888 0
5188 1898 0
5190 1907 0
5193 1917 0
5195 1926 0
5198 1933 0
5202 1940 0
5207 1948 0
5214 1957 0
5222 1965 0
5230 1973 0
5236 1978 0
5239 1981 0
5241 1984 0
5241 1984 0
.PEN_UP
.PEN_DOWN
5151 1687 0
5154 1685 0
5159 1682 0
5165 1679 0
5172 1676 0
5180 1673 0
5189 1671 0
5197 1669 0
5206 1668 0
5219 1666 0
5233 1665 0
5248 1664 0
5262 1664 0
5276 1663 0
5292 1663 0
5310 1663 0
5331 1663 0
5353 1663 0
5371 1664 0
5383 1666 0
5389 1668 0
5392 1670 0
.PEN_UP
