.VERSION 1.0 
.HIERARCHY CHARACTER
.COORD X Y T
.SEGMENT CHARACTER 0-2 OK "8"
.H_LINE 2999 3874
.V_LINE 5000 5750
.X_DIM 750
.Y_DIM 874
.X_POINTS_PER_INCH 1000
.Y_POINTS_PER_INCH 1000
.POINTS_PER_SECOND 125
.COMMENT CALIB X: 84 Y: -131

.WRITER_INFO
 Name: K N NARESH
 WriterId: 15
 Hand: right
 EducationLevel: post graduate
 Gender: male
 Profession: student
 Region: hindupur
 Age: 25
 DeviceType: digimemo a402
 SkillDevice: good
 Language: hindi
 Script: indic
 Native: false
 Style: discrete
 UsageFreq: once a month
 Proficiency: good
 Date: 2007-6-12
 WritingInProfession: no

.PEN_DOWN
5332 3190 0
5329 3191 0
5326 3194 0
5323 3198 0
5320 3204 0
5316 3210 0
5313 3216 0
5310 3222 0
5308 3227 0
5305 3232 0
5303 3236 0
5301 3241 0
5300 3246 0
5299 3250 0
5299 3254 0
5299 3258 0
5299 3263 0
5299 3269 0
5299 3273 0
5299 3277 0
5300 3280 0
5300 3283 0
5302 3286 0
5304 3289 0
5308 3292 0
5312 3293 0
5316 3294 0
5320 3295 0
5326 3296 0
5333 3297 0
5341 3300 0
5348 3302 0
5353 3303 0
5357 3306 0
5361 3308 0
5364 3310 0
5366 3314 0
5368 3317 0
5370 3321 0
5373 3325 0
5376 3330 0
5380 3339 0
5389 3352 0
5399 3365 0
5410 3380 0
5420 3395 0
5431 3412 0
5443 3430 0
5454 3446 0
5464 3459 0
5472 3468 0
5476 3473 0
5479 3476 0
5480 3473 0
5482 3469 0
5483 3464 0
5484 3459 0
5485 3452 0
.PEN_UP
.PEN_DOWN
5490 3192 0
5488 3195 0
5487 3198 0
5484 3199 0
5481 3200 0
5478 3203 0
5476 3208 0
5473 3213 0
5469 3219 0
5466 3228 0
5463 3238 0
5460 3248 0
5459 3258 0
5458 3268 0
5457 3278 0
5457 3286 0
5457 3293 0
5457 3299 0
5457 3304 0
5456 3308 0
5455 3312 0
5455 3312 0
.PEN_UP
.PEN_DOWN
5227 3170 0
5224 3171 0
5235 3169 0
5256 3167 0
5290 3167 0
5326 3165 0
5369 3165 0
5427 3165 0
5487 3166 0
5537 3166 0
5570 3165 0
5590 3162 0
5601 3161 0
5606 3161 0
5606 3161 0
.PEN_UP
