.VERSION 1.0 
.HIERARCHY CHARACTER
.COORD X Y T
.SEGMENT CHARACTER 0-5 OK "10"
.H_LINE 4624 5499
.V_LINE 499 1250
.X_DIM 750
.Y_DIM 874
.X_POINTS_PER_INCH 1000
.Y_POINTS_PER_INCH 1000
.POINTS_PER_SECOND 125
.COMMENT CALIB X: 49 Y: -171

.WRITER_INFO
 Name: K N NARESH
 WriterId: 15
 Hand: right
 EducationLevel: post graduate
 Gender: male
 Profession: student
 Region: hindupur
 Age: 25
 DeviceType: digimemo a402
 SkillDevice: good
 Language: hindi
 Script: indic
 Native: false
 Style: discrete
 UsageFreq: once a month
 Proficiency: good
 Date: 2007-6-12
 WritingInProfession: no

.PEN_DOWN
754 4826 0
746 4825 0
740 4824 0
735 4824 0
730 4823 0
726 4822 0
723 4821 0
721 4818 0
720 4815 0
720 4812 0
720 4809 0
721 4806 0
723 4803 0
725 4800 0
728 4797 0
733 4794 0
738 4792 0
743 4790 0
748 4788 0
756 4787 0
765 4786 0
774 4785 0
781 4785 0
787 4785 0
793 4786 0
799 4788 0
805 4791 0
812 4796 0
818 4801 0
823 4806 0
828 4811 0
831 4817 0
833 4823 0
833 4830 0
829 4841 0
822 4853 0
806 4869 0
783 4882 0
761 4894 0
742 4903 0
726 4911 0
715 4915 0
710 4917 0
711 4914 0
713 4910 0
720 4906 0
730 4902 0
741 4898 0
752 4894 0
762 4892 0
770 4890 0
776 4889 0
783 4889 0
789 4890 0
794 4891 0
798 4893 0
802 4896 0
807 4901 0
812 4906 0
816 4911 0
820 4915 0
824 4921 0
829 4926 0
833 4931 0
836 4935 0
838 4940 0
840 4946 0
841 4953 0
842 4961 0
841 4969 0
839 4978 0
835 4987 0
829 4996 0
816 5005 0
801 5013 0
782 5020 0
758 5026 0
732 5030 0
705 5032 0
683 5031 0
666 5028 0
653 5023 0
645 5017 0
639 5010 0
635 5001 0
634 4992 0
634 4983 0
637 4976 0
644 4971 0
.PEN_UP
.PEN_DOWN
813 4883 0
813 4879 0
813 4874 0
813 4871 0
803 4869 0
797 4868 0
792 4868 0
789 4868 0
791 4872 0
793 4876 0
795 4880 0
797 4885 0
800 4894 0
808 4905 0
817 4916 0
828 4925 0
839 4933 0
852 4939 0
869 4942 0
889 4942 0
909 4937 0
925 4928 0
938 4913 0
948 4894 0
954 4877 0
956 4861 0
957 4846 0
957 4834 0
956 4827 0
955 4823 0
955 4823 0
.PEN_UP
.PEN_DOWN
991 4796 0
990 4793 0
989 4790 0
986 4788 0
983 4787 0
980 4786 0
977 4786 0
974 4785 0
972 4789 0
970 4795 0
967 4804 0
964 4817 0
961 4839 0
957 4865 0
954 4893 0
951 4921 0
949 4945 0
947 4966 0
946 4983 0
946 4997 0
945 5009 0
945 5018 0
944 5025 0
943 5029 0
945 5024 0
948 5016 0
.PEN_UP
.PEN_DOWN
1088 4780 0
1085 4780 0
1082 4780 0
1079 4781 0
1076 4779 0
1073 4778 0
1070 4783 0
1068 4790 0
1066 4801 0
1063 4819 0
1060 4841 0
1058 4866 0
1056 4892 0
1055 4917 0
1055 4939 0
1054 4958 0
1053 4973 0
1053 4984 0
1052 4990 0
1052 4994 0
1049 4988 0
1046 4979 0
.PEN_UP
.PEN_DOWN
1080 4783 0
1079 4779 0
1079 4776 0
1077 4772 0
1074 4768 0
1070 4762 0
1056 4749 0
1037 4736 0
1017 4724 0
1000 4713 0
985 4704 0
974 4697 0
967 4693 0
963 4691 0
964 4688 0
965 4700 0
.PEN_UP
.PEN_DOWN
876 4770 0
872 4769 0
868 4768 0
864 4768 0
861 4767 0
864 4767 0
873 4767 0
896 4768 0
935 4769 0
982 4769 0
1027 4770 0
1068 4768 0
1107 4766 0
1141 4765 0
1169 4763 0
.PEN_UP
