.VERSION 1.0 
.HIERARCHY CHARACTER
.COORD X Y T
.SEGMENT CHARACTER 0-3 OK "34"
.H_LINE 1374 2249
.V_LINE 6500 7250
.X_DIM 750
.Y_DIM 874
.X_POINTS_PER_INCH 1000
.Y_POINTS_PER_INCH 1000
.POINTS_PER_SECOND 125
.COMMENT CALIB X: 56 Y: -49

.WRITER_INFO
 Name: K N NARESH
 WriterId: 15
 Hand: right
 EducationLevel: post graduate
 Gender: male
 Profession: student
 Region: hindupur
 Age: 25
 DeviceType: digimemo a402
 SkillDevice: good
 Language: hindi
 Script: indic
 Native: false
 Style: discrete
 UsageFreq: once a month
 Proficiency: good
 Date: 2007-6-12
 WritingInProfession: no

.PEN_DOWN
6925 1656 0
6925 1652 0
6925 1649 0
6922 1649 0
6918 1648 0
6915 1648 0
6912 1647 0
6909 1649 0
6907 1652 0
6903 1658 0
6898 1668 0
6892 1680 0
6886 1694 0
6881 1713 0
6877 1736 0
6872 1761 0
6868 1787 0
6866 1811 0
6864 1829 0
6863 1846 0
6861 1859 0
6860 1868 0
6859 1875 0
6858 1879 0
6857 1882 0
6855 1876 0
.PEN_UP
.PEN_DOWN
6894 1769 0
6894 1765 0
6894 1762 0
6893 1759 0
6890 1757 0
6885 1754 0
6881 1753 0
6878 1752 0
6877 1747 0
6877 1744 0
6877 1741 0
6876 1738 0
6873 1734 0
6868 1729 0
6857 1723 0
6845 1717 0
6833 1712 0
6813 1708 0
6793 1707 0
6772 1708 0
6756 1711 0
6743 1718 0
6732 1728 0
6723 1741 0
6716 1755 0
6711 1770 0
6708 1782 0
6708 1793 0
6711 1805 0
6721 1814 0
6733 1821 0
6751 1826 0
6772 1829 0
6790 1827 0
6806 1822 0
6820 1813 0
6833 1803 0
6844 1788 0
6853 1783 0
.PEN_UP
.PEN_DOWN
6839 1733 0
6841 1730 0
6842 1727 0
6843 1724 0
6842 1721 0
6837 1727 0
6831 1737 0
6820 1753 0
6807 1769 0
6793 1785 0
6779 1800 0
6767 1812 0
6757 1820 0
6752 1824 0
6749 1826 0
6753 1821 0
6757 1816 0
.PEN_UP
.PEN_DOWN
6799 1620 0
6796 1620 0
6793 1619 0
6798 1620 0
6806 1621 0
6820 1622 0
6839 1624 0
6875 1625 0
6919 1626 0
6963 1626 0
7000 1624 0
7031 1622 0
7050 1620 0
7059 1617 0
.PEN_UP
