.VERSION 1.0 
.HIERARCHY CHARACTER
.COORD X Y T
.SEGMENT CHARACTER 0-2 OK "43"
.H_LINE 4624 5499
.V_LINE 5000 5750
.X_DIM 750
.Y_DIM 874
.X_POINTS_PER_INCH 1000
.Y_POINTS_PER_INCH 1000
.POINTS_PER_SECOND 125
.COMMENT CALIB X: 70 Y: -96

.WRITER_INFO
 Name: K N NARESH
 WriterId: 15
 Hand: right
 EducationLevel: post graduate
 Gender: male
 Profession: student
 Region: hindupur
 Age: 25
 DeviceType: digimemo a402
 SkillDevice: good
 Language: hindi
 Script: indic
 Native: false
 Style: discrete
 UsageFreq: once a month
 Proficiency: good
 Date: 2007-6-12
 WritingInProfession: no

.PEN_DOWN
5322 4885 0
5319 4884 0
5315 4882 0
5312 4881 0
5309 4881 0
5308 4878 0
5311 4876 0
5314 4874 0
5318 4873 0
5321 4872 0
5325 4871 0
5330 4871 0
5335 4871 0
5340 4872 0
5344 4872 0
5348 4873 0
5352 4875 0
5357 4877 0
5362 4880 0
5366 4882 0
5368 4885 0
5371 4890 0
5374 4895 0
5377 4900 0
5380 4908 0
5383 4919 0
5386 4930 0
5387 4943 0
5386 4958 0
5382 4974 0
5375 4990 0
5365 5005 0
5353 5019 0
5334 5032 0
5314 5041 0
5291 5047 0
5268 5050 0
5249 5051 0
5237 5052 0
5231 5052 0
5228 5051 0
5229 5048 0
5232 5044 0
5236 5039 0
5241 5034 0
5245 5030 0
5248 5028 0
5251 5028 0
5255 5030 0
5262 5036 0
5278 5044 0
5296 5053 0
5314 5063 0
5330 5074 0
5350 5086 0
5370 5097 0
5388 5106 0
5400 5111 0
5408 5114 0
5412 5115 0
5415 5115 0
5418 5112 0
5425 5108 0
5433 5098 0
.PEN_UP
.PEN_DOWN
5371 4935 0
5371 4932 0
5371 4929 0
5371 4932 0
5373 4939 0
5379 4952 0
5385 4963 0
5393 4975 0
5406 4987 0
5422 4997 0
5440 5005 0
5459 5011 0
5475 5014 0
5488 5012 0
5499 5007 0
5508 4998 0
5517 4984 0
5526 4964 0
5533 4943 0
5539 4921 0
5544 4903 0
5548 4889 0
5550 4879 0
5551 4872 0
5551 4867 0
5551 4864 0
5548 4863 0
5546 4866 0
5544 4872 0
5543 4881 0
5541 4894 0
5537 4915 0
5534 4941 0
5531 4970 0
5528 5000 0
5526 5027 0
5525 5049 0
5525 5068 0
5523 5085 0
5521 5099 0
5518 5109 0
5517 5117 0
5516 5121 0
5516 5116 0
5515 5100 0
5514 5097 0
.PEN_UP
.PEN_DOWN
5293 4863 0
5296 4862 0
5305 4861 0
5319 4860 0
5343 4860 0
5381 4860 0
5437 4858 0
5495 4855 0
5543 4847 0
.PEN_UP
