.VERSION 1.0 
.HIERARCHY CHARACTER
.COORD X Y T
.SEGMENT CHARACTER 0-1 OK "76"
.H_LINE 6249 7124
.V_LINE 1999 2749
.X_DIM 749
.Y_DIM 875
.X_POINTS_PER_INCH 1000
.Y_POINTS_PER_INCH 1000
.POINTS_PER_SECOND 125
.COMMENT CALIB X: 44 Y: -94

.WRITER_INFO
 Name: K N NARESH
 WriterId: 15
 Hand: right
 EducationLevel: post graduate
 Gender: male
 Profession: student
 Region: hindupur
 Age: 25
 DeviceType: digimemo a402
 SkillDevice: good
 Language: hindi
 Script: indic
 Native: false
 Style: discrete
 UsageFreq: once a month
 Proficiency: good
 Date: 2007-6-12
 WritingInProfession: no

.PEN_DOWN
2276 6611 0
2273 6611 0
2270 6611 0
2267 6610 0
2260 6609 0
2249 6608 0
2240 6607 0
2232 6606 0
2224 6605 0
2217 6603 0
2213 6602 0
2211 6599 0
2211 6596 0
2212 6593 0
2214 6590 0
2217 6587 0
2220 6584 0
2222 6581 0
2225 6578 0
2228 6576 0
2232 6573 0
2235 6571 0
2238 6569 0
2242 6566 0
2247 6564 0
2251 6562 0
2255 6561 0
2259 6560 0
2264 6560 0
2271 6560 0
2279 6561 0
2285 6562 0
2290 6564 0
2295 6566 0
2299 6567 0
2303 6569 0
2307 6571 0
2309 6574 0
2309 6578 0
2309 6583 0
2308 6588 0
2306 6592 0
2305 6595 0
2304 6598 0
2302 6602 0
2300 6606 0
2297 6610 0
2293 6615 0
2288 6621 0
2283 6627 0
2278 6632 0
2274 6636 0
2270 6642 0
2265 6648 0
2261 6653 0
2258 6657 0
2256 6660 0
2255 6663 0
2254 6666 0
2253 6669 0
2253 6672 0
2253 6675 0
2253 6678 0
2254 6681 0
2255 6684 0
2256 6687 0
2257 6690 0
2259 6694 0
2262 6698 0
2263 6701 0
2266 6706 0
2269 6710 0
2272 6713 0
2274 6716 0
2278 6719 0
2283 6723 0
2288 6726 0
2293 6729 0
2297 6731 0
2300 6733 0
2303 6734 0
2307 6734 0
2312 6734 0
2316 6733 0
2319 6731 0
2323 6729 0
2327 6726 0
2331 6722 0
2335 6719 0
2339 6714 0
2342 6709 0
2345 6704 0
2348 6698 0
2352 6692 0
2356 6687 0
2359 6680 0
2362 6672 0
2364 6664 0
2365 6655 0
2365 6646 0
2364 6636 0
2363 6629 0
2361 6625 0
2362 6628 0
.PEN_UP
.PEN_DOWN
2254 6487 0
2250 6489 0
2254 6488 0
2259 6487 0
2264 6487 0
2271 6487 0
2279 6487 0
2284 6487 0
2287 6487 0
2291 6486 0
2304 6486 0
2328 6486 0
2360 6486 0
2395 6485 0
2425 6483 0
2446 6481 0
2458 6479 0
2464 6478 0
2461 6481 0
2453 6487 0
.PEN_UP
