.VERSION 1.0 
.HIERARCHY CHARACTER
.COORD X Y T
.SEGMENT CHARACTER 0-1 OK "77"
.H_LINE 6249 7124
.V_LINE 3500 4250
.X_DIM 750
.Y_DIM 875
.X_POINTS_PER_INCH 1000
.Y_POINTS_PER_INCH 1000
.POINTS_PER_SECOND 125
.COMMENT CALIB X: 50 Y: -133

.WRITER_INFO
 Name: K N NARESH
 WriterId: 15
 Hand: right
 EducationLevel: post graduate
 Gender: male
 Profession: student
 Region: hindupur
 Age: 25
 DeviceType: digimemo a402
 SkillDevice: good
 Language: hindi
 Script: indic
 Native: false
 Style: discrete
 UsageFreq: once a month
 Proficiency: good
 Date: 2007-6-12
 WritingInProfession: no

.PEN_DOWN
3731 6541 0
3728 6541 0
3725 6540 0
3722 6541 0
3725 6542 0
3732 6543 0
3739 6543 0
3747 6543 0
3755 6542 0
3761 6540 0
3766 6539 0
3769 6537 0
3772 6536 0
3775 6535 0
3777 6532 0
3779 6529 0
3781 6526 0
3782 6523 0
3783 6520 0
3784 6517 0
3785 6514 0
3786 6511 0
3785 6508 0
3783 6505 0
3780 6503 0
3774 6500 0
3768 6499 0
3763 6498 0
3756 6498 0
3749 6498 0
3742 6499 0
3734 6501 0
3726 6503 0
3718 6505 0
3711 6508 0
3705 6511 0
3697 6515 0
3692 6518 0
3686 6522 0
3682 6526 0
3678 6530 0
3675 6534 0
3672 6538 0
3669 6541 0
3667 6545 0
3666 6550 0
3666 6554 0
3666 6558 0
3667 6562 0
3668 6566 0
3670 6569 0
3673 6573 0
3676 6576 0
3680 6580 0
3687 6583 0
3695 6586 0
3703 6588 0
3713 6590 0
3723 6591 0
3733 6592 0
3744 6593 0
3753 6593 0
3759 6594 0
3764 6594 0
3768 6594 0
3771 6593 0
3770 6590 0
3764 6587 0
3756 6584 0
3745 6583 0
3732 6583 0
3719 6584 0
3707 6587 0
3696 6591 0
3687 6597 0
3679 6605 0
3673 6614 0
3668 6623 0
3665 6633 0
3664 6644 0
3664 6656 0
3666 6668 0
3670 6679 0
3674 6689 0
3679 6697 0
3686 6703 0
3695 6709 0
3707 6713 0
3723 6715 0
3742 6716 0
3762 6715 0
3779 6712 0
3795 6708 0
3808 6701 0
3817 6692 0
3824 6681 0
3830 6666 0
3834 6649 0
.PEN_UP
.PEN_DOWN
3647 6439 0
3643 6439 0
3639 6439 0
3640 6442 0
3651 6445 0
3673 6447 0
3705 6450 0
3742 6451 0
3777 6451 0
3804 6449 0
3827 6446 0
3841 6440 0
.PEN_UP
