.VERSION 1.0 
.HIERARCHY CHARACTER
.COORD X Y T
.SEGMENT CHARACTER 0-2 OK "80"
.H_LINE 7874 8750
.V_LINE 499 1250
.X_DIM 750
.Y_DIM 875
.X_POINTS_PER_INCH 1000
.Y_POINTS_PER_INCH 1000
.POINTS_PER_SECOND 125
.COMMENT CALIB X: 35 Y: -180

.WRITER_INFO
 Name: K N NARESH
 WriterId: 15
 Hand: right
 EducationLevel: post graduate
 Gender: male
 Profession: student
 Region: hindupur
 Age: 25
 DeviceType: digimemo a402
 SkillDevice: good
 Language: hindi
 Script: indic
 Native: false
 Style: discrete
 UsageFreq: once a month
 Proficiency: good
 Date: 2007-6-12
 WritingInProfession: no

.PEN_DOWN
799 8088 0
799 8085 0
799 8082 0
799 8078 0
799 8075 0
798 8072 0
795 8072 0
793 8075 0
791 8079 0
789 8082 0
788 8085 0
787 8090 0
786 8096 0
785 8103 0
784 8114 0
782 8129 0
781 8147 0
780 8166 0
779 8186 0
778 8206 0
777 8224 0
776 8239 0
775 8254 0
774 8267 0
772 8279 0
770 8289 0
769 8295 0
768 8298 0
768 8293 0
769 8286 0
769 8280 0
768 8272 0
.PEN_UP
.PEN_DOWN
689 8104 0
693 8099 0
695 8095 0
696 8091 0
695 8088 0
694 8085 0
691 8084 0
688 8082 0
685 8081 0
682 8082 0
678 8084 0
675 8087 0
672 8091 0
668 8096 0
665 8103 0
662 8111 0
659 8121 0
657 8130 0
655 8137 0
653 8143 0
652 8148 0
651 8154 0
651 8160 0
652 8166 0
653 8171 0
654 8176 0
656 8180 0
657 8184 0
659 8189 0
661 8193 0
663 8197 0
666 8201 0
670 8204 0
674 8208 0
680 8211 0
690 8215 0
701 8219 0
712 8222 0
724 8224 0
738 8226 0
750 8227 0
763 8227 0
773 8228 0
779 8227 0
784 8225 0
788 8222 0
798 8216 0
812 8208 0
826 8198 0
840 8188 0
854 8179 0
864 8172 0
870 8166 0
.PEN_UP
.PEN_DOWN
657 8028 0
654 8028 0
650 8029 0
646 8029 0
641 8030 0
638 8031 0
643 8033 0
654 8034 0
676 8034 0
710 8035 0
748 8036 0
781 8036 0
813 8037 0
841 8037 0
861 8037 0
.PEN_UP
