.VERSION 1.0 
.HIERARCHY CHARACTER
.COORD X Y T
.SEGMENT CHARACTER 0-1 OK "88"
.H_LINE 9500 10374
.V_LINE 5000 5750
.X_DIM 750
.Y_DIM 874
.X_POINTS_PER_INCH 1000
.Y_POINTS_PER_INCH 1000
.POINTS_PER_SECOND 125
.COMMENT CALIB X: 83 Y: -139

.WRITER_INFO
 Name: K N NARESH
 WriterId: 15
 Hand: right
 EducationLevel: post graduate
 Gender: male
 Profession: student
 Region: hindupur
 Age: 25
 DeviceType: digimemo a402
 SkillDevice: good
 Language: hindi
 Script: indic
 Native: false
 Style: discrete
 UsageFreq: once a month
 Proficiency: good
 Date: 2007-6-12
 WritingInProfession: no

.PEN_DOWN
5472 9805 0
5469 9804 0
5466 9801 0
5460 9796 0
5452 9792 0
5445 9790 0
5439 9786 0
5432 9784 0
5425 9783 0
5416 9782 0
5408 9782 0
5402 9783 0
5396 9784 0
5392 9786 0
5388 9788 0
5384 9790 0
5380 9793 0
5375 9796 0
5371 9800 0
5368 9804 0
5366 9809 0
5364 9815 0
5361 9821 0
5359 9827 0
5357 9833 0
5356 9838 0
5355 9844 0
5355 9848 0
5355 9852 0
5354 9855 0
5354 9858 0
5354 9861 0
5355 9865 0
5355 9868 0
5355 9871 0
5355 9876 0
5357 9883 0
5358 9889 0
5360 9894 0
5361 9898 0
5362 9901 0
5361 9898 0
5361 9895 0
5360 9891 0
5360 9886 0
5360 9882 0
5359 9876 0
5358 9867 0
5356 9858 0
5355 9851 0
5354 9846 0
5354 9842 0
5354 9838 0
5354 9834 0
5354 9831 0
5352 9828 0
5350 9825 0
5347 9822 0
5342 9819 0
5336 9817 0
5330 9814 0
5322 9812 0
5314 9810 0
5305 9809 0
5298 9808 0
5294 9807 0
5291 9808 0
5288 9809 0
5284 9810 0
5279 9813 0
5271 9816 0
5262 9822 0
5253 9830 0
5243 9841 0
5233 9852 0
5223 9863 0
5216 9877 0
5211 9891 0
5208 9906 0
5207 9920 0
5208 9935 0
5213 9950 0
5222 9965 0
5231 9978 0
5241 9989 0
5252 9997 0
5261 10003 0
5266 10007 0
5268 10011 0
5265 10013 0
.PEN_UP
.PEN_DOWN
5340 9727 0
5340 9724 0
5329 9722 0
5323 9721 0
5320 9720 0
5323 9717 0
5329 9714 0
5341 9711 0
5362 9711 0
5397 9712 0
5440 9713 0
5479 9714 0
5509 9713 0
5528 9712 0
5539 9711 0
5545 9709 0
5542 9708 0
.PEN_UP
