.VERSION 1.0 
.HIERARCHY CHARACTER
.COORD X Y T
.SEGMENT CHARACTER 0-2 OK "101"
.H_LINE 4624 5499
.V_LINE 1999 2749
.X_DIM 749
.Y_DIM 874
.X_POINTS_PER_INCH 1000
.Y_POINTS_PER_INCH 1000
.POINTS_PER_SECOND 125
.COMMENT CALIB X: 46 Y: -94

.WRITER_INFO
 Name: K N NARESH
 WriterId: 15
 Hand: right
 EducationLevel: post graduate
 Gender: male
 Profession: student
 Region: hindupur
 Age: 25
 DeviceType: digimemo a402
 SkillDevice: good
 Language: hindi
 Script: indic
 Native: false
 Style: discrete
 UsageFreq: once a month
 Proficiency: good
 Date: 2007-6-12
 WritingInProfession: no

.PEN_DOWN
2355 4834 0
2354 4830 0
2353 4827 0
2352 4824 0
2350 4821 0
2348 4826 0
2346 4831 0
2345 4839 0
2344 4850 0
2344 4861 0
2343 4871 0
2343 4880 0
2343 4888 0
2343 4894 0
2343 4897 0
2341 4894 0
2340 4890 0
2338 4887 0
2335 4883 0
2331 4880 0
2326 4877 0
2322 4876 0
2319 4875 0
2316 4873 0
2311 4872 0
2307 4872 0
2303 4872 0
2298 4872 0
2294 4873 0
2291 4874 0
2286 4876 0
2281 4878 0
2276 4880 0
2270 4883 0
2263 4888 0
2257 4892 0
2252 4896 0
2247 4899 0
2243 4902 0
2240 4906 0
2235 4913 0
2231 4920 0
2227 4926 0
2224 4933 0
2222 4939 0
2220 4947 0
2219 4954 0
2219 4960 0
2219 4965 0
2221 4970 0
2224 4976 0
2228 4982 0
2233 4988 0
2238 4994 0
2246 4999 0
2253 5003 0
2260 5006 0
2267 5009 0
2276 5012 0
2284 5014 0
2290 5015 0
2297 5016 0
2302 5016 0
2307 5016 0
2311 5015 0
2316 5012 0
2321 5009 0
2328 5005 0
2335 5002 0
2340 5000 0
2340 4997 0
2337 4995 0
2333 4993 0
2329 4992 0
2325 4991 0
2322 4991 0
2317 4991 0
2309 4991 0
2301 4991 0
2294 4992 0
2286 4995 0
2275 4999 0
2264 5002 0
2256 5006 0
2249 5011 0
2243 5016 0
2237 5023 0
2231 5031 0
2224 5039 0
2218 5047 0
2214 5053 0
2212 5059 0
2211 5064 0
2211 5068 0
2211 5072 0
2212 5076 0
2214 5080 0
2217 5084 0
2220 5087 0
2223 5090 0
2227 5093 0
2232 5096 0
2237 5100 0
2243 5103 0
2250 5107 0
2259 5110 0
2266 5113 0
2273 5116 0
2280 5119 0
2287 5122 0
2294 5125 0
2301 5127 0
2308 5128 0
2314 5127 0
2321 5125 0
2329 5122 0
2336 5118 0
2344 5114 0
2352 5109 0
2359 5104 0
2368 5099 0
2378 5093 0
2389 5087 0
2401 5076 0
2414 5062 0
2426 5045 0
2436 5027 0
2443 5008 0
2449 4991 0
2459 4977 0
.PEN_UP
.PEN_DOWN
2458 4827 0
2455 4827 0
2452 4829 0
2449 4831 0
2447 4834 0
2445 4837 0
2444 4840 0
2443 4843 0
2442 4847 0
2441 4851 0
2441 4854 0
2441 4858 0
2441 4864 0
2440 4873 0
2439 4881 0
2438 4891 0
2436 4903 0
2434 4918 0
2432 4936 0
2429 4956 0
2427 4981 0
2426 5007 0
2425 5032 0
2423 5055 0
2421 5075 0
2419 5095 0
2417 5114 0
2414 5130 0
2412 5143 0
2410 5152 0
2409 5157 0
2409 5154 0
2409 5150 0
2408 5145 0
2405 5139 0
.PEN_UP
.PEN_DOWN
2300 4805 0
2291 4806 0
2284 4806 0
2277 4807 0
2272 4807 0
2269 4808 0
2277 4808 0
2290 4808 0
2309 4809 0
2336 4809 0
2369 4808 0
2407 4808 0
2440 4807 0
2462 4806 0
2476 4804 0
2484 4803 0
2488 4802 0
2488 4797 0
2483 4797 0
.PEN_UP
