.VERSION 1.0 
.HIERARCHY CHARACTER
.COORD X Y T
.SEGMENT CHARACTER 0-1 OK "3"
.H_LINE 1374 2249
.V_LINE 5000 5750
.X_DIM 750
.Y_DIM 874
.X_POINTS_PER_INCH 1000
.Y_POINTS_PER_INCH 1000
.POINTS_PER_SECOND 125
.COMMENT CALIB X: -63 Y: -172

.WRITER_INFO
 Name: PARVATHI CHARY
 WriterId: 32
 Hand: right
 EducationLevel: post graduate
 Gender: male
 Profession: lecturer
 Region: chennai
 Age: 50
 DeviceType: digimemo a402
 SkillDevice: average
 Language: hindi
 Script: indic
 Native: false
 Style: discrete
 UsageFreq: rarely
 Proficiency: good
 Date: 2007-9-20
 WritingInProfession: no

.PEN_DOWN
5427 1595 0
5428 1598 0
5429 1603 0
5431 1612 0
5433 1624 0
5434 1637 0
5435 1654 0
5437 1670 0
5438 1687 0
5440 1702 0
5442 1714 0
5443 1724 0
5444 1731 0
5445 1735 0
5444 1731 0
5440 1726 0
5432 1721 0
5422 1717 0
5410 1714 0
5394 1713 0
5377 1713 0
5359 1714 0
5343 1717 0
5328 1721 0
5319 1725 0
5314 1728 0
5312 1731 0
5312 1734 0
5314 1738 0
5320 1742 0
5330 1747 0
5345 1753 0
5364 1759 0
5386 1767 0
5403 1777 0
5418 1787 0
5427 1797 0
5433 1809 0
5437 1821 0
5439 1833 0
5438 1847 0
5434 1860 0
5427 1871 0
5417 1880 0
5405 1884 0
5393 1886 0
5381 1886 0
5370 1885 0
5359 1881 0
5350 1876 0
5344 1871 0
5340 1867 0
5338 1863 0
5338 1860 0
5341 1860 0
5344 1863 0
5348 1869 0
5353 1876 0
5359 1884 0
5366 1893 0
5373 1902 0
5379 1910 0
5386 1918 0
5391 1924 0
5395 1929 0
5399 1933 0
5403 1936 0
5407 1938 0
5411 1939 0
.PEN_UP
.PEN_DOWN
5324 1575 0
5329 1578 0
5341 1580 0
5361 1582 0
5388 1582 0
5418 1582 0
5448 1582 0
5480 1581 0
5509 1580 0
5534 1579 0
5553 1579 0
5563 1579 0
5568 1579 0
5571 1583 0
.PEN_UP
