.VERSION 1.0 
.HIERARCHY CHARACTER
.COORD X Y T
.SEGMENT CHARACTER 0-3 OK "7"
.H_LINE 2999 3874
.V_LINE 3500 4250
.X_DIM 750
.Y_DIM 874
.X_POINTS_PER_INCH 1000
.Y_POINTS_PER_INCH 1000
.POINTS_PER_SECOND 125
.COMMENT CALIB X: 23 Y: -137

.WRITER_INFO
 Name: PARVATHI CHARY
 WriterId: 32
 Hand: right
 EducationLevel: post graduate
 Gender: male
 Profession: lecturer
 Region: chennai
 Age: 50
 DeviceType: digimemo a402
 SkillDevice: average
 Language: hindi
 Script: indic
 Native: false
 Style: discrete
 UsageFreq: rarely
 Proficiency: good
 Date: 2007-9-20
 WritingInProfession: no

.PEN_DOWN
3928 3305 0
3928 3302 0
3928 3298 0
3927 3295 0
3925 3292 0
3922 3292 0
3921 3295 0
3920 3298 0
3920 3302 0
3920 3308 0
3919 3315 0
3919 3325 0
3919 3338 0
3920 3352 0
3920 3369 0
3920 3391 0
3921 3416 0
3922 3440 0
3922 3462 0
3923 3482 0
3924 3499 0
3925 3513 0
3927 3523 0
3928 3530 0
3929 3535 0
3929 3538 0
3928 3531 0
3922 3522 0
.PEN_UP
.PEN_DOWN
3789 3362 0
3793 3361 0
3799 3361 0
3809 3363 0
3821 3367 0
3835 3372 0
3849 3378 0
3865 3385 0
3879 3391 0
3892 3397 0
3907 3404 0
3916 3410 0
3921 3413 0
3922 3417 0
3921 3421 0
3917 3425 0
3911 3431 0
3904 3439 0
3889 3449 0
3873 3458 0
3857 3467 0
3841 3477 0
3829 3485 0
3820 3491 0
3812 3498 0
3804 3506 0
3797 3511 0
3793 3514 0
3798 3506 0
.PEN_UP
.PEN_DOWN
3955 3408 0
3958 3408 0
3964 3408 0
3975 3408 0
3991 3408 0
4011 3408 0
4030 3408 0
4047 3408 0
4061 3408 0
4070 3408 0
4076 3408 0
4081 3408 0
4083 3397 0
4082 3387 0
4079 3379 0
4075 3374 0
4070 3371 0
4063 3370 0
4054 3371 0
4041 3378 0
4031 3387 0
4022 3399 0
4016 3413 0
4013 3429 0
4012 3445 0
4014 3461 0
4018 3474 0
4023 3486 0
4030 3495 0
4039 3502 0
4052 3508 0
4068 3511 0
4090 3510 0
4114 3507 0
.PEN_UP
.PEN_DOWN
3784 3284 0
3791 3282 0
3806 3279 0
3832 3278 0
3866 3277 0
3908 3276 0
3948 3275 0
3984 3274 0
4013 3273 0
4034 3273 0
4046 3272 0
4053 3272 0
4056 3272 0
4056 3275 0
.PEN_UP
