.VERSION 1.0 
.HIERARCHY CHARACTER
.COORD X Y T
.SEGMENT CHARACTER 0-4 OK "10"
.H_LINE 4624 5499
.V_LINE 499 1250
.X_DIM 750
.Y_DIM 874
.X_POINTS_PER_INCH 1000
.Y_POINTS_PER_INCH 1000
.POINTS_PER_SECOND 125
.COMMENT CALIB X: -14 Y: -165

.WRITER_INFO
 Name: PARVATHI CHARY
 WriterId: 32
 Hand: right
 EducationLevel: post graduate
 Gender: male
 Profession: lecturer
 Region: chennai
 Age: 50
 DeviceType: digimemo a402
 SkillDevice: average
 Language: hindi
 Script: indic
 Native: false
 Style: discrete
 UsageFreq: rarely
 Proficiency: good
 Date: 2007-9-20
 WritingInProfession: no

.PEN_DOWN
712 4837 0
707 4833 0
703 4826 0
701 4819 0
703 4812 0
710 4804 0
722 4797 0
739 4791 0
761 4788 0
784 4788 0
806 4791 0
821 4795 0
830 4802 0
834 4812 0
833 4825 0
825 4842 0
811 4859 0
793 4877 0
775 4892 0
758 4907 0
748 4916 0
742 4923 0
739 4927 0
739 4931 0
741 4936 0
744 4942 0
751 4950 0
760 4960 0
771 4969 0
779 4979 0
786 4989 0
791 4998 0
793 5006 0
793 5014 0
790 5022 0
783 5031 0
771 5037 0
754 5043 0
735 5046 0
716 5047 0
696 5046 0
680 5044 0
669 5041 0
662 5036 0
659 5029 0
662 5020 0
672 5005 0
.PEN_UP
.PEN_DOWN
786 4941 0
789 4941 0
794 4942 0
802 4944 0
812 4945 0
825 4945 0
841 4943 0
858 4940 0
874 4935 0
889 4926 0
902 4914 0
912 4899 0
919 4881 0
923 4861 0
922 4843 0
919 4827 0
916 4816 0
913 4809 0
912 4806 0
911 4813 0
911 4826 0
910 4845 0
909 4871 0
907 4901 0
903 4931 0
899 4960 0
894 4984 0
890 5004 0
886 5022 0
882 5038 0
879 5049 0
878 5056 0
877 5060 0
880 5060 0
883 5056 0
888 5047 0
901 5032 0
920 5012 0
.PEN_UP
.PEN_DOWN
1002 4829 0
1002 4824 0
1003 4819 0
1005 4815 0
1007 4812 0
1008 4818 0
1008 4829 0
1007 4845 0
1007 4865 0
1006 4890 0
1005 4916 0
1004 4944 0
1003 4969 0
1002 4990 0
1002 5006 0
1001 5019 0
1000 5027 0
1001 5031 0
1001 5023 0
1001 5010 0
.PEN_UP
.PEN_DOWN
1004 4816 0
1003 4810 0
997 4798 0
987 4785 0
973 4773 0
952 4755 0
920 4738 0
885 4723 0
855 4710 0
832 4701 0
817 4696 0
810 4693 0
807 4692 0
814 4697 0
824 4703 0
.PEN_UP
.PEN_DOWN
863 4794 0
869 4793 0
879 4792 0
898 4791 0
923 4791 0
956 4790 0
990 4788 0
1030 4787 0
1069 4788 0
1103 4787 0
1126 4787 0
1138 4787 0
1143 4787 0
1141 4790 0
.PEN_UP
