.VERSION 1.0 
.HIERARCHY CHARACTER
.COORD X Y T
.SEGMENT CHARACTER 0-1 OK "30"
.H_LINE 1374 2249
.V_LINE 499 1250
.X_DIM 750
.Y_DIM 874
.X_POINTS_PER_INCH 1000
.Y_POINTS_PER_INCH 1000
.POINTS_PER_SECOND 125
.COMMENT CALIB X: 7 Y: -136

.WRITER_INFO
 Name: PARVATHI CHARY
 WriterId: 32
 Hand: right
 EducationLevel: post graduate
 Gender: male
 Profession: lecturer
 Region: chennai
 Age: 50
 DeviceType: digimemo a402
 SkillDevice: average
 Language: hindi
 Script: indic
 Native: false
 Style: discrete
 UsageFreq: rarely
 Proficiency: good
 Date: 2007-9-20
 WritingInProfession: no

.PEN_DOWN
766 1651 0
767 1655 0
768 1659 0
772 1664 0
777 1668 0
784 1670 0
794 1669 0
805 1667 0
815 1663 0
823 1659 0
828 1656 0
829 1653 0
824 1650 0
814 1650 0
801 1653 0
788 1659 0
773 1669 0
761 1680 0
753 1692 0
748 1703 0
746 1714 0
746 1724 0
749 1734 0
755 1743 0
765 1751 0
778 1757 0
797 1760 0
820 1761 0
842 1760 0
859 1758 0
869 1756 0
873 1755 0
866 1754 0
854 1754 0
835 1757 0
813 1762 0
794 1768 0
778 1777 0
768 1787 0
763 1795 0
763 1804 0
768 1817 0
777 1828 0
794 1835 0
818 1838 0
851 1836 0
888 1830 0
923 1821 0
952 1811 0
973 1800 0
990 1783 0
1002 1764 0
1009 1742 0
1013 1719 0
1014 1694 0
1013 1669 0
1011 1646 0
1009 1631 0
1008 1622 0
1007 1618 0
1006 1625 0
1006 1639 0
1007 1662 0
1009 1689 0
1011 1715 0
1012 1738 0
1013 1757 0
1015 1771 0
1017 1783 0
1020 1794 0
1022 1802 0
1024 1806 0
1027 1805 0
1035 1799 0
.PEN_UP
.PEN_DOWN
932 1623 0
933 1620 0
936 1618 0
940 1616 0
945 1614 0
953 1612 0
969 1610 0
990 1609 0
1012 1608 0
1036 1606 0
1060 1606 0
1083 1606 0
1104 1607 0
1121 1607 0
1131 1607 0
1136 1607 0
1136 1612 0
1136 1612 0
.PEN_UP
