.VERSION 1.0 
.HIERARCHY CHARACTER
.COORD X Y T
.SEGMENT CHARACTER 0-1 OK "76"
.H_LINE 6249 7124
.V_LINE 1999 2749
.X_DIM 749
.Y_DIM 875
.X_POINTS_PER_INCH 1000
.Y_POINTS_PER_INCH 1000
.POINTS_PER_SECOND 125
.COMMENT CALIB X: -9 Y: -173

.WRITER_INFO
 Name: PARVATHI CHARY
 WriterId: 32
 Hand: right
 EducationLevel: post graduate
 Gender: male
 Profession: lecturer
 Region: chennai
 Age: 50
 DeviceType: digimemo a402
 SkillDevice: average
 Language: hindi
 Script: indic
 Native: false
 Style: discrete
 UsageFreq: rarely
 Proficiency: good
 Date: 2007-9-20
 WritingInProfession: no

.PEN_DOWN
2304 6548 0
2293 6549 0
2286 6549 0
2282 6549 0
2279 6549 0
2276 6550 0
2272 6551 0
2269 6553 0
2266 6555 0
2262 6557 0
2259 6558 0
2256 6558 0
2253 6557 0
2250 6555 0
2248 6552 0
2247 6548 0
2247 6544 0
2247 6539 0
2248 6534 0
2250 6530 0
2253 6526 0
2257 6522 0
2262 6519 0
2269 6517 0
2276 6515 0
2284 6514 0
2291 6514 0
2297 6514 0
2302 6514 0
2305 6515 0
2307 6518 0
2308 6521 0
2308 6525 0
2308 6531 0
2308 6537 0
2306 6544 0
2304 6551 0
2300 6558 0
2294 6566 0
2288 6573 0
2283 6579 0
2278 6585 0
2273 6593 0
2269 6599 0
2265 6604 0
2263 6608 0
2262 6611 0
2261 6614 0
2260 6617 0
2260 6620 0
2260 6623 0
2260 6626 0
2261 6630 0
2263 6634 0
2265 6638 0
2268 6642 0
2273 6645 0
2279 6648 0
2288 6648 0
2299 6647 0
2314 6644 0
2329 6640 0
2345 6632 0
2362 6622 0
2377 6612 0
2388 6603 0
2396 6593 0
2403 6584 0
2408 6578 0
2411 6574 0
2412 6571 0
2413 6568 0
2414 6565 0
2418 6564 0
.PEN_UP
.PEN_DOWN
2253 6448 0
2249 6447 0
2253 6445 0
2260 6444 0
2273 6442 0
2291 6441 0
2317 6440 0
2349 6439 0
2383 6439 0
2414 6439 0
2441 6438 0
2458 6438 0
2469 6438 0
2474 6438 0
2477 6438 0
2476 6441 0
2476 6441 0
.PEN_UP
