.VERSION 1.0 
.HIERARCHY CHARACTER
.COORD X Y T
.SEGMENT CHARACTER 0-2 OK "101"
.H_LINE 4624 5499
.V_LINE 1999 2749
.X_DIM 749
.Y_DIM 874
.X_POINTS_PER_INCH 1000
.Y_POINTS_PER_INCH 1000
.POINTS_PER_SECOND 125
.COMMENT CALIB X: -3 Y: -169

.WRITER_INFO
 Name: PARVATHI CHARY
 WriterId: 32
 Hand: right
 EducationLevel: post graduate
 Gender: male
 Profession: lecturer
 Region: chennai
 Age: 50
 DeviceType: digimemo a402
 SkillDevice: average
 Language: hindi
 Script: indic
 Native: false
 Style: discrete
 UsageFreq: rarely
 Proficiency: good
 Date: 2007-9-20
 WritingInProfession: no

.PEN_DOWN
2460 4786 0
2460 4790 0
2461 4796 0
2463 4803 0
2465 4814 0
2469 4827 0
2473 4840 0
2476 4851 0
2480 4864 0
2483 4876 0
2486 4885 0
2489 4891 0
2490 4895 0
2488 4892 0
2485 4890 0
2482 4887 0
2479 4884 0
2474 4882 0
2465 4881 0
2456 4880 0
2449 4880 0
2442 4880 0
2434 4882 0
2428 4884 0
2423 4887 0
2416 4890 0
2409 4892 0
2404 4895 0
2400 4898 0
2397 4901 0
2394 4905 0
2391 4909 0
2390 4913 0
2389 4917 0
2388 4922 0
2389 4928 0
2392 4934 0
2396 4941 0
2401 4947 0
2408 4953 0
2417 4957 0
2427 4961 0
2438 4964 0
2450 4967 0
2461 4968 0
2469 4969 0
2474 4969 0
2477 4969 0
2478 4963 0
2478 4960 0
.PEN_UP
.PEN_DOWN
2484 4935 0
2487 4935 0
2492 4935 0
2498 4935 0
2504 4937 0
2509 4942 0
2512 4947 0
2513 4954 0
2513 4960 0
2513 4965 0
2511 4971 0
2509 4978 0
2506 4984 0
2502 4990 0
2496 4995 0
2490 4999 0
2485 5003 0
2481 5005 0
2481 5008 0
2486 5009 0
2493 5011 0
2503 5012 0
2516 5012 0
2532 5011 0
2550 5009 0
2568 5003 0
2585 4997 0
2597 4989 0
2606 4979 0
2614 4967 0
2618 4954 0
2621 4938 0
2621 4921 0
2621 4903 0
2621 4886 0
2621 4873 0
2621 4863 0
2621 4855 0
2621 4849 0
2620 4842 0
2619 4837 0
2618 4834 0
2616 4831 0
2615 4828 0
2614 4825 0
2614 4821 0
2614 4818 0
2613 4821 0
2612 4824 0
2612 4828 0
2612 4837 0
2613 4850 0
2615 4865 0
2616 4880 0
2618 4898 0
2618 4915 0
2618 4930 0
2618 4946 0
2618 4960 0
2618 4971 0
2619 4980 0
2619 4987 0
2620 4992 0
2620 4997 0
2621 5000 0
2621 5003 0
2621 5003 0
.PEN_UP
.PEN_DOWN
2323 4782 0
2328 4785 0
2336 4788 0
2351 4791 0
2375 4792 0
2411 4792 0
2454 4790 0
2495 4789 0
2540 4788 0
2589 4786 0
2635 4784 0
2669 4783 0
2692 4783 0
2704 4783 0
2710 4783 0
2713 4783 0
2711 4786 0
2711 4786 0
.PEN_UP
