.VERSION 1.0 
.HIERARCHY CHARACTER
.COORD X Y T
.SEGMENT CHARACTER 0-3 OK "105"
.H_LINE 6249 7124
.V_LINE 499 1250
.X_DIM 750
.Y_DIM 875
.X_POINTS_PER_INCH 1000
.Y_POINTS_PER_INCH 1000
.POINTS_PER_SECOND 125
.COMMENT CALIB X: -52 Y: -209

.WRITER_INFO
 Name: PARVATHI CHARY
 WriterId: 32
 Hand: right
 EducationLevel: post graduate
 Gender: male
 Profession: lecturer
 Region: chennai
 Age: 50
 DeviceType: digimemo a402
 SkillDevice: average
 Language: hindi
 Script: indic
 Native: false
 Style: discrete
 UsageFreq: rarely
 Proficiency: good
 Date: 2007-9-20
 WritingInProfession: no

.PEN_DOWN
790 6456 0
789 6461 0
790 6467 0
791 6477 0
794 6490 0
799 6507 0
804 6525 0
811 6547 0
818 6567 0
824 6586 0
830 6601 0
835 6611 0
839 6617 0
841 6621 0
839 6617 0
835 6611 0
830 6604 0
824 6597 0
814 6592 0
800 6590 0
783 6590 0
766 6592 0
753 6596 0
741 6601 0
733 6608 0
727 6616 0
724 6624 0
723 6631 0
725 6638 0
729 6646 0
737 6653 0
750 6659 0
769 6663 0
797 6665 0
832 6665 0
867 6664 0
899 6662 0
923 6661 0
938 6660 0
946 6660 0
950 6661 0
947 6663 0
945 6666 0
.PEN_UP
.PEN_DOWN
869 6658 0
862 6659 0
852 6663 0
838 6668 0
822 6674 0
808 6680 0
797 6688 0
788 6696 0
781 6703 0
778 6708 0
779 6714 0
786 6719 0
803 6724 0
830 6728 0
862 6730 0
.PEN_UP
.PEN_DOWN
967 6505 0
967 6509 0
969 6517 0
971 6529 0
975 6545 0
980 6567 0
986 6590 0
990 6614 0
992 6634 0
992 6651 0
990 6663 0
985 6672 0
978 6676 0
972 6677 0
966 6675 0
962 6669 0
960 6661 0
960 6652 0
962 6642 0
967 6633 0
976 6626 0
988 6621 0
1001 6617 0
1018 6614 0
1039 6612 0
1063 6610 0
1086 6608 0
1107 6605 0
1124 6601 0
1137 6595 0
1145 6586 0
1150 6575 0
1153 6560 0
1152 6543 0
1148 6528 0
1143 6514 0
1137 6503 0
1133 6494 0
1130 6490 0
1127 6493 0
1126 6501 0
1125 6513 0
1124 6527 0
1124 6546 0
1125 6571 0
1126 6597 0
1128 6623 0
1130 6646 0
1131 6667 0
1132 6684 0
1133 6700 0
1134 6711 0
1135 6718 0
1138 6721 0
.PEN_UP
.PEN_DOWN
766 6499 0
763 6499 0
759 6499 0
755 6499 0
764 6498 0
790 6495 0
831 6493 0
883 6491 0
932 6489 0
989 6487 0
1057 6487 0
1116 6486 0
1160 6486 0
1188 6486 0
1202 6486 0
1209 6485 0
1212 6484 0
1213 6487 0
1213 6491 0
.PEN_UP
