.VERSION 1.0 
.HIERARCHY CHARACTER
.COORD X Y T
.SEGMENT CHARACTER 0-5 OK "11"
.H_LINE 4624 5499
.V_LINE 1999 2749
.X_DIM 749
.Y_DIM 874
.X_POINTS_PER_INCH 1000
.Y_POINTS_PER_INCH 1000
.POINTS_PER_SECOND 125
.COMMENT CALIB X: -30 Y: -118

.WRITER_INFO
 Name: PRANAY SUBBA
 WriterId: 68
 Hand: right
 EducationLevel: high school
 Gender: male
 Profession: student
 Region: darjeeling
 Age: 20
 DeviceType: digimemo a402
 SkillDevice: average
 Language: hindi
 Script: indic
 Native: true
 Style: discrete
 UsageFreq: once a month
 Proficiency: average
 Date: 2007-6-27
 WritingInProfession: no

.PEN_DOWN
2032 5087 0
2034 5084 0
2036 5081 0
2039 5077 0
2043 5073 0
2048 5069 0
2053 5066 0
2059 5063 0
2066 5061 0
2075 5057 0
2084 5055 0
2093 5054 0
2102 5054 0
2109 5056 0
2116 5059 0
2121 5063 0
2125 5069 0
2127 5077 0
2128 5084 0
2128 5092 0
2127 5101 0
2123 5110 0
2117 5119 0
2109 5127 0
2101 5134 0
2094 5140 0
2087 5144 0
2081 5147 0
2077 5148 0
2077 5144 0
2079 5140 0
2082 5136 0
2088 5132 0
2094 5130 0
2102 5128 0
2110 5128 0
2118 5129 0
2126 5132 0
2134 5137 0
2142 5145 0
2151 5154 0
2157 5165 0
2161 5177 0
2163 5188 0
2163 5199 0
2162 5209 0
2160 5217 0
2157 5223 0
2152 5227 0
2146 5229 0
2137 5230 0
2128 5229 0
2118 5226 0
2106 5222 0
2096 5217 0
2089 5213 0
2083 5209 0
2078 5205 0
2072 5195 0
.PEN_UP
.PEN_DOWN
2102 5122 0
2107 5121 0
2116 5121 0
2128 5122 0
2142 5122 0
2158 5121 0
2177 5119 0
2195 5116 0
2210 5113 0
2221 5110 0
2230 5106 0
2236 5102 0
2241 5097 0
2244 5092 0
2247 5086 0
2248 5080 0
2248 5074 0
2248 5069 0
2247 5066 0
2245 5063 0
2243 5067 0
2241 5073 0
2240 5082 0
2240 5095 0
2240 5109 0
2240 5126 0
2240 5145 0
2239 5166 0
2239 5185 0
2239 5202 0
2239 5215 0
2238 5223 0
2238 5228 0
2237 5225 0
2239 5219 0
2241 5208 0
2244 5195 0
.PEN_UP
.PEN_DOWN
2301 5070 0
2302 5074 0
2302 5080 0
2301 5089 0
2299 5102 0
2297 5118 0
2294 5136 0
2291 5152 0
2289 5167 0
2288 5181 0
2288 5190 0
2287 5196 0
2286 5189 0
2288 5177 0
.PEN_UP
.PEN_DOWN
2224 4957 0
2223 4962 0
2221 4967 0
2218 4972 0
2215 4976 0
2212 4979 0
2208 4981 0
2203 4982 0
2200 4982 0
2196 4980 0
2192 4978 0
2189 4972 0
2188 4964 0
2187 4956 0
2188 4948 0
2191 4940 0
2196 4934 0
2203 4929 0
2210 4925 0
2218 4923 0
2227 4923 0
2235 4927 0
2240 4935 0
2247 4944 0
2253 4957 0
2260 4971 0
2266 4986 0
2273 5000 0
2280 5012 0
2288 5022 0
2294 5029 0
2299 5034 0
2303 5036 0
2306 5037 0
2309 5036 0
2313 5033 0
2318 5029 0
2317 5021 0
.PEN_UP
.PEN_DOWN
2306 4894 0
2306 4891 0
2307 4887 0
2310 4883 0
2314 4880 0
2318 4878 0
2323 4877 0
2329 4878 0
2336 4879 0
2342 4882 0
2347 4888 0
2352 4897 0
2356 4908 0
2360 4923 0
2362 4938 0
2362 4954 0
2359 4970 0
2354 4984 0
2349 4998 0
2343 5010 0
2338 5019 0
2334 5027 0
2331 5033 0
2328 5037 0
2326 5041 0
2325 5045 0
2324 5048 0
.PEN_UP
.PEN_DOWN
2158 5063 0
2163 5062 0
2174 5060 0
2190 5059 0
2210 5059 0
2235 5058 0
2266 5058 0
2303 5057 0
2340 5057 0
2374 5057 0
2400 5054 0
2420 5053 0
2431 5051 0
2438 5050 0
2441 5049 0
2438 5050 0
2434 5051 0
.PEN_UP
