.VERSION 1.0 
.HIERARCHY CHARACTER
.COORD X Y T
.SEGMENT CHARACTER 0-2 OK "97"
.H_LINE 2999 3874
.V_LINE 3500 4250
.X_DIM 750
.Y_DIM 874
.X_POINTS_PER_INCH 1000
.Y_POINTS_PER_INCH 1000
.POINTS_PER_SECOND 125
.COMMENT CALIB X: -12 Y: -26

.WRITER_INFO
 Name: PRANAY SUBBA
 WriterId: 68
 Hand: right
 EducationLevel: high school
 Gender: male
 Profession: student
 Region: darjeeling
 Age: 20
 DeviceType: digimemo a402
 SkillDevice: average
 Language: hindi
 Script: indic
 Native: true
 Style: discrete
 UsageFreq: once a month
 Proficiency: average
 Date: 2007-6-27
 WritingInProfession: no

.PEN_DOWN
3745 3431 0
3746 3436 0
3748 3443 0
3749 3452 0
3751 3465 0
3752 3479 0
3753 3492 0
3754 3504 0
3755 3514 0
3755 3522 0
3755 3527 0
3755 3530 0
3755 3526 0
3755 3521 0
3754 3513 0
3752 3502 0
3749 3491 0
3743 3481 0
3735 3474 0
3726 3470 0
3714 3469 0
3701 3470 0
3686 3473 0
3670 3480 0
3657 3491 0
3646 3505 0
3636 3521 0
3630 3537 0
3628 3551 0
3628 3563 0
3633 3571 0
3641 3578 0
3653 3584 0
3667 3587 0
3684 3588 0
3702 3587 0
3717 3585 0
3729 3583 0
3739 3581 0
3746 3579 0
3751 3577 0
3840 3577 0
.PEN_UP
.PEN_DOWN
3734 3595 0
3731 3598 0
3729 3603 0
3727 3608 0
3726 3614 0
3726 3622 0
3726 3628 0
3727 3634 0
3729 3638 0
3731 3641 0
3732 3638 0
3732 3633 0
3729 3627 0
3725 3623 0
3720 3620 0
3712 3618 0
3700 3619 0
3685 3622 0
3668 3627 0
3651 3634 0
3635 3642 0
3623 3650 0
3616 3659 0
3613 3668 0
3613 3675 0
3615 3681 0
3622 3686 0
3634 3690 0
3648 3692 0
3663 3692 0
3680 3691 0
3697 3688 0
3712 3684 0
3721 3676 0
.PEN_UP
.PEN_DOWN
3613 3413 0
3610 3413 0
3607 3414 0
3610 3415 0
3623 3417 0
3646 3420 0
3678 3421 0
3713 3421 0
3747 3419 0
3785 3416 0
3825 3413 0
3863 3410 0
3893 3409 0
3912 3408 0
3922 3408 0
3927 3407 0
3927 3410 0
3921 3405 0
3911 3414 0
.PEN_UP
