.VERSION 1.0 
.HIERARCHY CHARACTER
.COORD X Y T
.SEGMENT CHARACTER 0-3 OK "104"
.H_LINE 4624 5499
.V_LINE 6500 7250
.X_DIM 750
.Y_DIM 874
.X_POINTS_PER_INCH 1000
.Y_POINTS_PER_INCH 1000
.POINTS_PER_SECOND 125
.COMMENT CALIB X: -11 Y: -109

.WRITER_INFO
 Name: PRANAY SUBBA
 WriterId: 68
 Hand: right
 EducationLevel: high school
 Gender: male
 Profession: student
 Region: darjeeling
 Age: 20
 DeviceType: digimemo a402
 SkillDevice: average
 Language: hindi
 Script: indic
 Native: true
 Style: discrete
 UsageFreq: once a month
 Proficiency: average
 Date: 2007-6-27
 WritingInProfession: no

.PEN_DOWN
6823 5072 0
6825 5079 0
6826 5092 0
6826 5109 0
6826 5131 0
6825 5156 0
6823 5183 0
6822 5207 0
6820 5227 0
6818 5243 0
6817 5256 0
6816 5264 0
6816 5269 0
6815 5272 0
6812 5271 0
.PEN_UP
.PEN_DOWN
6806 5148 0
6803 5152 0
6799 5156 0
6794 5160 0
6790 5163 0
6785 5166 0
6781 5168 0
6776 5171 0
6770 5173 0
6764 5175 0
6757 5176 0
6751 5177 0
6745 5177 0
6740 5176 0
6733 5175 0
6727 5174 0
6722 5172 0
6718 5170 0
6715 5168 0
6711 5165 0
6707 5161 0
6704 5158 0
6702 5154 0
6700 5150 0
6699 5145 0
6699 5141 0
6700 5136 0
6701 5131 0
6703 5126 0
6707 5121 0
6712 5117 0
6718 5112 0
6724 5108 0
6731 5105 0
6737 5102 0
6743 5100 0
6749 5099 0
6753 5097 0
6756 5098 0
6759 5100 0
6761 5103 0
6762 5108 0
6762 5113 0
6761 5120 0
6759 5129 0
6757 5140 0
6752 5157 0
6747 5173 0
6741 5189 0
6733 5205 0
6725 5220 0
6715 5233 0
6705 5245 0
6697 5254 0
6691 5260 0
6687 5264 0
6685 5267 0
6688 5263 0
.PEN_UP
.PEN_DOWN
6799 5164 0
6796 5167 0
6792 5172 0
6787 5181 0
6780 5194 0
6773 5210 0
6766 5226 0
6757 5243 0
6751 5258 0
6746 5268 0
6742 5276 0
6739 5280 0
6737 5283 0
6738 5305 0
6742 5286 0
.PEN_UP
.PEN_DOWN
6751 5068 0
6748 5068 0
6752 5068 0
6760 5068 0
6775 5069 0
6797 5069 0
6825 5068 0
6860 5067 0
6895 5066 0
6924 5065 0
6944 5064 0
6955 5063 0
6961 5063 0
6954 5062 0
6941 5065 0
.PEN_UP
