257.0,88.0
258.0,88.0
260.0,88.0
263.0,89.0
264.0,90.0
265.0,90.0
267.0,93.0
268.0,94.0
271.0,96.0
271.0,97.0
272.0,100.0
274.0,102.0
274.0,104.0
275.0,105.0
275.0,108.0
275.0,109.0
275.0,111.0
277.0,114.0
277.0,116.0
277.0,117.0
277.0,121.0
277.0,122.0
277.0,125.0
277.0,127.0
277.0,130.0
277.0,132.0
277.0,135.0
277.0,137.0
275.0,138.0
275.0,141.0
274.0,143.0
274.0,144.0
272.0,147.0
272.0,148.0
271.0,150.0
270.0,152.0
270.0,155.0
268.0,157.0
268.0,159.0
268.0,161.0
268.0,163.0
268.0,165.0
267.0,168.0
267.0,170.0
267.0,172.0
267.0,175.0
267.0,177.0
267.0,179.0
267.0,182.0
267.0,183.0
268.0,186.0
270.0,190.0
272.0,192.0
274.0,195.0
275.0,196.0
277.0,197.0
280.0,199.0
281.0,199.0
284.0,201.0
285.0,202.0
287.0,202.0
288.0,202.0
289.0,203.0
292.0,203.0
294.0,203.0
295.0,203.0
296.0,203.0
299.0,203.0
302.0,203.0
305.0,203.0
308.0,203.0
312.0,203.0
313.0,202.0
318.0,199.0
320.0,197.0
327.0,191.0
332.0,186.0
337.0,181.0
342.0,176.0
345.0,173.0
346.0,172.0
348.0,168.0
349.0,167.0
350.0,165.0
350.0,162.0
352.0,160.0
352.0,159.0
353.0,155.0
353.0,154.0
355.0,152.0
355.0,151.0
355.0,148.0
356.0,147.0
356.0,146.0
356.0,145.0
356.0,142.0
358.0,141.0
358.0,140.0
358.0,139.0
358.0,138.0
-1.0,-1.0
359.0,86.0
359.0,91.0
359.0,96.0
357.0,105.0
357.0,113.0
357.0,131.0
357.0,142.0
357.0,164.0
357.0,175.0
357.0,201.0
357.0,217.0
357.0,233.0
357.0,241.0
357.0,246.0
357.0,248.0
357.0,249.0
357.0,251.0
357.0,252.0
-1.0,-1.0
211.0,94.0
214.0,93.0
219.0,91.0
224.0,91.0
231.0,90.0
235.0,90.0
243.0,89.0
247.0,89.0
257.0,89.0
263.0,89.0
267.0,89.0
271.0,89.0
276.0,89.0
285.0,89.0
291.0,89.0
300.0,89.0
304.0,89.0
315.0,89.0
322.0,89.0
334.0,89.0
344.0,87.0
356.0,87.0
365.0,85.0
374.0,85.0
375.0,85.0
378.0,85.0
380.0,85.0
381.0,85.0
382.0,85.0
384.0,85.0
385.0,85.0
387.0,85.0
388.0,85.0
389.0,85.0
391.0,85.0
392.0,85.0
394.0,85.0
397.0,85.0
398.0,85.0
399.0,85.0
401.0,84.0
402.0,84.0
404.0,84.0
405.0,84.0
406.0,84.0
408.0,84.0
409.0,84.0
408.0,84.0
406.0,84.0
406.0,85.0
405.0,85.0
404.0,85.0
402.0,85.0
402.0,87.0
401.0,87.0
399.0,88.0
399.0,89.0
398.0,89.0
398.0,90.0
397.0,90.0
395.0,90.0
395.0,91.0
395.0,92.0
-1.0,-1.0
 
187.0,112.0
188.0,112.0
191.0,113.0
193.0,114.0
195.0,117.0
197.0,118.0
198.0,120.0
200.0,123.0
201.0,125.0
201.0,126.0
201.0,129.0
201.0,131.0
201.0,133.0
201.0,136.0
201.0,139.0
201.0,141.0
198.0,145.0
195.0,147.0
193.0,151.0
190.0,153.0
185.0,157.0
183.0,159.0
178.0,161.0
177.0,164.0
174.0,166.0
171.0,167.0
170.0,170.0
169.0,171.0
169.0,173.0
169.0,174.0
169.0,175.0
167.0,177.0
167.0,178.0
167.0,181.0
167.0,184.0
167.0,186.0
167.0,188.0
167.0,191.0
167.0,192.0
169.0,194.0
170.0,195.0
173.0,197.0
173.0,198.0
174.0,199.0
176.0,199.0
177.0,199.0
178.0,199.0
180.0,199.0
183.0,199.0
184.0,199.0
187.0,199.0
191.0,199.0
219.0,202.0
252.0,207.0
293.0,218.0
309.0,226.0
330.0,233.0
337.0,239.0
342.0,241.0
344.0,242.0
345.0,242.0
345.0,243.0
-1.0,-1.0
 
 
 
