359.0,83.0
362.0,83.0
365.0,83.0
369.0,83.0
372.0,83.0
376.0,83.0
380.0,83.0
383.0,83.0
385.0,83.0
387.0,83.0
392.0,86.0
393.0,87.0
396.0,89.0
397.0,90.0
399.0,93.0
400.0,94.0
402.0,97.0
402.0,99.0
403.0,102.0
403.0,104.0
403.0,108.0
403.0,110.0
403.0,114.0
403.0,116.0
403.0,117.0
403.0,120.0
403.0,122.0
403.0,125.0
403.0,128.0
402.0,133.0
400.0,136.0
399.0,141.0
397.0,144.0
393.0,151.0
392.0,156.0
387.0,163.0
386.0,165.0
383.0,170.0
382.0,174.0
379.0,177.0
379.0,179.0
378.0,182.0
376.0,184.0
376.0,185.0
376.0,187.0
375.0,188.0
375.0,190.0
375.0,191.0
375.0,192.0
375.0,194.0
375.0,196.0
375.0,198.0
375.0,202.0
375.0,203.0
375.0,205.0
375.0,208.0
378.0,210.0
379.0,211.0
382.0,213.0
385.0,216.0
386.0,217.0
387.0,217.0
390.0,218.0
394.0,221.0
397.0,222.0
400.0,222.0
403.0,223.0
407.0,223.0
410.0,223.0
414.0,223.0
416.0,223.0
420.0,223.0
423.0,222.0
425.0,221.0
428.0,219.0
431.0,218.0
433.0,217.0
435.0,215.0
437.0,213.0
440.0,210.0
441.0,208.0
442.0,204.0
444.0,202.0
445.0,199.0
447.0,197.0
447.0,196.0
447.0,195.0
-1.0,-1.0
440.0,87.0
440.0,90.0
440.0,97.0
441.0,102.0
441.0,111.0
441.0,116.0
441.0,118.0
442.0,122.0
442.0,125.0
444.0,141.0
446.0,172.0
450.0,204.0
450.0,223.0
452.0,230.0
452.0,238.0
452.0,242.0
452.0,248.0
452.0,252.0
454.0,256.0
454.0,257.0
454.0,259.0
454.0,260.0
454.0,263.0
454.0,264.0
454.0,265.0
454.0,266.0
454.0,267.0
454.0,269.0
454.0,270.0
454.0,272.0
454.0,273.0
455.0,277.0
455.0,279.0
455.0,280.0
455.0,282.0
455.0,283.0
-1.0,-1.0
353.0,82.0
356.0,82.0
358.0,82.0
362.0,82.0
365.0,82.0
372.0,82.0
377.0,82.0
383.0,82.0
387.0,82.0
390.0,82.0
394.0,82.0
398.0,82.0
404.0,82.0
408.0,82.0
415.0,82.0
418.0,82.0
425.0,82.0
431.0,82.0
436.0,82.0
439.0,82.0
444.0,82.0
446.0,82.0
451.0,82.0
453.0,82.0
455.0,82.0
456.0,82.0
458.0,82.0
460.0,82.0
462.0,82.0
463.0,82.0
465.0,82.0
466.0,82.0
467.0,82.0
469.0,82.0
470.0,82.0
472.0,82.0
473.0,82.0
474.0,82.0
476.0,82.0
477.0,82.0
479.0,82.0
480.0,82.0
482.0,82.0
483.0,82.0
484.0,82.0
-1.0,-1.0
 
