232.0,105.0
233.0,105.0
236.0,105.0
239.0,105.0
240.0,105.0
242.0,106.0
244.0,107.0
249.0,109.0
250.0,111.0
253.0,113.0
256.0,115.0
257.0,118.0
258.0,119.0
260.0,121.0
260.0,124.0
261.0,126.0
263.0,127.0
263.0,128.0
263.0,129.0
263.0,132.0
263.0,133.0
263.0,134.0
263.0,138.0
263.0,141.0
263.0,146.0
263.0,147.0
263.0,151.0
263.0,153.0
261.0,155.0
261.0,156.0
261.0,158.0
260.0,159.0
260.0,161.0
258.0,165.0
256.0,168.0
254.0,172.0
253.0,174.0
251.0,176.0
250.0,178.0
249.0,179.0
247.0,180.0
246.0,181.0
246.0,182.0
244.0,182.0
244.0,183.0
243.0,185.0
243.0,186.0
243.0,187.0
242.0,188.0
242.0,189.0
242.0,190.0
240.0,190.0
240.0,192.0
240.0,193.0
240.0,194.0
240.0,195.0
243.0,197.0
244.0,199.0
249.0,200.0
251.0,202.0
256.0,203.0
258.0,204.0
263.0,207.0
265.0,207.0
270.0,208.0
271.0,208.0
273.0,208.0
274.0,208.0
275.0,208.0
278.0,208.0
280.0,208.0
282.0,208.0
284.0,208.0
287.0,208.0
289.0,208.0
294.0,208.0
296.0,208.0
302.0,208.0
305.0,208.0
311.0,208.0
313.0,208.0
318.0,208.0
320.0,208.0
325.0,208.0
327.0,208.0
332.0,207.0
333.0,206.0
337.0,203.0
339.0,201.0
343.0,197.0
344.0,196.0
347.0,192.0
349.0,189.0
350.0,186.0
351.0,182.0
353.0,180.0
353.0,178.0
354.0,174.0
354.0,173.0
356.0,170.0
356.0,168.0
356.0,166.0
356.0,165.0
356.0,162.0
356.0,161.0
356.0,160.0
356.0,159.0
356.0,158.0
356.0,155.0
356.0,154.0
356.0,151.0
356.0,148.0
356.0,145.0
356.0,142.0
356.0,139.0
356.0,138.0
356.0,136.0
356.0,135.0
356.0,134.0
356.0,132.0
356.0,129.0
356.0,128.0
356.0,125.0
354.0,122.0
354.0,120.0
354.0,119.0
354.0,116.0
354.0,115.0
354.0,114.0
353.0,112.0
353.0,109.0
353.0,108.0
351.0,107.0
351.0,105.0
351.0,104.0
351.0,101.0
351.0,100.0
350.0,99.0
350.0,100.0
350.0,102.0
350.0,106.0
350.0,109.0
350.0,116.0
350.0,126.0
350.0,134.0
350.0,141.0
350.0,145.0
350.0,153.0
351.0,156.0
351.0,163.0
353.0,167.0
353.0,173.0
354.0,175.0
354.0,179.0
356.0,181.0
356.0,185.0
356.0,187.0
356.0,190.0
357.0,193.0
357.0,195.0
357.0,197.0
357.0,199.0
357.0,200.0
357.0,201.0
357.0,202.0
358.0,203.0
358.0,204.0
358.0,206.0
358.0,207.0
358.0,208.0
360.0,213.0
360.0,217.0
361.0,226.0
361.0,236.0
364.0,246.0
364.0,251.0
365.0,254.0
365.0,256.0
365.0,260.0
366.0,261.0
366.0,263.0
366.0,264.0
366.0,266.0
366.0,267.0
-1.0,-1.0
214.0,96.0
217.0,95.0
220.0,94.0
226.0,93.0
230.0,92.0
237.0,92.0
241.0,90.0
251.0,90.0
256.0,90.0
264.0,90.0
268.0,90.0
271.0,92.0
272.0,92.0
276.0,92.0
280.0,93.0
283.0,93.0
285.0,93.0
287.0,94.0
290.0,94.0
294.0,95.0
297.0,95.0
302.0,96.0
306.0,96.0
311.0,97.0
314.0,97.0
318.0,97.0
321.0,97.0
325.0,97.0
328.0,97.0
331.0,97.0
332.0,97.0
335.0,97.0
338.0,97.0
340.0,97.0
344.0,99.0
345.0,99.0
348.0,99.0
351.0,99.0
354.0,99.0
356.0,99.0
361.0,99.0
363.0,99.0
368.0,99.0
370.0,99.0
373.0,99.0
376.0,99.0
379.0,99.0
380.0,99.0
382.0,99.0
383.0,99.0
385.0,99.0
386.0,99.0
387.0,99.0
389.0,99.0
390.0,99.0
392.0,99.0
393.0,99.0
394.0,99.0
-1.0,-1.0
396.0,157.0
397.0,157.0
399.0,157.0
400.0,157.0
402.0,157.0
-1.0,-1.0
320.0,377.0
321.0,376.0
323.0,376.0
324.0,376.0
325.0,376.0
327.0,376.0
328.0,376.0
330.0,376.0
-1.0,-1.0
 
