232.0,100.0
232.0,102.0
234.0,103.0
235.0,103.0
235.0,104.0
236.0,107.0
238.0,109.0
239.0,111.0
239.0,112.0
241.0,115.0
241.0,116.0
242.0,117.0
242.0,118.0
242.0,121.0
242.0,123.0
242.0,124.0
242.0,125.0
243.0,125.0
243.0,127.0
243.0,128.0
243.0,129.0
243.0,130.0
243.0,131.0
243.0,132.0
243.0,135.0
243.0,136.0
243.0,137.0
242.0,138.0
242.0,141.0
241.0,143.0
239.0,145.0
238.0,148.0
238.0,149.0
238.0,150.0
236.0,152.0
235.0,155.0
235.0,157.0
234.0,159.0
232.0,162.0
231.0,164.0
231.0,166.0
231.0,169.0
229.0,170.0
229.0,171.0
228.0,172.0
228.0,174.0
228.0,175.0
228.0,177.0
227.0,178.0
227.0,181.0
225.0,182.0
225.0,184.0
225.0,186.0
225.0,189.0
224.0,191.0
224.0,193.0
224.0,195.0
224.0,196.0
224.0,197.0
225.0,198.0
227.0,200.0
229.0,202.0
231.0,203.0
232.0,204.0
236.0,205.0
242.0,206.0
245.0,208.0
250.0,209.0
255.0,209.0
260.0,209.0
263.0,209.0
266.0,209.0
270.0,209.0
274.0,209.0
283.0,205.0
288.0,203.0
296.0,197.0
299.0,193.0
305.0,186.0
310.0,180.0
318.0,172.0
323.0,166.0
327.0,159.0
331.0,155.0
334.0,148.0
337.0,144.0
340.0,136.0
342.0,131.0
343.0,126.0
345.0,123.0
345.0,119.0
345.0,117.0
346.0,113.0
346.0,111.0
346.0,110.0
346.0,109.0
345.0,109.0
343.0,109.0
342.0,109.0
342.0,110.0
342.0,112.0
341.0,113.0
341.0,115.0
341.0,116.0
339.0,117.0
338.0,122.0
336.0,125.0
335.0,130.0
335.0,133.0
335.0,137.0
333.0,140.0
333.0,144.0
333.0,148.0
333.0,150.0
333.0,152.0
333.0,155.0
333.0,159.0
333.0,163.0
333.0,167.0
333.0,171.0
335.0,176.0
336.0,178.0
336.0,180.0
336.0,183.0
338.0,186.0
339.0,191.0
339.0,194.0
341.0,198.0
341.0,200.0
342.0,203.0
342.0,205.0
342.0,207.0
343.0,209.0
343.0,210.0
343.0,211.0
343.0,212.0
343.0,214.0
345.0,217.0
345.0,218.0
345.0,219.0
345.0,220.0
-1.0,-1.0
176.0,100.0
178.0,100.0
183.0,99.0
187.0,99.0
195.0,99.0
201.0,99.0
211.0,99.0
215.0,99.0
223.0,99.0
228.0,99.0
232.0,99.0
235.0,99.0
239.0,99.0
247.0,99.0
253.0,99.0
260.0,99.0
263.0,99.0
266.0,99.0
268.0,99.0
273.0,99.0
275.0,99.0
280.0,99.0
283.0,99.0
287.0,99.0
290.0,99.0
294.0,99.0
297.0,99.0
299.0,99.0
302.0,99.0
306.0,99.0
309.0,99.0
313.0,100.0
316.0,100.0
319.0,100.0
321.0,100.0
325.0,100.0
332.0,102.0
336.0,102.0
342.0,103.0
344.0,103.0
349.0,104.0
351.0,104.0
354.0,104.0
357.0,105.0
360.0,105.0
361.0,105.0
364.0,105.0
366.0,105.0
367.0,105.0
368.0,105.0
370.0,106.0
371.0,106.0
373.0,106.0
374.0,107.0
375.0,107.0
377.0,107.0
378.0,107.0
380.0,107.0
381.0,107.0
382.0,109.0
-1.0,-1.0
 
