116.0,99.0
119.0,99.0
120.0,99.0
122.0,99.0
123.0,99.0
126.0,100.0
127.0,102.0
129.0,103.0
130.0,104.0
133.0,105.0
134.0,106.0
134.0,107.0
136.0,109.0
136.0,110.0
137.0,112.0
138.0,113.0
140.0,116.0
140.0,118.0
141.0,122.0
143.0,124.0
143.0,129.0
144.0,132.0
144.0,134.0
144.0,138.0
144.0,143.0
146.0,150.0
146.0,154.0
146.0,159.0
146.0,163.0
146.0,167.0
146.0,170.0
146.0,174.0
146.0,177.0
146.0,179.0
146.0,181.0
144.0,184.0
144.0,185.0
143.0,187.0
141.0,190.0
140.0,191.0
138.0,193.0
137.0,194.0
136.0,195.0
134.0,195.0
133.0,197.0
131.0,198.0
129.0,199.0
127.0,200.0
126.0,201.0
124.0,201.0
123.0,202.0
123.0,204.0
122.0,204.0
122.0,205.0
122.0,207.0
123.0,208.0
126.0,211.0
129.0,213.0
134.0,217.0
138.0,219.0
144.0,221.0
147.0,222.0
151.0,224.0
154.0,225.0
160.0,225.0
162.0,226.0
164.0,226.0
165.0,226.0
168.0,227.0
172.0,227.0
175.0,227.0
181.0,227.0
184.0,227.0
188.0,227.0
191.0,227.0
193.0,227.0
196.0,227.0
200.0,226.0
203.0,225.0
207.0,222.0
210.0,221.0
215.0,219.0
217.0,217.0
220.0,213.0
223.0,210.0
224.0,208.0
227.0,205.0
229.0,201.0
241.0,182.0
252.0,164.0
265.0,135.0
272.0,124.0
276.0,113.0
279.0,104.0
283.0,92.0
283.0,84.0
285.0,76.0
287.0,71.0
287.0,65.0
287.0,61.0
287.0,57.0
287.0,55.0
287.0,51.0
288.0,49.0
288.0,45.0
288.0,43.0
288.0,38.0
288.0,35.0
288.0,30.0
288.0,28.0
288.0,25.0
288.0,24.0
288.0,23.0
288.0,24.0
288.0,25.0
288.0,27.0
288.0,28.0
288.0,29.0
288.0,30.0
288.0,31.0
288.0,33.0
288.0,34.0
288.0,36.0
288.0,37.0
288.0,41.0
288.0,44.0
287.0,49.0
287.0,52.0
285.0,62.0
285.0,67.0
285.0,76.0
283.0,86.0
283.0,102.0
283.0,109.0
283.0,113.0
283.0,116.0
283.0,121.0
283.0,136.0
283.0,146.0
283.0,152.0
283.0,157.0
283.0,163.0
283.0,186.0
283.0,201.0
283.0,216.0
283.0,221.0
283.0,225.0
283.0,227.0
283.0,231.0
283.0,232.0
283.0,235.0
283.0,236.0
283.0,239.0
283.0,240.0
283.0,241.0
283.0,242.0
283.0,243.0
283.0,245.0
-1.0,-1.0
90.0,57.0
93.0,57.0
94.0,57.0
98.0,55.0
103.0,54.0
107.0,54.0
110.0,54.0
115.0,53.0
118.0,53.0
124.0,52.0
127.0,52.0
132.0,52.0
136.0,51.0
139.0,51.0
142.0,51.0
148.0,51.0
153.0,51.0
158.0,51.0
166.0,51.0
170.0,51.0
177.0,51.0
182.0,51.0
189.0,50.0
193.0,50.0
204.0,50.0
210.0,50.0
218.0,50.0
222.0,50.0
227.0,50.0
231.0,50.0
236.0,50.0
239.0,50.0
245.0,50.0
248.0,50.0
252.0,50.0
255.0,50.0
260.0,50.0
265.0,50.0
269.0,50.0
272.0,50.0
276.0,50.0
280.0,50.0
284.0,50.0
287.0,50.0
291.0,50.0
294.0,48.0
298.0,48.0
300.0,48.0
303.0,47.0
304.0,47.0
307.0,47.0
308.0,47.0
310.0,47.0
311.0,47.0
314.0,47.0
315.0,47.0
318.0,47.0
319.0,47.0
324.0,47.0
327.0,47.0
329.0,47.0
331.0,47.0
335.0,47.0
336.0,47.0
339.0,47.0
341.0,47.0
343.0,47.0
345.0,47.0
346.0,47.0
348.0,47.0
349.0,47.0
350.0,47.0
352.0,47.0
353.0,47.0
355.0,47.0
-1.0,-1.0
 
