323.0,137.0
326.0,135.0
352.0,148.0
350.0,150.0
350.0,156.0
348.0,160.0
345.0,164.0
344.0,168.0
340.0,172.0
337.0,174.0
335.0,177.0
334.0,179.0
331.0,182.0
329.0,183.0
326.0,184.0
324.0,186.0
321.0,186.0
317.0,187.0
315.0,188.0
317.0,189.0
321.0,192.0
324.0,195.0
328.0,196.0
332.0,199.0
336.0,200.0
343.0,201.0
348.0,201.0
351.0,201.0
356.0,199.0
362.0,198.0
364.0,195.0
370.0,192.0
373.0,190.0
375.0,186.0
379.0,182.0
381.0,178.0
384.0,172.0
385.0,169.0
386.0,165.0
387.0,161.0
389.0,158.0
390.0,154.0
390.0,150.0
391.0,146.0
391.0,143.0
391.0,141.0
392.0,137.0
392.0,133.0
392.0,131.0
392.0,129.0
390.0,132.0
390.0,135.0
391.0,137.0
389.0,140.0
389.0,142.0
390.0,144.0
390.0,148.0
390.0,151.0
391.0,155.0
391.0,157.0
391.0,161.0
392.0,165.0
392.0,168.0
392.0,171.0
392.0,175.0
392.0,177.0
393.0,181.0
393.0,183.0
393.0,186.0
394.0,188.0
394.0,190.0
394.0,193.0
395.0,195.0
395.0,197.0
395.0,201.0
395.0,203.0
395.0,206.0
395.0,208.0
395.0,210.0
395.0,214.0
395.0,217.0
395.0,219.0
395.0,217.0
-1.0,-1.0
271.0,132.0
274.0,132.0
277.0,132.0
280.0,132.0
282.0,132.0
285.0,133.0
287.0,133.0
289.0,133.0
291.0,133.0
294.0,133.0
296.0,133.0
300.0,133.0
302.0,133.0
305.0,133.0
308.0,131.0
311.0,131.0
313.0,131.0
317.0,131.0
319.0,131.0
323.0,131.0
326.0,129.0
328.0,129.0
330.0,129.0
334.0,130.0
336.0,130.0
339.0,130.0
341.0,130.0
343.0,130.0
347.0,130.0
349.0,130.0
352.0,130.0
354.0,128.0
357.0,128.0
360.0,128.0
363.0,128.0
367.0,128.0
369.0,128.0
371.0,128.0
375.0,128.0
377.0,128.0
380.0,128.0
382.0,126.0
386.0,126.0
388.0,126.0
390.0,126.0
393.0,126.0
395.0,126.0
397.0,126.0
401.0,126.0
405.0,126.0
407.0,126.0
410.0,124.0
412.0,124.0
414.0,124.0
417.0,124.0
419.0,124.0
421.0,124.0
424.0,122.0
426.0,122.0
427.0,119.0
-1.0,-1.0
 
