288.0,211.0
292.0,215.0
293.0,217.0
294.0,220.0
296.0,222.0
297.0,225.0
297.0,227.0
298.0,230.0
298.0,232.0
298.0,236.0
296.0,238.0
296.0,240.0
294.0,243.0
293.0,247.0
292.0,252.0
290.0,255.0
290.0,257.0
288.0,260.0
288.0,262.0
286.0,264.0
286.0,267.0
286.0,269.0
286.0,271.0
286.0,275.0
286.0,277.0
286.0,280.0
287.0,282.0
287.0,284.0
288.0,287.0
289.0,289.0
292.0,293.0
294.0,295.0
298.0,297.0
302.0,300.0
306.0,301.0
308.0,301.0
311.0,301.0
315.0,302.0
319.0,302.0
324.0,302.0
326.0,302.0
329.0,302.0
332.0,302.0
335.0,302.0
337.0,300.0
341.0,299.0
343.0,299.0
346.0,296.0
350.0,293.0
353.0,291.0
355.0,287.0
358.0,284.0
360.0,282.0
362.0,279.0
364.0,275.0
367.0,269.0
370.0,261.0
373.0,257.0
375.0,252.0
376.0,248.0
377.0,240.0
379.0,238.0
380.0,234.0
380.0,232.0
381.0,228.0
381.0,222.0
382.0,217.0
382.0,213.0
383.0,210.0
381.0,213.0
381.0,216.0
381.0,218.0
381.0,222.0
381.0,224.0
379.0,230.0
379.0,232.0
379.0,237.0
379.0,241.0
379.0,245.0
379.0,250.0
379.0,253.0
379.0,257.0
379.0,259.0
379.0,263.0
379.0,267.0
379.0,269.0
379.0,273.0
379.0,277.0
379.0,279.0
380.0,283.0
380.0,287.0
380.0,291.0
380.0,294.0
380.0,298.0
381.0,304.0
381.0,306.0
381.0,310.0
381.0,312.0
381.0,316.0
381.0,318.0
381.0,321.0
382.0,323.0
378.0,315.0
-1.0,-1.0
243.0,195.0
245.0,195.0
247.0,196.0
250.0,196.0
254.0,197.0
259.0,197.0
266.0,198.0
272.0,198.0
279.0,198.0
285.0,199.0
292.0,199.0
302.0,199.0
307.0,200.0
313.0,200.0
320.0,200.0
325.0,201.0
331.0,201.0
338.0,201.0
344.0,202.0
351.0,202.0
359.0,203.0
364.0,203.0
371.0,203.0
377.0,203.0
381.0,203.0
388.0,204.0
392.0,204.0
396.0,204.0
400.0,205.0
407.0,205.0
409.0,205.0
411.0,205.0
415.0,205.0
418.0,205.0
420.0,205.0
422.0,205.0
425.0,205.0
426.0,205.0
-1.0,-1.0
 
