62.0,80.0
65.0,80.0
68.0,80.0
74.0,80.0
79.0,80.0
85.0,80.0
89.0,80.0
93.0,80.0
95.0,80.0
99.0,81.0
103.0,83.0
107.0,85.0
112.0,87.0
113.0,88.0
116.0,91.0
117.0,93.0
119.0,95.0
120.0,97.0
120.0,99.0
121.0,101.0
121.0,105.0
123.0,107.0
123.0,111.0
123.0,113.0
123.0,117.0
123.0,120.0
123.0,124.0
123.0,126.0
123.0,131.0
121.0,133.0
119.0,137.0
117.0,139.0
114.0,144.0
112.0,146.0
109.0,151.0
106.0,153.0
104.0,155.0
103.0,158.0
100.0,160.0
97.0,164.0
95.0,166.0
92.0,169.0
90.0,172.0
88.0,175.0
86.0,178.0
86.0,180.0
85.0,181.0
83.0,183.0
83.0,187.0
82.0,189.0
82.0,192.0
81.0,193.0
81.0,195.0
81.0,196.0
81.0,198.0
81.0,199.0
81.0,200.0
81.0,202.0
81.0,203.0
81.0,206.0
81.0,207.0
81.0,208.0
81.0,210.0
82.0,213.0
83.0,214.0
86.0,217.0
88.0,219.0
93.0,222.0
97.0,225.0
104.0,227.0
110.0,228.0
116.0,229.0
120.0,229.0
126.0,229.0
130.0,229.0
135.0,229.0
141.0,229.0
148.0,229.0
154.0,228.0
164.0,226.0
169.0,223.0
178.0,220.0
182.0,219.0
185.0,217.0
188.0,215.0
190.0,213.0
196.0,210.0
200.0,208.0
204.0,205.0
207.0,203.0
211.0,199.0
214.0,197.0
215.0,196.0
218.0,194.0
222.0,189.0
234.0,170.0
242.0,156.0
254.0,135.0
256.0,127.0
260.0,119.0
262.0,111.0
264.0,103.0
266.0,101.0
266.0,96.0
266.0,94.0
266.0,91.0
266.0,88.0
266.0,85.0
266.0,82.0
266.0,79.0
266.0,76.0
266.0,73.0
266.0,71.0
266.0,66.0
267.0,62.0
267.0,58.0
268.0,55.0
268.0,52.0
268.0,50.0
268.0,48.0
268.0,47.0
268.0,46.0
268.0,47.0
268.0,48.0
268.0,50.0
268.0,51.0
268.0,53.0
268.0,55.0
268.0,60.0
267.0,64.0
266.0,69.0
266.0,73.0
264.0,80.0
263.0,85.0
261.0,92.0
261.0,96.0
260.0,111.0
260.0,126.0
260.0,150.0
260.0,157.0
257.0,176.0
257.0,191.0
257.0,210.0
257.0,219.0
257.0,235.0
257.0,246.0
257.0,264.0
257.0,274.0
257.0,288.0
257.0,295.0
260.0,301.0
260.0,304.0
261.0,307.0
261.0,310.0
261.0,311.0
261.0,312.0
261.0,313.0
261.0,314.0
261.0,317.0
261.0,318.0
-1.0,-1.0
50.0,63.0
54.0,63.0
58.0,63.0
64.0,63.0
69.0,63.0
78.0,63.0
84.0,63.0
93.0,63.0
98.0,63.0
106.0,63.0
110.0,63.0
115.0,63.0
119.0,62.0
123.0,62.0
133.0,61.0
138.0,61.0
146.0,61.0
150.0,61.0
158.0,60.0
168.0,60.0
184.0,57.0
196.0,55.0
214.0,53.0
224.0,52.0
239.0,52.0
246.0,50.0
250.0,50.0
254.0,50.0
259.0,50.0
266.0,50.0
273.0,50.0
283.0,50.0
291.0,50.0
298.0,50.0
303.0,50.0
311.0,50.0
317.0,50.0
323.0,50.0
324.0,50.0
328.0,50.0
330.0,50.0
331.0,50.0
332.0,50.0
334.0,50.0
335.0,50.0
-1.0,-1.0
 
