281.0,109.0
283.0,109.0
287.0,109.0
291.0,110.0
295.0,111.0
297.0,114.0
299.0,116.0
301.0,120.0
301.0,124.0
301.0,128.0
301.0,130.0
301.0,132.0
298.0,135.0
297.0,141.0
294.0,147.0
289.0,151.0
288.0,155.0
288.0,157.0
289.0,161.0
289.0,163.0
290.0,166.0
294.0,170.0
296.0,172.0
299.0,174.0
301.0,174.0
304.0,175.0
306.0,175.0
310.0,175.0
312.0,173.0
316.0,173.0
319.0,170.0
323.0,169.0
327.0,167.0
329.0,165.0
332.0,162.0
334.0,160.0
337.0,157.0
338.0,155.0
341.0,152.0
342.0,148.0
343.0,144.0
346.0,138.0
348.0,131.0
349.0,128.0
350.0,126.0
350.0,122.0
350.0,119.0
351.0,117.0
351.0,113.0
351.0,109.0
352.0,107.0
353.0,110.0
353.0,113.0
353.0,115.0
353.0,117.0
353.0,120.0
353.0,124.0
353.0,126.0
353.0,128.0
353.0,130.0
353.0,134.0
353.0,137.0
353.0,140.0
353.0,143.0
353.0,145.0
353.0,147.0
353.0,150.0
353.0,152.0
353.0,154.0
354.0,158.0
354.0,162.0
354.0,164.0
355.0,167.0
355.0,169.0
356.0,172.0
356.0,174.0
356.0,176.0
357.0,179.0
357.0,181.0
358.0,185.0
358.0,187.0
359.0,190.0
359.0,192.0
361.0,195.0
-1.0,-1.0
250.0,109.0
252.0,109.0
257.0,109.0
263.0,109.0
268.0,109.0
272.0,109.0
276.0,109.0
281.0,109.0
285.0,109.0
289.0,109.0
293.0,110.0
298.0,110.0
306.0,108.0
310.0,108.0
315.0,108.0
320.0,108.0
326.0,106.0
331.0,106.0
335.0,106.0
341.0,104.0
346.0,104.0
350.0,104.0
355.0,104.0
359.0,104.0
363.0,104.0
367.0,104.0
371.0,104.0
374.0,104.0
380.0,104.0
385.0,104.0
391.0,102.0
398.0,102.0
400.0,102.0
403.0,102.0
405.0,102.0
408.0,100.0
410.0,100.0
411.0,98.0
-1.0,-1.0
 
