.VERSION 1.0 
.HIERARCHY CHARACTER
.COORD X Y T
.SEGMENT CHARACTER 0-2 OK "4"
.H_LINE 1374 2249
.V_LINE 6500 7250
.X_DIM 750
.Y_DIM 874
.X_POINTS_PER_INCH 1000
.Y_POINTS_PER_INCH 1000
.POINTS_PER_SECOND 125
.COMMENT CALIB X: 22 Y: -100

.WRITER_INFO
 Name: PRADEEP NARAYAN
 WriterId: 20
 Hand: right
 EducationLevel: college graduate
 Gender: male
 Profession: student
 Region: mangalore
 Age: 21
 DeviceType: digimemo a402
 SkillDevice: average
 Language: hindi
 Script: indic
 Native: false
 Style: discrete
 UsageFreq: once a month
 Proficiency: good
 Date: 2007-6-13
 WritingInProfession: no

.PEN_DOWN
6830 1744 0
6829 1748 0
6830 1755 0
6832 1763 0
6835 1770 0
6839 1778 0
6845 1785 0
6851 1791 0
6856 1794 0
6859 1796 0
6857 1792 0
6852 1787 0
6845 1782 0
6836 1777 0
6824 1776 0
6812 1776 0
6803 1777 0
6797 1781 0
6792 1786 0
6788 1793 0
6788 1800 0
6789 1806 0
6792 1813 0
6797 1819 0
6804 1825 0
6811 1832 0
6817 1840 0
6823 1849 0
6827 1858 0
6829 1868 0
6830 1878 0
6829 1887 0
6826 1894 0
6820 1899 0
6812 1903 0
6803 1904 0
6795 1903 0
6788 1898 0
6784 1892 0
6783 1886 0
6783 1882 0
6784 1879 0
6788 1877 0
6793 1877 0
6800 1879 0
6808 1883 0
6817 1887 0
6826 1892 0
6834 1898 0
6841 1905 0
6849 1913 0
6857 1921 0
6865 1929 0
6876 1935 0
6888 1938 0
6901 1937 0
.PEN_UP
.PEN_DOWN
6842 1756 0
6840 1753 0
6836 1748 0
6831 1741 0
6826 1730 0
6820 1718 0
6813 1702 0
6807 1685 0
6803 1666 0
6802 1648 0
6803 1634 0
6806 1623 0
6813 1614 0
6823 1608 0
6837 1605 0
6850 1606 0
6862 1610 0
6873 1618 0
6883 1631 0
6891 1646 0
6895 1661 0
.PEN_UP
.PEN_DOWN
6728 1726 0
6725 1724 0
6735 1722 0
6750 1722 0
6771 1722 0
6800 1723 0
6834 1725 0
6873 1726 0
6913 1728 0
6948 1730 0
.PEN_UP
