.VERSION 1.0 
.HIERARCHY CHARACTER
.COORD X Y T
.SEGMENT CHARACTER 0-1 OK "99"
.H_LINE 2999 3874
.V_LINE 6500 7250
.X_DIM 750
.Y_DIM 874
.X_POINTS_PER_INCH 1000
.Y_POINTS_PER_INCH 1000
.POINTS_PER_SECOND 125
.COMMENT CALIB X: 42 Y: -133

.WRITER_INFO
 Name: PRADEEP NARAYAN
 WriterId: 20
 Hand: right
 EducationLevel: college graduate
 Gender: male
 Profession: student
 Region: mangalore
 Age: 21
 DeviceType: digimemo a402
 SkillDevice: average
 Language: hindi
 Script: indic
 Native: false
 Style: discrete
 UsageFreq: once a month
 Proficiency: good
 Date: 2007-6-13
 WritingInProfession: no

.PEN_DOWN
6816 3324 0
6817 3320 0
6820 3323 0
6821 3326 0
6822 3330 0
6824 3335 0
6825 3340 0
6826 3345 0
6827 3351 0
6828 3357 0
6829 3361 0
6830 3364 0
6827 3362 0
6823 3362 0
6818 3361 0
6813 3361 0
6805 3362 0
6798 3364 0
6792 3366 0
6785 3370 0
6780 3373 0
6777 3376 0
6775 3382 0
6773 3388 0
6772 3394 0
6771 3400 0
6772 3407 0
6772 3416 0
6772 3424 0
6773 3431 0
6774 3437 0
6777 3442 0
6781 3447 0
6785 3451 0
6790 3455 0
6796 3458 0
6803 3461 0
6810 3462 0
6817 3463 0
6822 3464 0
6825 3464 0
6828 3462 0
6830 3459 0
6827 3459 0
6824 3460 0
6821 3460 0
6818 3461 0
6815 3462 0
6812 3463 0
6809 3465 0
6806 3467 0
6802 3471 0
6800 3475 0
6798 3479 0
6797 3483 0
6796 3489 0
6796 3495 0
6796 3502 0
6796 3509 0
6797 3516 0
6798 3522 0
6801 3528 0
6805 3533 0
6809 3538 0
6817 3541 0
6827 3542 0
6839 3540 0
6853 3537 0
6866 3532 0
6874 3526 0
6878 3519 0
6880 3511 0
6879 3504 0
6876 3499 0
6873 3496 0
6870 3494 0
6867 3496 0
6865 3500 0
6864 3505 0
6865 3512 0
6869 3520 0
6875 3527 0
6882 3536 0
6894 3544 0
6909 3552 0
6929 3559 0
6950 3564 0
6970 3564 0
.PEN_UP
.PEN_DOWN
6737 3322 0
6729 3320 0
6722 3318 0
6717 3317 0
6721 3320 0
6733 3323 0
6756 3326 0
6789 3328 0
6836 3328 0
6895 3323 0
.PEN_UP
