.VERSION 1.0 
.HIERARCHY CHARACTER
.COORD X Y T
.SEGMENT CHARACTER 0-1 OK "5"
.H_LINE 2999 3874
.V_LINE 499 1250
.X_DIM 750
.Y_DIM 874
.X_POINTS_PER_INCH 1000
.Y_POINTS_PER_INCH 1000
.POINTS_PER_SECOND 125
.COMMENT CALIB X: 61 Y: -115

.WRITER_INFO
 Name: VAMSI KRISHNA
 WriterId: 64
 Hand: right
 EducationLevel: college graduate
 Gender: male
 Profession: student
 Region: visakhapatnam
 Age: 21
 DeviceType: digimemo a402
 SkillDevice: average
 Language: hindi
 Script: indic
 Native: false
 Style: discrete
 UsageFreq: rarely
 Proficiency: average
 Date: 2007-6-26
 WritingInProfession: no

.PEN_DOWN
799 3268 0
792 3268 0
787 3268 0
784 3268 0
781 3267 0
778 3266 0
775 3264 0
775 3261 0
779 3258 0
784 3254 0
790 3250 0
798 3247 0
808 3243 0
818 3240 0
827 3238 0
836 3238 0
845 3237 0
853 3237 0
860 3238 0
867 3241 0
872 3244 0
874 3249 0
875 3255 0
874 3262 0
871 3270 0
867 3279 0
862 3286 0
854 3293 0
847 3298 0
840 3302 0
835 3306 0
829 3309 0
824 3310 0
821 3311 0
821 3308 0
824 3306 0
827 3304 0
830 3302 0
835 3300 0
841 3299 0
846 3298 0
851 3298 0
856 3298 0
860 3299 0
865 3300 0
871 3302 0
876 3303 0
880 3305 0
884 3308 0
887 3311 0
891 3315 0
894 3319 0
897 3324 0
899 3332 0
900 3341 0
899 3350 0
897 3358 0
895 3367 0
890 3376 0
885 3384 0
879 3392 0
873 3399 0
865 3406 0
857 3412 0
848 3416 0
839 3419 0
828 3420 0
817 3419 0
805 3416 0
793 3411 0
781 3404 0
769 3396 0
758 3388 0
749 3379 0
741 3371 0
734 3365 0
731 3355 0
.PEN_UP
.PEN_DOWN
776 3257 0
773 3257 0
770 3257 0
767 3257 0
764 3257 0
760 3257 0
757 3257 0
753 3257 0
750 3257 0
747 3257 0
744 3257 0
741 3257 0
738 3257 0
735 3257 0
739 3257 0
744 3257 0
752 3257 0
762 3257 0
775 3257 0
790 3257 0
806 3257 0
823 3257 0
842 3257 0
861 3257 0
880 3257 0
898 3257 0
916 3257 0
931 3257 0
944 3257 0
953 3257 0
959 3257 0
956 3257 0
958 3250 0
.PEN_UP
