.VERSION 1.0 
.HIERARCHY CHARACTER
.COORD X Y T
.SEGMENT CHARACTER 0-2 OK "14"
.H_LINE 4624 5499
.V_LINE 6500 7250
.X_DIM 750
.Y_DIM 874
.X_POINTS_PER_INCH 1000
.Y_POINTS_PER_INCH 1000
.POINTS_PER_SECOND 125
.COMMENT CALIB X: 128 Y: -109

.WRITER_INFO
 Name: VAMSI KRISHNA
 WriterId: 64
 Hand: right
 EducationLevel: college graduate
 Gender: male
 Profession: student
 Region: visakhapatnam
 Age: 21
 DeviceType: digimemo a402
 SkillDevice: average
 Language: hindi
 Script: indic
 Native: false
 Style: discrete
 UsageFreq: rarely
 Proficiency: average
 Date: 2007-6-26
 WritingInProfession: no

.PEN_DOWN
6876 4989 0
6874 4986 0
6873 4982 0
6872 4978 0
6871 4973 0
6870 4968 0
6869 4964 0
6868 4961 0
6867 4967 0
6866 4976 0
6866 4986 0
6866 4998 0
6866 5013 0
6866 5028 0
6867 5042 0
6868 5054 0
6870 5065 0
6871 5073 0
6872 5081 0
6873 5088 0
6873 5092 0
6870 5092 0
6867 5090 0
6864 5087 0
6859 5082 0
6853 5077 0
6846 5072 0
6838 5066 0
6829 5061 0
6822 5057 0
6816 5054 0
6812 5052 0
6816 5049 0
6822 5047 0
6831 5045 0
6841 5043 0
6846 5040 0
.PEN_UP
.PEN_DOWN
6949 4970 0
6948 4967 0
6947 4964 0
6945 4961 0
6943 4964 0
6942 4968 0
6942 4974 0
6942 4983 0
6943 4997 0
6943 5010 0
6944 5024 0
6945 5038 0
6945 5049 0
6945 5060 0
6944 5069 0
6942 5078 0
6940 5087 0
6939 5094 0
6937 5100 0
6936 5105 0
6935 5111 0
6935 5111 0
.PEN_UP
.PEN_DOWN
6808 4967 0
6802 4967 0
6797 4967 0
6793 4967 0
6789 4967 0
6786 4967 0
6789 4967 0
6795 4960 0
6808 4956 0
6828 4953 0
6850 4952 0
6872 4950 0
6897 4949 0
6926 4947 0
6957 4945 0
6989 4943 0
7016 4941 0
7034 4939 0
7044 4937 0
7048 4936 0
7047 4933 0
7045 4930 0
7042 4927 0
7039 4925 0
7036 4923 0
7036 4923 0
.PEN_UP
