.VERSION 1.0 
.HIERARCHY CHARACTER
.COORD X Y T
.SEGMENT CHARACTER 0-1 OK "82"
.H_LINE 7874 8750
.V_LINE 3500 4250
.X_DIM 750
.Y_DIM 875
.X_POINTS_PER_INCH 1000
.Y_POINTS_PER_INCH 1000
.POINTS_PER_SECOND 125
.COMMENT CALIB X: -6 Y: -70

.WRITER_INFO
 Name: VAMSI KRISHNA
 WriterId: 64
 Hand: right
 EducationLevel: college graduate
 Gender: male
 Profession: student
 Region: visakhapatnam
 Age: 21
 DeviceType: digimemo a402
 SkillDevice: average
 Language: hindi
 Script: indic
 Native: false
 Style: discrete
 UsageFreq: rarely
 Proficiency: average
 Date: 2007-6-26
 WritingInProfession: no

.PEN_DOWN
3905 8268 0
3905 8276 0
3905 8283 0
3905 8289 0
3905 8293 0
3905 8296 0
3897 8298 0
3890 8299 0
3884 8299 0
3879 8298 0
3874 8296 0
3870 8293 0
3867 8289 0
3864 8284 0
3862 8278 0
3862 8273 0
3863 8268 0
3864 8263 0
3866 8259 0
3868 8255 0
3872 8252 0
3878 8249 0
3885 8247 0
3891 8246 0
3897 8246 0
3902 8248 0
3906 8250 0
3909 8254 0
3910 8258 0
3911 8262 0
3912 8267 0
3912 8273 0
3913 8278 0
3914 8283 0
3914 8291 0
3914 8298 0
3914 8305 0
3915 8315 0
3916 8325 0
3917 8335 0
3918 8343 0
3918 8351 0
3918 8359 0
3919 8367 0
3919 8374 0
3919 8381 0
3920 8387 0
3920 8391 0
3920 8395 0
3920 8399 0
3919 8396 0
3918 8393 0
3916 8390 0
3914 8387 0
3911 8384 0
3906 8380 0
3900 8376 0
3892 8371 0
3883 8368 0
3876 8364 0
3871 8362 0
3867 8360 0
3864 8359 0
3861 8357 0
3858 8356 0
3864 8355 0
3872 8353 0
3889 8351 0
3909 8349 0
3931 8347 0
3951 8345 0
3970 8343 0
3987 8343 0
4001 8340 0
.PEN_UP
.PEN_DOWN
3825 8201 0
3820 8200 0
3814 8198 0
3808 8195 0
3803 8193 0
3799 8191 0
3796 8190 0
3801 8190 0
3811 8189 0
3827 8188 0
3850 8188 0
3875 8188 0
3899 8187 0
3919 8186 0
3933 8185 0
3942 8184 0
3946 8184 0
3952 8179 0
.PEN_UP
