.VERSION 1.0 
.HIERARCHY CHARACTER
.COORD X Y T
.SEGMENT CHARACTER 0-3 OK "104"
.H_LINE 4624 5499
.V_LINE 6500 7250
.X_DIM 750
.Y_DIM 874
.X_POINTS_PER_INCH 1000
.Y_POINTS_PER_INCH 1000
.POINTS_PER_SECOND 125
.COMMENT CALIB X: 22 Y: -154

.WRITER_INFO
 Name: VAMSI KRISHNA
 WriterId: 64
 Hand: right
 EducationLevel: college graduate
 Gender: male
 Profession: student
 Region: visakhapatnam
 Age: 21
 DeviceType: digimemo a402
 SkillDevice: average
 Language: hindi
 Script: indic
 Native: false
 Style: discrete
 UsageFreq: rarely
 Proficiency: average
 Date: 2007-6-26
 WritingInProfession: no

.PEN_DOWN
6729 4882 0
6730 4879 0
6733 4878 0
6736 4878 0
6740 4880 0
6744 4884 0
6748 4889 0
6751 4894 0
6753 4899 0
6754 4904 0
6754 4907 0
6754 4910 0
6750 4913 0
6745 4915 0
6738 4916 0
6732 4915 0
6727 4914 0
6723 4913 0
6720 4911 0
6719 4908 0
6720 4903 0
6723 4897 0
6727 4891 0
6732 4885 0
6738 4881 0
6743 4879 0
6747 4877 0
6752 4876 0
6757 4875 0
6762 4875 0
6765 4876 0
6767 4879 0
6769 4882 0
6771 4886 0
6772 4890 0
6772 4897 0
6771 4906 0
6769 4915 0
6765 4925 0
6759 4937 0
6751 4948 0
6743 4958 0
6735 4967 0
6729 4973 0
6725 4978 0
6721 4984 0
6721 4984 0
.PEN_UP
.PEN_DOWN
6742 4928 0
6746 4926 0
6753 4924 0
6762 4923 0
6770 4923 0
6779 4924 0
6788 4925 0
6796 4925 0
6803 4925 0
6809 4925 0
6812 4925 0
6809 4929 0
6806 4934 0
6803 4942 0
6798 4956 0
6793 4972 0
6786 4990 0
6779 5005 0
6772 5018 0
6766 5030 0
6761 5041 0
6758 5050 0
6756 5057 0
6758 5061 0
.PEN_UP
.PEN_DOWN
6826 4887 0
6826 4884 0
6826 4880 0
6826 4875 0
6827 4870 0
6828 4866 0
6829 4862 0
6829 4859 0
6829 4863 0
6829 4869 0
6829 4877 0
6829 4889 0
6829 4904 0
6830 4921 0
6830 4939 0
6830 4956 0
6830 4971 0
6829 4985 0
6827 4998 0
6825 5009 0
6822 5016 0
6820 5021 0
6820 5021 0
.PEN_UP
.PEN_DOWN
6803 4870 0
6801 4867 0
6800 4864 0
6802 4861 0
6806 4858 0
6817 4856 0
6831 4855 0
6849 4853 0
6872 4851 0
6894 4850 0
6911 4850 0
6925 4851 0
.PEN_UP
