.VERSION 1.0 
.HIERARCHY CHARACTER
.COORD X Y T
.SEGMENT CHARACTER 0-2 OK "107"
.H_LINE 6249 7124
.V_LINE 3500 4250
.X_DIM 750
.Y_DIM 875
.X_POINTS_PER_INCH 1000
.Y_POINTS_PER_INCH 1000
.POINTS_PER_SECOND 125
.COMMENT CALIB X: 129 Y: -95

.WRITER_INFO
 Name: VAMSI KRISHNA
 WriterId: 64
 Hand: right
 EducationLevel: college graduate
 Gender: male
 Profession: student
 Region: visakhapatnam
 Age: 21
 DeviceType: digimemo a402
 SkillDevice: average
 Language: hindi
 Script: indic
 Native: false
 Style: discrete
 UsageFreq: rarely
 Proficiency: average
 Date: 2007-6-26
 WritingInProfession: no

.PEN_DOWN
3950 6573 0
3949 6577 0
3949 6582 0
3950 6586 0
3950 6590 0
3950 6595 0
3950 6599 0
3950 6603 0
3951 6606 0
3951 6603 0
3950 6599 0
3949 6593 0
3948 6589 0
3946 6584 0
3943 6580 0
3938 6577 0
3932 6575 0
3927 6574 0
3922 6574 0
3917 6577 0
3911 6581 0
3906 6586 0
3902 6593 0
3897 6603 0
3894 6612 0
3893 6622 0
3893 6630 0
3894 6636 0
3895 6640 0
3897 6644 0
3899 6647 0
3902 6648 0
3905 6648 0
3909 6649 0
3912 6649 0
3916 6649 0
3921 6649 0
3926 6649 0
3931 6650 0
3936 6651 0
3940 6653 0
3943 6657 0
3946 6663 0
3949 6670 0
3951 6676 0
3952 6681 0
3953 6686 0
3953 6689 0
3953 6686 0
3954 6682 0
3954 6678 0
3954 6674 0
3954 6670 0
3953 6666 0
3952 6661 0
3951 6657 0
3949 6653 0
3948 6650 0
3947 6647 0
3946 6644 0
3943 6640 0
3940 6637 0
3937 6634 0
3933 6632 0
3929 6631 0
3925 6630 0
3921 6630 0
3916 6631 0
3912 6633 0
3908 6637 0
3903 6643 0
3896 6650 0
3891 6660 0
3886 6670 0
3882 6681 0
3879 6696 0
3877 6708 0
3876 6719 0
3877 6730 0
3879 6739 0
3881 6747 0
3886 6753 0
3892 6759 0
3899 6763 0
3907 6764 0
3918 6763 0
3930 6759 0
3942 6755 0
3953 6750 0
3963 6744 0
3971 6743 0
3978 6733 0
.PEN_UP
.PEN_DOWN
3930 6676 0
3931 6666 0
3932 6659 0
3932 6654 0
3933 6651 0
3933 6648 0
3930 6649 0
3928 6652 0
3926 6657 0
3923 6668 0
3916 6683 0
3910 6701 0
3903 6722 0
3894 6744 0
3887 6764 0
3880 6778 0
.PEN_UP
.PEN_DOWN
3877 6542 0
3868 6542 0
3861 6541 0
3855 6540 0
3849 6540 0
3844 6539 0
3840 6539 0
3836 6539 0
3833 6539 0
3839 6540 0
3848 6541 0
3862 6542 0
3879 6543 0
3899 6544 0
3923 6544 0
3950 6544 0
3977 6544 0
4003 6543 0
4022 6542 0
4034 6541 0
4040 6540 0
4044 6540 0
.PEN_UP
