.VERSION 1.0 
.HIERARCHY CHARACTER
.COORD X Y T
.SEGMENT CHARACTER 0-2 OK "108"
.H_LINE 6249 7124
.V_LINE 5000 5750
.X_DIM 750
.Y_DIM 875
.X_POINTS_PER_INCH 1000
.Y_POINTS_PER_INCH 1000
.POINTS_PER_SECOND 125
.COMMENT CALIB X: 139 Y: -86

.WRITER_INFO
 Name: VAMSI KRISHNA
 WriterId: 64
 Hand: right
 EducationLevel: college graduate
 Gender: male
 Profession: student
 Region: visakhapatnam
 Age: 21
 DeviceType: digimemo a402
 SkillDevice: average
 Language: hindi
 Script: indic
 Native: false
 Style: discrete
 UsageFreq: rarely
 Proficiency: average
 Date: 2007-6-26
 WritingInProfession: no

.PEN_DOWN
5498 6558 0
5501 6558 0
5502 6551 0
5503 6547 0
5502 6551 0
5501 6555 0
5502 6560 0
5503 6566 0
5505 6571 0
5506 6575 0
5506 6579 0
5505 6575 0
5504 6571 0
5502 6568 0
5499 6564 0
5495 6562 0
5490 6561 0
5483 6562 0
5475 6564 0
5467 6567 0
5459 6572 0
5451 6577 0
5445 6583 0
5440 6588 0
5436 6593 0
5435 6598 0
5434 6603 0
5434 6608 0
5435 6612 0
5437 6615 0
5440 6618 0
5444 6620 0
5449 6622 0
5455 6625 0
5461 6627 0
5467 6630 0
5473 6634 0
5479 6639 0
5485 6644 0
5490 6649 0
5494 6655 0
5497 6660 0
5498 6665 0
5499 6669 0
5499 6673 0
5499 6676 0
5499 6673 0
5499 6669 0
5499 6665 0
5499 6662 0
5499 6658 0
5498 6654 0
5497 6649 0
5496 6645 0
5495 6642 0
5494 6638 0
5493 6635 0
5492 6631 0
5490 6627 0
5489 6624 0
5488 6621 0
5487 6618 0
5486 6615 0
5483 6612 0
5480 6609 0
5477 6607 0
5472 6605 0
5468 6604 0
5464 6604 0
5460 6604 0
5455 6605 0
5449 6610 0
5442 6615 0
5436 6620 0
5430 6628 0
5423 6639 0
5417 6651 0
5413 6662 0
5410 6676 0
5406 6692 0
5405 6710 0
5405 6725 0
5406 6737 0
5409 6747 0
5413 6756 0
5421 6763 0
5431 6768 0
5445 6771 0
5461 6772 0
5481 6770 0
.PEN_UP
.PEN_DOWN
5495 6641 0
5494 6638 0
5493 6635 0
5491 6639 0
5490 6643 0
5489 6648 0
5489 6654 0
5488 6659 0
5488 6664 0
5489 6669 0
5489 6674 0
5490 6680 0
5492 6689 0
5494 6696 0
5486 6705 0
5480 6714 0
5475 6720 0
5473 6724 0
5472 6727 0
5474 6730 0
5478 6732 0
5484 6733 0
5493 6732 0
5505 6730 0
5521 6725 0
5536 6717 0
5544 6713 0
.PEN_UP
.PEN_DOWN
5441 6538 0
5437 6538 0
5433 6537 0
5429 6537 0
5425 6536 0
5422 6536 0
5419 6536 0
5427 6537 0
5442 6538 0
5464 6539 0
5490 6540 0
5519 6540 0
5545 6540 0
5566 6542 0
5583 6539 0
.PEN_UP
