.VERSION 1.0 
.HIERARCHY CHARACTER
.COORD X Y T
.SEGMENT CHARACTER 0-4 OK "2"
.H_LINE 1374 2249
.V_LINE 3500 4250
.X_DIM 750
.Y_DIM 874
.X_POINTS_PER_INCH 1000
.Y_POINTS_PER_INCH 1000
.POINTS_PER_SECOND 125
.COMMENT CALIB X: -33 Y: -86

.WRITER_INFO
 Name: SIDDARTH
 WriterId: 37
 Hand: right
 EducationLevel: college graduate
 Gender: male
 Profession: student
 Region: mumbai
 Age: 22
 DeviceType: digimemo a402
 SkillDevice: average
 Language: hindi
 Script: indic
 Native: false
 Style: discrete
 UsageFreq: rarely
 Proficiency: average
 Date: 2007-10-11
 WritingInProfession: no

.PEN_DOWN
3762 1695 0
3759 1697 0
3756 1701 0
3752 1710 0
3747 1719 0
3742 1728 0
3738 1737 0
3735 1746 0
3731 1753 0
3729 1757 0
3730 1753 0
3731 1746 0
3733 1736 0
3735 1728 0
3736 1722 0
3738 1717 0
3739 1713 0
3740 1710 0
3741 1706 0
3745 1701 0
3751 1695 0
3757 1689 0
3763 1685 0
3769 1682 0
3775 1681 0
3781 1682 0
3787 1684 0
3795 1687 0
3802 1690 0
3807 1694 0
3810 1699 0
3813 1706 0
3815 1714 0
3816 1722 0
3817 1731 0
3816 1743 0
3814 1754 0
3811 1761 0
3808 1770 0
3802 1779 0
3795 1787 0
3788 1794 0
3781 1798 0
3778 1800 0
3781 1797 0
3785 1793 0
3792 1789 0
3799 1787 0
3804 1785 0
3810 1783 0
3821 1783 0
3832 1783 0
3842 1784 0
3853 1787 0
3862 1790 0
3868 1794 0
3873 1797 0
3877 1800 0
3880 1803 0
3883 1808 0
3887 1814 0
3891 1820 0
3894 1827 0
3896 1836 0
3897 1843 0
3898 1849 0
3898 1855 0
3897 1861 0
3894 1866 0
3891 1870 0
3886 1874 0
3879 1877 0
3871 1879 0
3857 1882 0
3838 1884 0
3822 1884 0
3811 1883 0
3804 1881 0
3799 1879 0
3796 1877 0
3793 1876 0
3791 1873 0
3790 1870 0
3793 1864 0
.PEN_UP
.PEN_DOWN
3806 1771 0
3810 1770 0
3814 1769 0
3821 1769 0
3833 1769 0
3848 1769 0
3863 1768 0
3877 1768 0
3893 1767 0
3907 1767 0
3918 1767 0
3930 1766 0
3943 1765 0
3952 1765 0
3959 1765 0
3964 1764 0
3967 1764 0
3962 1764 0
3959 1764 0
3956 1763 0
3953 1763 0
3953 1763 0
.PEN_UP
.PEN_DOWN
3965 1695 0
3964 1692 0
3963 1689 0
3962 1686 0
3962 1692 0
3962 1699 0
3963 1710 0
3965 1723 0
3966 1740 0
3968 1754 0
3968 1767 0
3969 1781 0
3970 1796 0
3972 1810 0
3975 1823 0
3977 1835 0
3980 1847 0
3982 1856 0
3983 1863 0
3984 1867 0
3984 1870 0
3985 1865 0
3985 1859 0
3985 1853 0
.PEN_UP
.PEN_DOWN
4030 1709 0
4029 1706 0
4028 1703 0
4027 1700 0
4025 1704 0
4024 1710 0
4023 1717 0
4022 1725 0
4023 1738 0
4024 1750 0
4024 1761 0
4026 1777 0
4028 1792 0
4030 1807 0
4032 1820 0
4034 1832 0
4036 1844 0
4038 1854 0
4040 1862 0
4041 1868 0
4043 1872 0
4044 1875 0
4044 1870 0
4043 1863 0
.PEN_UP
.PEN_DOWN
3911 1684 0
3908 1684 0
3905 1685 0
3902 1686 0
3899 1687 0
3905 1686 0
3915 1685 0
3933 1685 0
3951 1685 0
3967 1684 0
3983 1684 0
4004 1685 0
4027 1687 0
4051 1689 0
4078 1692 0
4102 1694 0
4121 1696 0
4133 1697 0
4139 1697 0
4142 1697 0
4135 1698 0
4124 1695 0
.PEN_UP
