.VERSION 1.0 
.HIERARCHY CHARACTER
.COORD X Y T
.SEGMENT CHARACTER 0-2 OK "13"
.H_LINE 4624 5499
.V_LINE 5000 5750
.X_DIM 750
.Y_DIM 874
.X_POINTS_PER_INCH 1000
.Y_POINTS_PER_INCH 1000
.POINTS_PER_SECOND 125
.COMMENT CALIB X: -5 Y: -59

.WRITER_INFO
 Name: SIDDARTH
 WriterId: 37
 Hand: right
 EducationLevel: college graduate
 Gender: male
 Profession: student
 Region: mumbai
 Age: 22
 DeviceType: digimemo a402
 SkillDevice: average
 Language: hindi
 Script: indic
 Native: false
 Style: discrete
 UsageFreq: rarely
 Proficiency: average
 Date: 2007-10-11
 WritingInProfession: no

.PEN_DOWN
5215 5053 0
5215 5050 0
5216 5047 0
5219 5044 0
5223 5042 0
5231 5040 0
5240 5038 0
5249 5038 0
5257 5039 0
5265 5041 0
5273 5045 0
5281 5050 0
5287 5055 0
5292 5061 0
5295 5067 0
5297 5073 0
5296 5082 0
5294 5090 0
5291 5098 0
5286 5104 0
5280 5110 0
5271 5115 0
5260 5119 0
5250 5121 0
5242 5122 0
5236 5122 0
5231 5122 0
5227 5120 0
5234 5118 0
5243 5118 0
5254 5117 0
5265 5120 0
5276 5124 0
5286 5129 0
5298 5137 0
5313 5146 0
5323 5154 0
5331 5163 0
5338 5170 0
5342 5175 0
5345 5180 0
5347 5183 0
5346 5179 0
5343 5176 0
.PEN_UP
.PEN_DOWN
5500 5027 0
5497 5026 0
5495 5029 0
5494 5033 0
5494 5040 0
5494 5049 0
5494 5061 0
5494 5073 0
5494 5086 0
5494 5099 0
5495 5111 0
5496 5124 0
5497 5138 0
5499 5151 0
5502 5163 0
5504 5174 0
5506 5181 0
5509 5185 0
5510 5188 0
5511 5184 0
5511 5177 0
5511 5169 0
5509 5158 0
5507 5149 0
5504 5139 0
5500 5130 0
5497 5123 0
5494 5115 0
5490 5110 0
5485 5102 0
5478 5095 0
5470 5089 0
5463 5085 0
5458 5082 0
5454 5081 0
5451 5079 0
5445 5077 0
5437 5076 0
5428 5074 0
5418 5075 0
5407 5076 0
5396 5077 0
5388 5079 0
5381 5081 0
5375 5084 0
5369 5087 0
5362 5091 0
5357 5096 0
5354 5100 0
5352 5104 0
5353 5108 0
5356 5113 0
5359 5116 0
5362 5117 0
5365 5119 0
5369 5120 0
5377 5122 0
5388 5124 0
5396 5125 0
5405 5126 0
5415 5128 0
5423 5129 0
5430 5130 0
5434 5130 0
5439 5130 0
5445 5129 0
5453 5127 0
5464 5124 0
5476 5120 0
5488 5115 0
5495 5111 0
5501 5108 0
5506 5106 0
5510 5104 0
5510 5104 0
.PEN_UP
.PEN_DOWN
5200 5016 0
5196 5016 0
5190 5017 0
5185 5017 0
5182 5018 0
5179 5019 0
5182 5018 0
5189 5017 0
5203 5015 0
5222 5013 0
5245 5010 0
5273 5008 0
5307 5007 0
5347 5007 0
5395 5008 0
5438 5010 0
5474 5012 0
5503 5014 0
5528 5015 0
5548 5016 0
5562 5016 0
5571 5015 0
5577 5014 0
5580 5014 0
5576 5015 0
.PEN_UP
