.VERSION 1.0 
.HIERARCHY CHARACTER
.COORD X Y T
.SEGMENT CHARACTER 0-2 OK "16"
.H_LINE 6249 7124
.V_LINE 1999 2749
.X_DIM 749
.Y_DIM 875
.X_POINTS_PER_INCH 1000
.Y_POINTS_PER_INCH 1000
.POINTS_PER_SECOND 125
.COMMENT CALIB X: -3 Y: -67

.WRITER_INFO
 Name: SIDDARTH
 WriterId: 37
 Hand: right
 EducationLevel: college graduate
 Gender: male
 Profession: student
 Region: mumbai
 Age: 22
 DeviceType: digimemo a402
 SkillDevice: average
 Language: hindi
 Script: indic
 Native: false
 Style: discrete
 UsageFreq: rarely
 Proficiency: average
 Date: 2007-10-11
 WritingInProfession: no

.PEN_DOWN
2249 6685 0
2246 6683 0
2244 6680 0
2250 6684 0
2258 6690 0
2265 6695 0
2272 6700 0
2282 6705 0
2296 6711 0
2311 6715 0
2324 6718 0
2332 6720 0
2336 6721 0
2330 6719 0
2322 6718 0
2312 6716 0
2302 6715 0
2289 6716 0
2278 6716 0
2270 6717 0
2261 6722 0
2256 6727 0
2252 6731 0
2249 6736 0
2246 6741 0
2244 6745 0
2244 6748 0
2244 6751 0
2245 6754 0
2247 6757 0
2249 6760 0
2252 6762 0
2255 6764 0
2260 6767 0
2266 6770 0
2274 6774 0
2286 6777 0
2299 6781 0
2309 6784 0
2317 6787 0
2324 6790 0
2330 6795 0
2335 6798 0
2339 6800 0
2342 6803 0
2345 6805 0
2348 6807 0
2350 6811 0
2352 6814 0
2353 6817 0
2354 6820 0
2355 6823 0
2356 6827 0
2355 6831 0
2354 6835 0
2353 6838 0
2352 6841 0
2349 6844 0
2346 6845 0
2342 6846 0
2334 6847 0
2322 6847 0
2309 6846 0
2298 6845 0
2284 6845 0
2271 6843 0
2262 6842 0
2257 6842 0
2254 6841 0
2254 6838 0
2255 6834 0
.PEN_UP
.PEN_DOWN
2430 6801 0
2427 6802 0
2424 6804 0
2421 6806 0
2419 6809 0
2418 6812 0
2417 6815 0
2420 6815 0
2423 6814 0
2426 6812 0
2429 6809 0
2431 6806 0
2433 6803 0
2430 6801 0
2426 6801 0
2422 6802 0
2419 6804 0
2417 6808 0
2416 6812 0
2416 6815 0
2416 6818 0
2416 6821 0
2417 6824 0
2420 6827 0
2423 6827 0
2426 6826 0
2430 6824 0
2435 6820 0
2440 6815 0
2444 6809 0
2446 6804 0
2446 6800 0
2444 6797 0
2440 6795 0
2434 6794 0
2429 6795 0
2423 6798 0
2418 6802 0
2415 6806 0
2411 6810 0
2409 6814 0
.PEN_UP
.PEN_DOWN
2152 6689 0
2148 6689 0
2144 6687 0
2140 6685 0
2135 6683 0
2131 6681 0
2128 6679 0
2125 6678 0
2129 6676 0
2136 6675 0
2148 6674 0
2167 6673 0
2192 6673 0
2219 6672 0
2245 6671 0
2268 6670 0
2290 6669 0
2315 6668 0
2342 6667 0
2359 6667 0
2368 6667 0
2372 6667 0
2375 6666 0
2372 6663 0
.PEN_UP
