.VERSION 1.0 
.HIERARCHY CHARACTER
.COORD X Y T
.SEGMENT CHARACTER 0-3 OK "21"
.H_LINE 7874 8750
.V_LINE 1999 2749
.X_DIM 749
.Y_DIM 875
.X_POINTS_PER_INCH 1000
.Y_POINTS_PER_INCH 1000
.POINTS_PER_SECOND 125
.COMMENT CALIB X: 3 Y: -96

.WRITER_INFO
 Name: SIDDARTH
 WriterId: 37
 Hand: right
 EducationLevel: college graduate
 Gender: male
 Profession: student
 Region: mumbai
 Age: 22
 DeviceType: digimemo a402
 SkillDevice: average
 Language: hindi
 Script: indic
 Native: false
 Style: discrete
 UsageFreq: rarely
 Proficiency: average
 Date: 2007-10-11
 WritingInProfession: no

.PEN_DOWN
2348 8252 0
2345 8254 0
2344 8257 0
2343 8261 0
2342 8266 0
2341 8273 0
2341 8282 0
2340 8292 0
2339 8303 0
2339 8313 0
2338 8323 0
2338 8333 0
2339 8345 0
2340 8356 0
2341 8369 0
2342 8384 0
2344 8400 0
2345 8414 0
2346 8426 0
2348 8439 0
2349 8450 0
2350 8458 0
2351 8462 0
2352 8465 0
2351 8468 0
2351 8465 0
2348 8453 0
.PEN_UP
.PEN_DOWN
2336 8347 0
2333 8346 0
2330 8346 0
2327 8346 0
2323 8346 0
2316 8346 0
2310 8347 0
2303 8348 0
2292 8349 0
2283 8349 0
2276 8350 0
2266 8350 0
2256 8350 0
2247 8350 0
2241 8349 0
2238 8349 0
2237 8352 0
2237 8352 0
.PEN_UP
.PEN_DOWN
2186 8311 0
2183 8308 0
2186 8309 0
2189 8311 0
2192 8312 0
2197 8315 0
2205 8318 0
2213 8321 0
2220 8325 0
2226 8327 0
2231 8330 0
2235 8332 0
2239 8334 0
2242 8337 0
2245 8340 0
2248 8343 0
2251 8345 0
2252 8348 0
2253 8351 0
2255 8355 0
2256 8359 0
2257 8362 0
2258 8366 0
2258 8370 0
2258 8374 0
2259 8377 0
2259 8380 0
2259 8383 0
2259 8386 0
2259 8389 0
2259 8393 0
2259 8396 0
2259 8399 0
2258 8402 0
2257 8406 0
2256 8411 0
2255 8416 0
2253 8421 0
2251 8425 0
2250 8430 0
2248 8434 0
2245 8437 0
2241 8440 0
2238 8443 0
2234 8444 0
2231 8445 0
2226 8446 0
2218 8446 0
2207 8446 0
2197 8445 0
2188 8443 0
2181 8442 0
2177 8440 0
2174 8439 0
2174 8434 0
.PEN_UP
.PEN_DOWN
2253 8258 0
2253 8254 0
2249 8252 0
2254 8252 0
2265 8252 0
2278 8252 0
2293 8252 0
2312 8251 0
2335 8251 0
2358 8251 0
2381 8250 0
2402 8250 0
2418 8250 0
2429 8250 0
2436 8250 0
2440 8250 0
2443 8249 0
2435 8248 0
.PEN_UP
