.VERSION 1.0 
.HIERARCHY CHARACTER
.COORD X Y T
.SEGMENT CHARACTER 0-1 OK "24"
.H_LINE 7874 8750
.V_LINE 6500 7250
.X_DIM 750
.Y_DIM 875
.X_POINTS_PER_INCH 1000
.Y_POINTS_PER_INCH 1000
.POINTS_PER_SECOND 125
.COMMENT CALIB X: -18 Y: -92

.WRITER_INFO
 Name: SIDDARTH
 WriterId: 37
 Hand: right
 EducationLevel: college graduate
 Gender: male
 Profession: student
 Region: mumbai
 Age: 22
 DeviceType: digimemo a402
 SkillDevice: average
 Language: hindi
 Script: indic
 Native: false
 Style: discrete
 UsageFreq: rarely
 Proficiency: average
 Date: 2007-10-11
 WritingInProfession: no

.PEN_DOWN
6926 8196 0
6923 8194 0
6920 8192 0
6923 8196 0
6930 8201 0
6941 8207 0
6956 8213 0
6969 8217 0
6982 8220 0
6991 8223 0
6998 8226 0
7002 8229 0
7001 8232 0
6993 8235 0
6979 8238 0
6961 8241 0
6942 8246 0
6924 8251 0
6907 8257 0
6895 8263 0
6887 8267 0
6882 8271 0
6878 8276 0
6877 8280 0
6879 8284 0
6881 8287 0
6884 8290 0
6890 8293 0
6902 8296 0
6915 8298 0
6925 8300 0
6936 8303 0
6948 8306 0
6956 8309 0
6964 8311 0
6971 8315 0
6978 8318 0
6982 8320 0
6985 8322 0
6987 8325 0
6988 8329 0
6987 8332 0
6986 8335 0
6985 8339 0
6982 8343 0
6977 8349 0
6972 8352 0
6967 8353 0
6957 8354 0
6943 8355 0
6930 8354 0
6918 8352 0
6908 8349 0
6899 8345 0
6891 8341 0
6882 8334 0
6873 8329 0
6867 8326 0
6864 8323 0
6864 8323 0
.PEN_UP
.PEN_DOWN
6794 8176 0
6790 8175 0
6786 8175 0
6782 8175 0
6778 8175 0
6775 8175 0
6783 8177 0
6800 8180 0
6828 8182 0
6866 8184 0
6907 8186 0
6947 8186 0
6980 8186 0
7010 8185 0
7041 8186 0
7071 8188 0
7096 8190 0
7116 8191 0
7127 8191 0
7133 8191 0
7136 8191 0
7127 8189 0
.PEN_UP
