.VERSION 1.0 
.HIERARCHY CHARACTER
.COORD X Y T
.SEGMENT CHARACTER 0-1 OK "95"
.H_LINE 2999 3874
.V_LINE 499 1250
.X_DIM 750
.Y_DIM 874
.X_POINTS_PER_INCH 1000
.Y_POINTS_PER_INCH 1000
.POINTS_PER_SECOND 125
.COMMENT CALIB X: -37 Y: -72

.WRITER_INFO
 Name: SIDDARTH
 WriterId: 37
 Hand: right
 EducationLevel: college graduate
 Gender: male
 Profession: student
 Region: mumbai
 Age: 22
 DeviceType: digimemo a402
 SkillDevice: average
 Language: hindi
 Script: indic
 Native: false
 Style: discrete
 UsageFreq: rarely
 Proficiency: average
 Date: 2007-10-11
 WritingInProfession: no

.PEN_DOWN
681 3378 0
676 3378 0
670 3378 0
663 3378 0
657 3378 0
652 3378 0
657 3378 0
668 3378 0
682 3378 0
702 3377 0
723 3375 0
747 3374 0
774 3374 0
801 3373 0
826 3373 0
850 3374 0
870 3374 0
886 3374 0
897 3374 0
905 3374 0
913 3374 0
921 3373 0
926 3372 0
929 3372 0
932 3371 0
924 3373 0
.PEN_UP
.PEN_DOWN
716 3598 0
721 3598 0
726 3596 0
730 3595 0
735 3592 0
740 3588 0
750 3584 0
761 3578 0
771 3573 0
782 3566 0
795 3559 0
804 3553 0
811 3547 0
816 3540 0
820 3534 0
821 3530 0
821 3526 0
820 3522 0
818 3519 0
815 3515 0
810 3511 0
805 3509 0
801 3506 0
794 3503 0
786 3501 0
776 3500 0
769 3499 0
764 3499 0
758 3500 0
753 3503 0
748 3506 0
744 3510 0
741 3514 0
738 3518 0
736 3522 0
735 3525 0
734 3528 0
733 3532 0
733 3535 0
733 3539 0
733 3542 0
732 3545 0
734 3548 0
736 3551 0
738 3554 0
741 3557 0
745 3559 0
749 3561 0
755 3563 0
762 3564 0
771 3566 0
783 3567 0
794 3567 0
803 3568 0
810 3569 0
816 3570 0
821 3570 0
825 3570 0
829 3571 0
832 3571 0
835 3572 0
838 3573 0
841 3574 0
844 3576 0
848 3577 0
851 3579 0
854 3581 0
856 3584 0
859 3586 0
862 3588 0
866 3591 0
869 3593 0
872 3595 0
875 3597 0
878 3598 0
881 3600 0
884 3602 0
887 3604 0
890 3606 0
892 3609 0
894 3612 0
896 3615 0
899 3618 0
901 3623 0
903 3626 0
904 3629 0
905 3626 0
904 3623 0
902 3620 0
898 3617 0
895 3614 0
892 3612 0
888 3612 0
884 3612 0
878 3612 0
870 3614 0
861 3616 0
854 3619 0
847 3623 0
841 3627 0
835 3630 0
831 3632 0
828 3635 0
825 3637 0
822 3640 0
819 3643 0
816 3646 0
814 3650 0
811 3654 0
807 3659 0
802 3667 0
796 3675 0
790 3684 0
784 3693 0
778 3700 0
774 3705 0
772 3709 0
771 3713 0
769 3719 0
768 3725 0
767 3729 0
766 3732 0
766 3729 0
767 3724 0
768 3716 0
769 3709 0
.PEN_UP
