.VERSION 1.0 
.HIERARCHY CHARACTER
.COORD X Y T
.SEGMENT CHARACTER 0-2 OK "4"
.H_LINE 1374 2249
.V_LINE 6500 7250
.X_DIM 750
.Y_DIM 874
.X_POINTS_PER_INCH 1000
.Y_POINTS_PER_INCH 1000
.POINTS_PER_SECOND 125
.COMMENT CALIB X: 212 Y: 136

.WRITER_INFO
 Name: ADITYA
 WriterId: 34
 Hand: left
 EducationLevel: primary school
 Gender: male
 Profession: student
 Region: australia
 Age: 14
 DeviceType: digimemo a402
 SkillDevice: average
 Language: hindi
 Script: indic
 Native: false
 Style: discrete
 UsageFreq: every day
 Proficiency: average
 Date: 2007-6-16
 WritingInProfession: yes, but limited

.PEN_DOWN
6866 1780 0
6866 1777 0
6865 1774 0
6865 1777 0
6866 1784 0
6867 1794 0
6870 1804 0
6876 1813 0
6883 1822 0
6890 1830 0
6895 1835 0
6898 1838 0
6896 1834 0
6894 1828 0
6890 1822 0
6883 1816 0
6876 1811 0
6866 1809 0
6854 1810 0
6840 1814 0
6826 1818 0
6813 1826 0
6802 1833 0
6795 1839 0
6790 1847 0
6787 1855 0
6786 1861 0
6787 1866 0
6789 1870 0
6793 1874 0
6801 1877 0
6812 1882 0
6825 1887 0
6840 1891 0
6853 1897 0
6862 1905 0
6869 1915 0
6872 1930 0
6873 1947 0
6869 1963 0
6861 1975 0
6849 1985 0
6835 1992 0
6820 1996 0
6804 1996 0
6789 1993 0
6777 1988 0
6767 1981 0
6760 1974 0
6755 1968 0
6753 1962 0
6753 1958 0
6756 1955 0
6761 1953 0
6771 1953 0
6783 1956 0
6798 1961 0
6815 1968 0
6834 1975 0
6852 1981 0
6868 1987 0
6880 1992 0
6889 1994 0
6894 1994 0
6896 1989 0
6898 1982 0
.PEN_UP
.PEN_DOWN
6864 1813 0
6861 1804 0
6856 1792 0
6850 1779 0
6844 1765 0
6839 1749 0
6835 1734 0
6832 1717 0
6828 1704 0
6826 1694 0
6825 1685 0
6826 1679 0
6828 1675 0
6831 1670 0
6835 1665 0
6844 1659 0
6859 1652 0
6878 1646 0
6896 1643 0
6914 1644 0
6929 1646 0
6942 1650 0
6950 1654 0
6956 1661 0
6960 1668 0
6961 1675 0
6960 1684 0
.PEN_UP
.PEN_DOWN
6950 1764 0
6945 1764 0
6935 1764 0
6920 1764 0
6897 1767 0
6869 1770 0
6842 1773 0
6815 1777 0
6789 1782 0
6767 1788 0
6749 1792 0
.PEN_UP
