.VERSION 1.0 
.HIERARCHY CHARACTER
.COORD X Y T
.SEGMENT CHARACTER 0-6 OK "11"
.H_LINE 4624 5499
.V_LINE 1999 2749
.X_DIM 749
.Y_DIM 874
.X_POINTS_PER_INCH 1000
.Y_POINTS_PER_INCH 1000
.POINTS_PER_SECOND 125
.COMMENT CALIB X: 167 Y: 88

.WRITER_INFO
 Name: ADITYA
 WriterId: 34
 Hand: left
 EducationLevel: primary school
 Gender: male
 Profession: student
 Region: australia
 Age: 14
 DeviceType: digimemo a402
 SkillDevice: average
 Language: hindi
 Script: indic
 Native: false
 Style: discrete
 UsageFreq: every day
 Proficiency: average
 Date: 2007-6-16
 WritingInProfession: yes, but limited

.PEN_DOWN
2335 5001 0
2338 5000 0
2341 4999 0
2344 4998 0
2352 4994 0
2366 4989 0
2383 4986 0
2400 4986 0
2415 4990 0
2427 4999 0
2437 5008 0
2445 5018 0
2450 5028 0
2452 5038 0
2451 5047 0
2447 5057 0
2442 5067 0
2434 5076 0
2426 5083 0
2417 5086 0
2410 5088 0
2406 5089 0
2409 5088 0
2416 5085 0
2426 5081 0
2435 5080 0
2446 5080 0
2459 5083 0
2472 5089 0
2481 5099 0
2486 5112 0
2488 5126 0
2486 5141 0
2478 5159 0
2466 5173 0
2455 5183 0
2440 5187 0
2425 5187 0
2408 5181 0
2391 5170 0
2374 5158 0
2359 5143 0
2347 5129 0
2339 5117 0
2336 5111 0
.PEN_UP
.PEN_DOWN
2530 5000 0
2534 5001 0
2537 5002 0
2538 5008 0
2537 5016 0
2537 5028 0
2538 5042 0
2541 5059 0
2545 5079 0
2551 5099 0
2559 5119 0
2566 5136 0
2571 5148 0
2574 5153 0
2575 5156 0
2574 5148 0
.PEN_UP
.PEN_DOWN
2545 5069 0
2544 5072 0
2535 5076 0
2527 5079 0
2516 5081 0
2503 5083 0
2491 5083 0
2481 5079 0
2473 5075 0
2468 5071 0
2465 5065 0
.PEN_UP
.PEN_DOWN
2631 5009 0
2635 5009 0
2639 5009 0
2640 5014 0
2640 5026 0
2640 5043 0
2641 5064 0
2643 5088 0
2646 5110 0
2648 5128 0
2650 5141 0
2653 5147 0
2653 5147 0
.PEN_UP
.PEN_DOWN
2629 4997 0
2629 4994 0
2627 4989 0
2624 4982 0
2617 4971 0
2605 4955 0
2588 4935 0
2565 4911 0
2539 4886 0
2515 4865 0
2494 4851 0
2479 4843 0
2467 4841 0
2460 4843 0
2455 4848 0
2452 4856 0
2450 4865 0
2449 4873 0
2450 4879 0
2451 4883 0
2455 4885 0
2463 4886 0
2475 4882 0
2490 4876 0
2505 4873 0
2520 4865 0
.PEN_UP
.PEN_DOWN
2603 4948 0
2612 4948 0
2621 4947 0
2629 4943 0
2637 4935 0
2644 4924 0
2651 4907 0
2658 4887 0
2664 4866 0
2667 4846 0
2669 4828 0
2669 4811 0
2669 4797 0
2667 4786 0
2664 4778 0
2660 4774 0
2655 4771 0
2649 4770 0
2642 4771 0
2635 4774 0
2627 4781 0
2620 4787 0
2616 4792 0
2614 4796 0
2615 4800 0
2618 4803 0
2623 4807 0
2630 4810 0
2637 4812 0
2644 4816 0
2651 4817 0
.PEN_UP
.PEN_DOWN
2668 4974 0
2673 4976 0
2679 4978 0
2682 4979 0
2677 4977 0
2668 4976 0
2654 4976 0
2630 4976 0
2601 4975 0
2564 4974 0
2526 4972 0
2491 4970 0
2462 4967 0
.PEN_UP
