.VERSION 1.0 
.HIERARCHY CHARACTER
.COORD X Y T
.SEGMENT CHARACTER 0-2 OK "41"
.H_LINE 4624 5499
.V_LINE 1999 2749
.X_DIM 749
.Y_DIM 874
.X_POINTS_PER_INCH 1000
.Y_POINTS_PER_INCH 1000
.POINTS_PER_SECOND 125
.COMMENT CALIB X: 173 Y: 74

.WRITER_INFO
 Name: ADITYA
 WriterId: 34
 Hand: left
 EducationLevel: primary school
 Gender: male
 Profession: student
 Region: australia
 Age: 14
 DeviceType: digimemo a402
 SkillDevice: average
 Language: hindi
 Script: indic
 Native: false
 Style: discrete
 UsageFreq: every day
 Proficiency: average
 Date: 2007-6-16
 WritingInProfession: yes, but limited

.PEN_DOWN
2354 4964 0
2357 4967 0
2361 4968 0
2358 4966 0
2353 4964 0
2346 4961 0
2337 4958 0
2327 4955 0
2314 4951 0
2303 4947 0
2292 4943 0
2282 4937 0
2273 4931 0
2266 4925 0
2260 4919 0
2256 4914 0
2254 4909 0
2254 4905 0
2255 4902 0
2257 4899 0
2260 4896 0
2264 4894 0
2269 4892 0
2280 4892 0
2295 4895 0
2309 4900 0
2326 4908 0
2343 4916 0
2355 4928 0
2366 4941 0
2375 4954 0
2381 4967 0
2383 4980 0
2382 4992 0
2378 5005 0
2370 5018 0
2360 5027 0
2349 5035 0
2335 5042 0
2317 5047 0
2301 5049 0
2286 5048 0
2272 5043 0
2259 5036 0
2250 5028 0
2243 5020 0
2238 5014 0
2236 5010 0
2239 5010 0
2244 5011 0
2253 5014 0
2266 5020 0
2284 5028 0
2309 5037 0
2334 5046 0
2358 5055 0
2377 5064 0
2393 5071 0
2406 5076 0
2417 5077 0
2425 5076 0
.PEN_UP
.PEN_DOWN
2456 4958 0
2459 4957 0
2462 4953 0
2463 4948 0
2464 4942 0
2464 4936 0
2463 4931 0
2462 4937 0
2462 4946 0
2463 4957 0
2463 4970 0
2464 4982 0
2465 4995 0
2465 5010 0
2466 5024 0
2467 5037 0
2470 5046 0
2472 5050 0
2477 5042 0
.PEN_UP
.PEN_DOWN
2516 4882 0
2519 4884 0
2522 4885 0
2519 4884 0
2516 4883 0
2512 4882 0
2504 4881 0
2489 4878 0
2473 4876 0
2458 4877 0
2433 4877 0
2411 4876 0
2388 4876 0
2369 4876 0
2353 4877 0
2338 4878 0
2328 4878 0
2322 4878 0
2319 4877 0
2323 4872 0
.PEN_UP
