.VERSION 1.0 
.HIERARCHY CHARACTER
.COORD X Y T
.SEGMENT CHARACTER 0-3 OK "103"
.H_LINE 4624 5499
.V_LINE 5000 5750
.X_DIM 750
.Y_DIM 874
.X_POINTS_PER_INCH 1000
.Y_POINTS_PER_INCH 1000
.POINTS_PER_SECOND 125
.COMMENT CALIB X: 165 Y: 96

.WRITER_INFO
 Name: ADITYA
 WriterId: 34
 Hand: left
 EducationLevel: primary school
 Gender: male
 Profession: student
 Region: australia
 Age: 14
 DeviceType: digimemo a402
 SkillDevice: average
 Language: hindi
 Script: indic
 Native: false
 Style: discrete
 UsageFreq: every day
 Proficiency: average
 Date: 2007-6-16
 WritingInProfession: yes, but limited

.PEN_DOWN
5257 5011 0
5258 5008 0
5258 5011 0
5258 5016 0
5258 5026 0
5257 5042 0
5257 5062 0
5258 5085 0
5260 5110 0
5263 5134 0
5266 5155 0
5270 5172 0
5273 5184 0
5274 5191 0
5274 5194 0
5273 5190 0
5271 5182 0
.PEN_UP
.PEN_DOWN
5254 5088 0
5253 5085 0
5249 5079 0
5242 5073 0
5232 5067 0
5220 5060 0
5207 5055 0
5194 5051 0
5181 5049 0
5171 5048 0
5161 5050 0
5152 5051 0
5145 5052 0
5140 5054 0
5137 5056 0
5134 5059 0
5133 5062 0
5133 5066 0
5134 5070 0
5137 5076 0
5142 5082 0
5147 5086 0
5153 5089 0
5160 5091 0
5167 5091 0
5172 5090 0
5175 5088 0
5176 5085 0
5175 5081 0
5174 5076 0
5172 5070 0
5169 5065 0
5166 5061 0
5162 5057 0
5159 5054 0
5158 5037 0
.PEN_UP
.PEN_DOWN
5261 5116 0
5261 5113 0
5256 5110 0
5250 5110 0
5242 5112 0
5234 5116 0
5224 5123 0
5215 5133 0
5207 5145 0
5200 5157 0
5194 5170 0
5189 5182 0
5186 5194 0
5185 5205 0
5184 5216 0
5185 5226 0
5187 5233 0
5189 5237 0
5192 5239 0
5196 5240 0
5199 5238 0
5202 5234 0
5205 5227 0
5207 5220 0
5207 5211 0
5207 5201 0
5205 5193 0
5202 5188 0
5197 5185 0
5192 5182 0
5188 5181 0
5185 5180 0
.PEN_UP
.PEN_DOWN
5164 4990 0
5161 4988 0
5156 4987 0
5153 4986 0
5156 4986 0
5159 4986 0
5165 4986 0
5173 4985 0
5183 4983 0
5198 4983 0
5221 4981 0
5253 4980 0
5291 4978 0
5331 4976 0
5365 4975 0
5391 4975 0
5410 4975 0
5422 4975 0
5428 4975 0
5424 4973 0
5414 4970 0
5400 4967 0
5385 4960 0
.PEN_UP
