.VERSION 1.0 
.HIERARCHY CHARACTER
.COORD X Y T
.SEGMENT CHARACTER 0-2 OK "107"
.H_LINE 6249 7124
.V_LINE 3500 4250
.X_DIM 750
.Y_DIM 875
.X_POINTS_PER_INCH 1000
.Y_POINTS_PER_INCH 1000
.POINTS_PER_SECOND 125
.COMMENT CALIB X: 177 Y: 54

.WRITER_INFO
 Name: ADITYA
 WriterId: 34
 Hand: left
 EducationLevel: primary school
 Gender: male
 Profession: student
 Region: australia
 Age: 14
 DeviceType: digimemo a402
 SkillDevice: average
 Language: hindi
 Script: indic
 Native: false
 Style: discrete
 UsageFreq: every day
 Proficiency: average
 Date: 2007-6-16
 WritingInProfession: yes, but limited

.PEN_DOWN
3701 6498 0
3704 6497 0
3706 6493 0
3706 6490 0
3706 6487 0
3706 6493 0
3706 6500 0
3707 6508 0
3708 6514 0
3708 6519 0
3709 6524 0
3710 6527 0
3707 6524 0
3704 6522 0
3701 6521 0
3694 6522 0
3687 6523 0
3680 6526 0
3673 6529 0
3667 6535 0
3662 6541 0
3658 6546 0
3656 6552 0
3655 6557 0
3655 6561 0
3656 6564 0
3658 6568 0
3661 6572 0
3666 6577 0
3673 6583 0
3680 6588 0
3688 6592 0
3695 6596 0
3700 6599 0
3705 6602 0
3708 6605 0
3710 6608 0
3711 6611 0
3712 6614 0
3712 6618 0
3712 6624 0
3712 6629 0
3711 6633 0
3710 6636 0
3711 6633 0
3712 6629 0
3712 6625 0
3712 6621 0
3712 6617 0
3711 6611 0
3710 6607 0
3708 6602 0
3705 6597 0
3701 6593 0
3698 6591 0
3693 6589 0
3688 6588 0
3683 6588 0
3678 6588 0
3672 6590 0
3666 6596 0
3660 6605 0
3656 6614 0
3650 6625 0
3646 6636 0
3642 6646 0
3639 6656 0
3637 6665 0
3637 6673 0
3638 6681 0
3639 6689 0
3644 6697 0
3649 6705 0
3656 6710 0
3665 6715 0
3675 6718 0
3686 6721 0
3696 6723 0
3704 6724 0
3711 6724 0
3718 6724 0
3722 6723 0
3724 6720 0
3725 6716 0
.PEN_UP
.PEN_DOWN
3707 6654 0
3710 6654 0
3712 6648 0
3713 6644 0
3714 6641 0
3710 6648 0
3702 6660 0
3688 6678 0
3669 6696 0
3651 6711 0
3633 6724 0
3614 6735 0
3599 6743 0
3586 6746 0
.PEN_UP
.PEN_DOWN
3659 6458 0
3656 6455 0
3653 6452 0
3650 6450 0
3653 6450 0
3656 6450 0
3660 6451 0
3669 6452 0
3683 6453 0
3696 6454 0
3715 6455 0
3738 6457 0
3765 6460 0
3796 6464 0
3821 6468 0
3838 6472 0
3847 6474 0
3851 6474 0
3845 6472 0
3834 6468 0
.PEN_UP
