.VERSION 1.0 
.HIERARCHY CHARACTER
.COORD X Y T
.SEGMENT CHARACTER 0-3 OK "16"
.H_LINE 6249 7124
.V_LINE 1999 2749
.X_DIM 749
.Y_DIM 875
.X_POINTS_PER_INCH 1000
.Y_POINTS_PER_INCH 1000
.POINTS_PER_SECOND 125
.COMMENT CALIB X: 9 Y: -94

.WRITER_INFO
 Name: Y SRAVAN KUMAR
 WriterId: 28
 Hand: right
 EducationLevel: college graduate
 Gender: male
 Profession: student
 Region: markapur
 Age: 22
 DeviceType: digimemo a402
 SkillDevice: average
 Language: hindi
 Script: indic
 Native: false
 Style: discrete
 UsageFreq: rarely
 Proficiency: average
 Date: 2007-6-15
 WritingInProfession: no

.PEN_DOWN
2297 6570 0
2302 6573 0
2309 6578 0
2322 6582 0
2334 6586 0
2343 6590 0
2349 6593 0
2352 6596 0
2348 6598 0
2341 6599 0
2331 6599 0
2320 6599 0
2308 6600 0
2296 6602 0
2287 6606 0
2279 6611 0
2274 6618 0
2271 6628 0
2270 6640 0
2270 6651 0
2273 6664 0
2277 6675 0
2280 6682 0
2283 6686 0
2286 6687 0
2289 6687 0
2293 6685 0
2299 6681 0
2306 6676 0
2316 6672 0
2328 6669 0
2341 6668 0
2354 6670 0
2367 6674 0
2378 6681 0
2386 6691 0
2392 6703 0
2394 6716 0
2392 6729 0
2388 6741 0
2381 6751 0
2371 6759 0
2360 6764 0
2349 6767 0
2339 6767 0
2330 6765 0
2324 6762 0
2320 6759 0
2317 6756 0
2320 6759 0
2324 6764 0
2328 6769 0
2333 6774 0
2336 6778 0
2338 6782 0
2339 6785 0
2343 6787 0
2348 6788 0
2356 6789 0
.PEN_UP
.PEN_DOWN
2259 6568 0
2257 6564 0
2256 6561 0
2263 6557 0
2275 6555 0
2292 6552 0
2316 6549 0
2343 6548 0
2371 6547 0
2397 6546 0
2418 6546 0
2433 6547 0
2442 6551 0
2446 6552 0
.PEN_UP
.PEN_DOWN
2380 6762 0
2374 6760 0
2369 6760 0
2363 6762 0
2356 6764 0
2348 6767 0
2339 6770 0
2331 6772 0
2324 6774 0
2318 6775 0
2312 6776 0
2306 6776 0
2301 6776 0
2298 6776 0
2301 6775 0
2301 6775 0
.PEN_UP
.PEN_DOWN
2438 6623 0
2435 6624 0
2432 6624 0
2435 6626 0
2440 6628 0
2443 6629 0
2447 6629 0
2454 6625 0
.PEN_UP
