.VERSION 1.0 
.HIERARCHY CHARACTER
.COORD X Y T
.SEGMENT CHARACTER 0-3 OK "47"
.H_LINE 6249 7124
.V_LINE 3500 4250
.X_DIM 750
.Y_DIM 875
.X_POINTS_PER_INCH 1000
.Y_POINTS_PER_INCH 1000
.POINTS_PER_SECOND 125
.COMMENT CALIB X: 0 Y: -97

.WRITER_INFO
 Name: Y SRAVAN KUMAR
 WriterId: 28
 Hand: right
 EducationLevel: college graduate
 Gender: male
 Profession: student
 Region: markapur
 Age: 22
 DeviceType: digimemo a402
 SkillDevice: average
 Language: hindi
 Script: indic
 Native: false
 Style: discrete
 UsageFreq: rarely
 Proficiency: average
 Date: 2007-6-15
 WritingInProfession: no

.PEN_DOWN
3878 6659 0
3878 6654 0
3877 6651 0
3874 6647 0
.PEN_UP
.PEN_DOWN
3744 6638 0
3742 6641 0
3742 6644 0
3741 6647 0
3740 6650 0
3740 6653 0
3740 6657 0
3740 6660 0
3740 6663 0
3740 6666 0
3740 6669 0
3740 6673 0
3740 6676 0
3740 6679 0
3741 6682 0
3741 6685 0
3741 6688 0
3742 6691 0
3742 6694 0
3745 6693 0
3748 6692 0
3752 6691 0
3756 6691 0
3761 6691 0
3765 6690 0
3768 6690 0
3771 6690 0
3776 6690 0
3781 6691 0
3786 6691 0
3789 6692 0
3792 6693 0
3795 6695 0
3798 6698 0
3801 6700 0
3804 6703 0
3807 6706 0
3809 6710 0
3813 6714 0
3816 6719 0
3819 6724 0
3822 6729 0
3825 6734 0
3826 6739 0
3826 6744 0
3825 6749 0
3824 6753 0
3823 6758 0
3822 6763 0
3820 6767 0
3817 6771 0
3813 6776 0
3807 6780 0
3801 6782 0
3794 6784 0
3786 6786 0
3779 6787 0
3773 6787 0
3766 6786 0
3762 6785 0
3759 6784 0
3757 6781 0
3757 6778 0
3757 6775 0
3757 6772 0
3758 6769 0
3759 6766 0
3760 6763 0
3762 6760 0
3766 6757 0
3771 6755 0
3775 6755 0
3779 6756 0
3783 6758 0
3788 6763 0
3793 6770 0
3798 6778 0
3803 6787 0
3808 6796 0
3813 6806 0
3818 6814 0
3822 6821 0
3825 6826 0
3827 6829 0
3830 6830 0
3831 6824 0
.PEN_UP
.PEN_DOWN
3741 6639 0
3746 6637 0
3754 6636 0
3765 6635 0
3779 6635 0
3797 6634 0
3818 6634 0
3839 6634 0
3856 6633 0
3870 6632 0
3879 6631 0
3884 6630 0
3883 6627 0
3881 6624 0
3879 6621 0
3878 6618 0
3877 6615 0
3877 6612 0
3877 6608 0
3876 6604 0
3874 6601 0
3871 6597 0
3868 6593 0
3865 6589 0
3863 6586 0
3861 6583 0
3863 6587 0
3865 6595 0
3867 6606 0
3870 6621 0
3872 6640 0
3873 6657 0
3875 6673 0
3875 6693 0
3876 6709 0
3878 6721 0
3880 6729 0
3881 6734 0
3879 6723 0
.PEN_UP
.PEN_DOWN
3757 6568 0
3761 6565 0
3768 6562 0
3778 6560 0
3793 6558 0
3813 6557 0
3837 6556 0
3863 6555 0
3886 6554 0
3903 6554 0
3914 6554 0
3920 6554 0
3923 6554 0
3930 6555 0
.PEN_UP
