.VERSION 1.0 
.HIERARCHY CHARACTER
.COORD X Y T
.SEGMENT CHARACTER 0-2 OK "72"
.H_LINE 4624 5499
.V_LINE 3500 4250
.X_DIM 750
.Y_DIM 874
.X_POINTS_PER_INCH 1000
.Y_POINTS_PER_INCH 1000
.POINTS_PER_SECOND 125
.COMMENT CALIB X: 12 Y: -72

.WRITER_INFO
 Name: Y SRAVAN KUMAR
 WriterId: 28
 Hand: right
 EducationLevel: college graduate
 Gender: male
 Profession: student
 Region: markapur
 Age: 22
 DeviceType: digimemo a402
 SkillDevice: average
 Language: hindi
 Script: indic
 Native: false
 Style: discrete
 UsageFreq: rarely
 Proficiency: average
 Date: 2007-6-15
 WritingInProfession: no

.PEN_DOWN
3747 5072 0
3747 5069 0
3750 5067 0
3754 5067 0
3758 5067 0
3762 5068 0
3765 5069 0
3769 5072 0
3773 5076 0
3777 5080 0
3780 5084 0
3783 5088 0
3786 5092 0
3788 5095 0
3790 5099 0
3792 5103 0
3794 5107 0
3796 5110 0
3798 5113 0
3799 5116 0
3800 5119 0
3800 5123 0
3799 5127 0
3798 5131 0
3797 5135 0
3796 5140 0
3794 5146 0
3792 5151 0
3790 5156 0
3787 5161 0
3785 5165 0
3783 5169 0
3781 5173 0
3779 5176 0
3776 5178 0
3773 5179 0
3769 5179 0
3765 5179 0
3760 5178 0
3754 5177 0
3748 5175 0
3742 5174 0
3737 5173 0
3731 5172 0
3726 5171 0
3722 5170 0
3718 5169 0
3714 5168 0
3710 5167 0
3707 5166 0
3704 5166 0
3701 5165 0
3698 5165 0
3695 5165 0
3699 5163 0
3704 5166 0
3713 5160 0
.PEN_UP
.PEN_DOWN
3814 5131 0
3811 5129 0
3807 5127 0
3804 5126 0
3801 5125 0
3801 5122 0
3806 5118 0
3814 5115 0
3827 5112 0
3842 5109 0
3858 5107 0
3872 5106 0
3885 5105 0
3897 5104 0
3905 5104 0
3908 5104 0
3914 5104 0
.PEN_UP
.PEN_DOWN
3743 4994 0
3740 4994 0
3737 4994 0
3733 4994 0
3728 4994 0
3723 4994 0
3719 4994 0
3715 4994 0
3711 4994 0
3707 4994 0
3704 4994 0
3703 4999 0
3704 5002 0
3707 5004 0
3713 5005 0
3722 5006 0
3732 5007 0
3743 5007 0
3757 5007 0
3771 5006 0
3789 5005 0
3809 5004 0
3829 5003 0
3848 5002 0
3865 5001 0
3881 5000 0
3896 4999 0
3906 4998 0
3912 4997 0
3916 4997 0
3919 4997 0
3922 4997 0
.PEN_UP
