.VERSION 1.0 
.HIERARCHY CHARACTER
.COORD X Y T
.SEGMENT CHARACTER 0-1 OK "94"
.H_LINE 1374 2249
.V_LINE 6500 7250
.X_DIM 750
.Y_DIM 874
.X_POINTS_PER_INCH 1000
.Y_POINTS_PER_INCH 1000
.POINTS_PER_SECOND 125
.COMMENT CALIB X: 25 Y: -88

.WRITER_INFO
 Name: Y SRAVAN KUMAR
 WriterId: 28
 Hand: right
 EducationLevel: college graduate
 Gender: male
 Profession: student
 Region: markapur
 Age: 22
 DeviceType: digimemo a402
 SkillDevice: average
 Language: hindi
 Script: indic
 Native: false
 Style: discrete
 UsageFreq: rarely
 Proficiency: average
 Date: 2007-6-15
 WritingInProfession: no

.PEN_DOWN
6818 1747 0
6815 1748 0
6813 1751 0
6810 1754 0
6809 1757 0
6808 1760 0
6806 1763 0
6803 1767 0
6800 1772 0
6797 1777 0
6791 1784 0
6786 1789 0
6780 1793 0
6773 1796 0
6765 1799 0
6756 1801 0
6746 1802 0
6736 1802 0
6727 1802 0
6720 1801 0
6712 1800 0
6705 1798 0
6700 1795 0
6695 1792 0
6692 1788 0
6690 1783 0
6688 1778 0
6686 1771 0
6685 1764 0
6685 1758 0
6686 1752 0
6688 1746 0
6690 1740 0
6693 1734 0
6698 1729 0
6703 1726 0
6711 1723 0
6720 1721 0
6730 1720 0
6740 1720 0
6750 1722 0
6759 1725 0
6767 1728 0
6772 1732 0
6775 1737 0
6777 1742 0
6777 1747 0
6776 1752 0
6774 1758 0
6771 1764 0
6768 1770 0
6764 1776 0
6761 1782 0
6758 1788 0
6755 1793 0
6752 1797 0
6750 1801 0
6747 1806 0
6744 1811 0
6742 1817 0
6740 1823 0
6739 1830 0
6739 1835 0
6740 1841 0
6742 1847 0
6745 1853 0
6748 1859 0
6752 1864 0
6758 1867 0
6764 1870 0
6770 1872 0
6775 1873 0
6780 1873 0
6784 1872 0
6788 1870 0
6791 1866 0
6794 1863 0
6796 1860 0
6797 1856 0
6798 1853 0
6797 1850 0
6795 1847 0
6794 1844 0
6793 1841 0
6790 1839 0
6787 1842 0
6785 1845 0
6783 1851 0
6781 1857 0
6780 1865 0
6779 1872 0
6779 1880 0
6779 1888 0
6778 1895 0
6777 1901 0
6776 1906 0
6775 1910 0
6772 1914 0
6767 1916 0
6761 1919 0
6753 1920 0
6745 1918 0
.PEN_UP
.PEN_DOWN
6714 1656 0
6711 1656 0
6708 1656 0
6705 1655 0
6709 1654 0
6716 1653 0
6729 1652 0
6746 1651 0
6764 1650 0
6780 1649 0
6794 1649 0
6806 1649 0
6816 1649 0
6824 1649 0
6829 1649 0
6832 1649 0
6834 1640 0
6835 1645 0
.PEN_UP
