.VERSION 1.0 
.HIERARCHY CHARACTER
.COORD X Y T
.SEGMENT CHARACTER 0-2 OK "97"
.H_LINE 2999 3874
.V_LINE 3500 4250
.X_DIM 750
.Y_DIM 874
.X_POINTS_PER_INCH 1000
.Y_POINTS_PER_INCH 1000
.POINTS_PER_SECOND 125
.COMMENT CALIB X: 7 Y: -113

.WRITER_INFO
 Name: Y SRAVAN KUMAR
 WriterId: 28
 Hand: right
 EducationLevel: college graduate
 Gender: male
 Profession: student
 Region: markapur
 Age: 22
 DeviceType: digimemo a402
 SkillDevice: average
 Language: hindi
 Script: indic
 Native: false
 Style: discrete
 UsageFreq: rarely
 Proficiency: average
 Date: 2007-6-15
 WritingInProfession: no

.PEN_DOWN
3786 3319 0
3789 3321 0
3795 3325 0
3805 3331 0
3817 3337 0
3829 3342 0
3837 3346 0
3841 3350 0
3841 3353 0
3836 3356 0
3828 3359 0
3817 3362 0
3804 3365 0
3792 3369 0
3782 3374 0
3772 3382 0
3766 3391 0
3763 3402 0
3762 3415 0
3764 3429 0
3768 3444 0
3773 3456 0
3778 3465 0
3784 3471 0
3789 3474 0
3794 3475 0
3799 3474 0
3803 3472 0
3808 3469 0
3814 3465 0
3822 3461 0
3832 3458 0
3841 3454 0
3848 3453 0
.PEN_UP
.PEN_DOWN
3809 3477 0
3809 3474 0
3814 3474 0
3820 3477 0
3827 3481 0
3834 3485 0
3839 3489 0
3842 3494 0
3843 3498 0
3843 3502 0
3840 3505 0
3834 3509 0
3826 3511 0
3818 3514 0
3810 3517 0
3802 3520 0
3795 3524 0
3789 3528 0
3784 3535 0
3780 3541 0
3778 3548 0
3777 3555 0
3778 3562 0
3780 3568 0
3784 3574 0
3791 3579 0
3799 3582 0
3808 3583 0
3819 3582 0
3832 3579 0
3845 3575 0
3858 3570 0
.PEN_UP
.PEN_DOWN
3744 3285 0
3747 3286 0
3754 3287 0
3764 3288 0
3776 3288 0
3792 3287 0
3813 3286 0
3836 3285 0
3858 3283 0
3875 3281 0
3888 3280 0
3896 3280 0
3899 3280 0
3900 3274 0
3901 3280 0
.PEN_UP
