.VERSION 1.0 
.HIERARCHY CHARACTER
.COORD X Y T
.SEGMENT CHARACTER 0-2 OK "108"
.H_LINE 6249 7124
.V_LINE 5000 5750
.X_DIM 750
.Y_DIM 875
.X_POINTS_PER_INCH 1000
.Y_POINTS_PER_INCH 1000
.POINTS_PER_SECOND 125
.COMMENT CALIB X: 24 Y: -115

.WRITER_INFO
 Name: Y SRAVAN KUMAR
 WriterId: 28
 Hand: right
 EducationLevel: college graduate
 Gender: male
 Profession: student
 Region: markapur
 Age: 22
 DeviceType: digimemo a402
 SkillDevice: average
 Language: hindi
 Script: indic
 Native: false
 Style: discrete
 UsageFreq: rarely
 Proficiency: average
 Date: 2007-6-15
 WritingInProfession: no

.PEN_DOWN
5290 6479 0
5293 6484 0
5298 6491 0
5305 6497 0
5313 6503 0
5320 6509 0
5325 6515 0
5330 6520 0
5334 6524 0
5335 6527 0
5332 6529 0
5328 6530 0
5324 6530 0
5320 6529 0
5315 6528 0
5309 6527 0
5303 6527 0
5297 6527 0
5290 6527 0
5284 6528 0
5279 6530 0
5273 6533 0
5266 6537 0
5261 6541 0
5257 6546 0
5253 6550 0
5251 6555 0
5250 6561 0
5250 6566 0
5251 6572 0
5252 6578 0
5254 6584 0
5256 6590 0
5258 6594 0
5260 6598 0
5263 6600 0
5267 6602 0
5271 6603 0
5274 6602 0
5278 6602 0
5282 6601 0
5286 6600 0
5289 6599 0
5292 6598 0
5296 6597 0
5299 6595 0
5303 6593 0
5306 6592 0
5311 6591 0
5317 6590 0
5324 6590 0
5330 6590 0
5333 6590 0
5337 6590 0
5341 6591 0
5345 6592 0
5350 6594 0
5354 6596 0
5358 6598 0
5361 6602 0
5363 6607 0
5366 6612 0
5368 6617 0
5370 6622 0
5372 6626 0
5374 6630 0
5375 6633 0
5375 6636 0
5375 6639 0
5374 6642 0
5373 6645 0
5372 6648 0
5370 6651 0
5368 6655 0
5366 6661 0
5363 6665 0
5361 6669 0
5359 6673 0
5358 6676 0
5357 6680 0
5356 6683 0
5356 6686 0
5355 6689 0
5356 6692 0
5360 6695 0
5365 6697 0
5371 6698 0
5376 6698 0
5381 6699 0
5386 6699 0
5391 6698 0
5395 6697 0
5399 6697 0
5402 6696 0
5405 6695 0
5408 6694 0
5411 6694 0
5411 6694 0
.PEN_UP
.PEN_DOWN
5290 6613 0
5287 6612 0
5283 6612 0
5279 6617 0
5275 6623 0
5272 6630 0
5268 6641 0
5264 6655 0
5262 6671 0
5261 6688 0
5261 6705 0
5264 6720 0
5269 6734 0
5274 6744 0
5281 6751 0
5288 6756 0
5297 6756 0
5310 6753 0
.PEN_UP
.PEN_DOWN
5253 6482 0
5255 6479 0
5263 6478 0
5275 6476 0
5291 6476 0
5312 6475 0
5335 6475 0
5359 6474 0
5381 6473 0
5400 6473 0
5413 6473 0
5420 6473 0
5424 6473 0
5424 6473 0
.PEN_UP
