.VERSION 1.0 
.HIERARCHY CHARACTER
.COORD X Y T
.SEGMENT CHARACTER 0-2 OK "41"
.H_LINE 4624 5499
.V_LINE 1999 2749
.X_DIM 749
.Y_DIM 874
.X_POINTS_PER_INCH 1000
.Y_POINTS_PER_INCH 1000
.POINTS_PER_SECOND 125
.COMMENT CALIB X: 26 Y: -150

.WRITER_INFO
 Name: PRAVEEN
 WriterId: 1
 Hand: right
 EducationLevel: post graduate
 Gender: male
 Profession: student
 Region: hyderabad
 Age: 23
 DeviceType: digimemo a402
 SkillDevice: average
 Language: hindi
 Script: indic
 Native: false
 Style: discrete
 UsageFreq: rarely
 Proficiency: average
 Date: 2007-6-6
 WritingInProfession: no

.PEN_DOWN
2295 4899 0
2296 4895 0
2298 4889 0
2299 4881 0
2298 4873 0
2299 4866 0
2299 4862 0
2298 4869 0
2296 4882 0
2295 4899 0
2293 4916 0
2288 4935 0
2285 4950 0
2282 4963 0
2279 4972 0
2278 4976 0
2279 4969 0
2282 4956 0
2287 4940 0
2292 4927 0
2297 4918 0
2304 4910 0
2321 4906 0
2343 4907 0
2361 4914 0
2375 4931 0
2384 4954 0
2386 4981 0
2381 5007 0
2369 5033 0
2355 5058 0
2340 5079 0
2327 5095 0
2316 5105 0
2309 5111 0
2304 5111 0
2301 5108 0
2298 5101 0
2294 5086 0
2292 5072 0
2292 5062 0
2294 5056 0
2297 5053 0
2303 5053 0
2314 5055 0
2326 5059 0
2336 5064 0
2343 5071 0
2348 5080 0
2353 5091 0
2356 5102 0
2358 5112 0
2359 5121 0
2361 5125 0
2369 5127 0
.PEN_UP
.PEN_DOWN
2475 4883 0
2473 4875 0
2472 4868 0
2471 4865 0
2470 4870 0
2469 4884 0
2470 4908 0
2470 4939 0
2468 4971 0
2463 4998 0
2456 5021 0
2449 5043 0
2444 5063 0
2440 5078 0
2437 5087 0
2436 5092 0
2437 5086 0
2437 5076 0
2436 5060 0
.PEN_UP
.PEN_DOWN
2246 4888 0
2241 4886 0
2238 4883 0
2239 4880 0
2246 4876 0
2259 4871 0
2281 4866 0
2316 4861 0
2364 4858 0
2421 4857 0
2474 4855 0
2514 4854 0
2544 4852 0
2560 4852 0
2568 4851 0
2571 4851 0
2566 4848 0
2559 4848 0
2552 4845 0
.PEN_UP
