.VERSION 1.0 
.HIERARCHY CHARACTER
.COORD X Y T
.SEGMENT CHARACTER 0-2 OK "47"
.H_LINE 6249 7124
.V_LINE 3500 4250
.X_DIM 750
.Y_DIM 875
.X_POINTS_PER_INCH 1000
.Y_POINTS_PER_INCH 1000
.POINTS_PER_SECOND 125
.COMMENT CALIB X: 86 Y: -134

.WRITER_INFO
 Name: PRAVEEN
 WriterId: 1
 Hand: right
 EducationLevel: post graduate
 Gender: male
 Profession: student
 Region: hyderabad
 Age: 23
 DeviceType: digimemo a402
 SkillDevice: average
 Language: hindi
 Script: indic
 Native: false
 Style: discrete
 UsageFreq: rarely
 Proficiency: average
 Date: 2007-6-6
 WritingInProfession: no

.PEN_DOWN
4001 6465 0
4002 6460 0
4001 6455 0
3998 6455 0
3997 6461 0
3995 6472 0
3992 6490 0
3988 6512 0
3982 6538 0
3973 6573 0
3965 6609 0
3957 6643 0
3951 6675 0
3946 6698 0
3942 6716 0
3940 6727 0
3938 6732 0
3938 6725 0
3938 6712 0
3940 6693 0
3947 6670 0
.PEN_UP
.PEN_DOWN
3987 6543 0
3983 6540 0
3975 6538 0
3960 6538 0
3937 6540 0
3907 6543 0
3880 6546 0
3854 6550 0
3833 6552 0
3816 6554 0
3806 6555 0
3800 6556 0
3797 6556 0
3800 6555 0
3803 6554 0
3806 6552 0
3813 6550 0
3825 6548 0
3836 6546 0
3851 6544 0
3871 6543 0
3889 6546 0
3903 6557 0
3911 6575 0
3911 6601 0
3905 6632 0
3894 6660 0
3880 6687 0
3862 6709 0
3848 6723 0
3833 6733 0
3820 6738 0
3811 6739 0
3804 6738 0
3801 6736 0
3799 6731 0
3800 6723 0
3802 6717 0
3805 6713 0
3809 6712 0
3812 6714 0
3818 6722 0
3828 6729 0
3835 6735 0
3839 6742 0
3843 6747 0
3845 6751 0
3847 6754 0
3851 6755 0
3857 6754 0
3868 6742 0
.PEN_UP
.PEN_DOWN
3856 6465 0
3848 6462 0
3844 6460 0
3848 6454 0
3864 6446 0
3899 6439 0
3945 6434 0
3996 6431 0
4038 6429 0
4067 6427 0
4083 6427 0
4091 6427 0
4094 6426 0
4095 6423 0
4098 6412 0
.PEN_UP
