.VERSION 1.0 
.HIERARCHY CHARACTER
.COORD X Y T
.SEGMENT CHARACTER 0-1 OK "19"
.H_LINE 6249 7124
.V_LINE 6500 7250
.X_DIM 750
.Y_DIM 875
.X_POINTS_PER_INCH 1000
.Y_POINTS_PER_INCH 1000
.POINTS_PER_SECOND 125
.COMMENT CALIB X: 68 Y: -83

.WRITER_INFO
 Name: S SRIRAM
 WriterId: 31
 Hand: right
 EducationLevel: high school
 Gender: male
 Profession: student
 Region: hyderabad
 Age: 20
 DeviceType: digimemo a402
 SkillDevice: average
 Language: hindi
 Script: indic
 Native: false
 Style: discrete
 UsageFreq: rarely
 Proficiency: good
 Date: 2007-6-15
 WritingInProfession: no

.PEN_DOWN
6569 6764 0
6572 6763 0
6575 6762 0
6578 6762 0
6577 6767 0
6576 6775 0
6575 6785 0
6575 6795 0
6575 6805 0
6577 6815 0
6579 6824 0
6582 6832 0
6586 6839 0
6594 6844 0
6602 6848 0
6612 6849 0
6626 6849 0
6641 6846 0
6659 6840 0
6676 6834 0
6688 6826 0
6698 6817 0
6705 6810 0
6708 6803 0
6709 6797 0
6709 6790 0
6708 6783 0
6707 6775 0
6704 6767 0
6700 6758 0
6696 6750 0
6692 6745 0
6687 6741 0
6682 6737 0
6676 6735 0
6672 6734 0
6669 6733 0
6673 6737 0
6681 6741 0
6689 6744 0
6698 6744 0
6713 6741 0
6732 6733 0
6753 6721 0
6773 6707 0
6789 6692 0
6800 6679 0
6808 6668 0
6813 6656 0
6817 6645 0
6819 6635 0
6820 6627 0
6821 6620 0
6822 6615 0
6823 6611 0
6823 6608 0
6823 6613 0
6824 6622 0
6825 6639 0
6827 6660 0
6830 6695 0
6833 6727 0
6835 6757 0
6838 6786 0
6841 6809 0
6844 6827 0
6847 6841 0
6851 6852 0
6853 6861 0
6854 6865 0
6853 6862 0
6849 6855 0
6844 6844 0
6839 6827 0
.PEN_UP
.PEN_DOWN
6654 6595 0
6657 6595 0
6670 6595 0
6698 6594 0
6737 6594 0
6780 6594 0
6821 6593 0
6863 6590 0
6908 6588 0
6941 6586 0
6958 6585 0
6966 6585 0
6970 6584 0
6964 6581 0
6953 6579 0
6939 6580 0
6924 6583 0
.PEN_UP
