.VERSION 1.0 
.HIERARCHY CHARACTER
.COORD X Y T
.SEGMENT CHARACTER 0-2 OK "31"
.H_LINE 1374 2249
.V_LINE 1999 2749
.X_DIM 749
.Y_DIM 874
.X_POINTS_PER_INCH 1000
.Y_POINTS_PER_INCH 1000
.POINTS_PER_SECOND 125
.COMMENT CALIB X: 51 Y: -10

.WRITER_INFO
 Name: S SRIRAM
 WriterId: 31
 Hand: right
 EducationLevel: high school
 Gender: male
 Profession: student
 Region: hyderabad
 Age: 20
 DeviceType: digimemo a402
 SkillDevice: average
 Language: hindi
 Script: indic
 Native: false
 Style: discrete
 UsageFreq: rarely
 Proficiency: good
 Date: 2007-6-15
 WritingInProfession: no

.PEN_DOWN
2191 1716 0
2183 1715 0
2176 1714 0
2170 1713 0
2167 1713 0
2173 1711 0
2195 1708 0
2236 1704 0
2281 1699 0
2337 1692 0
2405 1685 0
2470 1679 0
2523 1675 0
2568 1672 0
2603 1671 0
2628 1670 0
2642 1669 0
2649 1669 0
2640 1671 0
2623 1676 0
2607 1684 0
.PEN_UP
.PEN_DOWN
2458 1721 0
2458 1727 0
2459 1738 0
2462 1758 0
2466 1785 0
2471 1814 0
2476 1843 0
2481 1869 0
2485 1890 0
2489 1910 0
2494 1930 0
2497 1948 0
2500 1963 0
2502 1975 0
2503 1985 0
2503 1993 0
2503 1999 0
2503 2002 0
2503 1999 0
2502 1993 0
2500 1984 0
2499 1974 0
.PEN_UP
.PEN_DOWN
2493 1865 0
2493 1862 0
2493 1858 0
2482 1854 0
2472 1850 0
2455 1846 0
2434 1842 0
2406 1840 0
2377 1839 0
2349 1841 0
2314 1846 0
2278 1852 0
2242 1859 0
2210 1866 0
2187 1872 0
2172 1878 0
2163 1884 0
2159 1890 0
2159 1897 0
2162 1905 0
2169 1912 0
2184 1919 0
2200 1925 0
2218 1929 0
2238 1930 0
2258 1929 0
2275 1927 0
2287 1925 0
2296 1921 0
2303 1915 0
2306 1909 0
2306 1903 0
2304 1896 0
2297 1890 0
2288 1885 0
2275 1882 0
2259 1881 0
2243 1881 0
2230 1883 0
2219 1889 0
2213 1893 0
.PEN_UP
