.VERSION 1.0 
.HIERARCHY CHARACTER
.COORD X Y T
.SEGMENT CHARACTER 0-3 OK "41"
.H_LINE 4624 5499
.V_LINE 1999 2749
.X_DIM 749
.Y_DIM 874
.X_POINTS_PER_INCH 1000
.Y_POINTS_PER_INCH 1000
.POINTS_PER_SECOND 125
.COMMENT CALIB X: -2 Y: 21

.WRITER_INFO
 Name: S SRIRAM
 WriterId: 31
 Hand: right
 EducationLevel: high school
 Gender: male
 Profession: student
 Region: hyderabad
 Age: 20
 DeviceType: digimemo a402
 SkillDevice: average
 Language: hindi
 Script: indic
 Native: false
 Style: discrete
 UsageFreq: rarely
 Proficiency: good
 Date: 2007-6-15
 WritingInProfession: no

.PEN_DOWN
2262 5017 0
2260 5020 0
2258 5025 0
2255 5029 0
2251 5033 0
2247 5037 0
2242 5041 0
2235 5045 0
2225 5047 0
2214 5047 0
2201 5045 0
2187 5041 0
2174 5035 0
2162 5028 0
2152 5021 0
2145 5011 0
2140 5001 0
2139 4989 0
2143 4975 0
2153 4963 0
2168 4951 0
2187 4943 0
2203 4937 0
2217 4934 0
2228 4933 0
2236 4934 0
2242 4938 0
2247 4945 0
2252 4955 0
2256 4968 0
2259 4987 0
2261 5013 0
2262 5041 0
2263 5072 0
2261 5107 0
2259 5136 0
2256 5160 0
2252 5179 0
2246 5194 0
2238 5206 0
2228 5217 0
2215 5226 0
2202 5231 0
2187 5234 0
2170 5236 0
2153 5235 0
2138 5233 0
2128 5231 0
2122 5229 0
2119 5227 0
2117 5223 0
2118 5216 0
2122 5209 0
2132 5202 0
2145 5196 0
2163 5192 0
2179 5191 0
2194 5194 0
2207 5199 0
2219 5206 0
2228 5214 0
2236 5225 0
2243 5237 0
2249 5251 0
2254 5266 0
2259 5285 0
2264 5302 0
2269 5318 0
2274 5331 0
2279 5344 0
2285 5348 0
.PEN_UP
.PEN_DOWN
2170 4942 0
2167 4942 0
2172 4942 0
2182 4940 0
2198 4938 0
2216 4937 0
2234 4936 0
2248 4935 0
2258 4936 0
2264 4936 0
2267 4936 0
2267 4936 0
.PEN_UP
.PEN_DOWN
2267 4942 0
2264 4942 0
2261 4942 0
2266 4942 0
2275 4942 0
2291 4941 0
2314 4940 0
2344 4940 0
2376 4940 0
2405 4940 0
2431 4941 0
2452 4941 0
2467 4942 0
2479 4942 0
2487 4943 0
2491 4943 0
2491 4940 0
2489 4943 0
.PEN_UP
.PEN_DOWN
2382 4949 0
2380 4953 0
2380 4963 0
2383 4978 0
2386 4999 0
2391 5026 0
2396 5058 0
2401 5095 0
2405 5131 0
2407 5162 0
2409 5185 0
2412 5207 0
2414 5224 0
2415 5236 0
2417 5244 0
2418 5248 0
2420 5245 0
2420 5237 0
2420 5227 0
2421 5216 0
2424 5201 0
.PEN_UP
