.VERSION 1.0 
.HIERARCHY CHARACTER
.COORD X Y T
.SEGMENT CHARACTER 0-2 OK "89"
.H_LINE 9500 10374
.V_LINE 6500 7250
.X_DIM 750
.Y_DIM 874
.X_POINTS_PER_INCH 1000
.Y_POINTS_PER_INCH 1000
.POINTS_PER_SECOND 125
.COMMENT CALIB X: 28 Y: -12

.WRITER_INFO
 Name: S SRIRAM
 WriterId: 31
 Hand: right
 EducationLevel: high school
 Gender: male
 Profession: student
 Region: hyderabad
 Age: 20
 DeviceType: digimemo a402
 SkillDevice: average
 Language: hindi
 Script: indic
 Native: false
 Style: discrete
 UsageFreq: rarely
 Proficiency: good
 Date: 2007-6-15
 WritingInProfession: no

.PEN_DOWN
6743 9937 0
6743 9934 0
6743 9930 0
6743 9927 0
6743 9924 0
6743 9921 0
6743 9918 0
6743 9915 0
6724 9912 0
6705 9911 0
6689 9911 0
6673 9913 0
6655 9918 0
6639 9924 0
6626 9931 0
6617 9939 0
6609 9950 0
6604 9961 0
6601 9973 0
6600 9985 0
6603 9998 0
6607 10011 0
6614 10023 0
6623 10035 0
6633 10044 0
6645 10052 0
6659 10058 0
6672 10064 0
6683 10069 0
6694 10073 0
6702 10075 0
6708 10076 0
6711 10077 0
6711 10070 0
.PEN_UP
.PEN_DOWN
6702 10075 0
6705 10076 0
6708 10077 0
6711 10077 0
6715 10076 0
6719 10075 0
6724 10073 0
6730 10071 0
6737 10070 0
6742 10070 0
6746 10069 0
6749 10069 0
6752 10069 0
6756 10068 0
6759 10067 0
6763 10066 0
6767 10065 0
6770 10064 0
6773 10062 0
6777 10059 0
6780 10056 0
6783 10054 0
6785 10051 0
6787 10048 0
6789 10045 0
6791 10042 0
6793 10039 0
6795 10035 0
6798 10032 0
6801 10029 0
6801 10029 0
.PEN_UP
.PEN_DOWN
6563 9836 0
6567 9837 0
6575 9837 0
6591 9837 0
6615 9837 0
6643 9837 0
6672 9837 0
6699 9838 0
6724 9838 0
6741 9838 0
6754 9839 0
6762 9839 0
6767 9839 0
6766 9843 0
6767 9849 0
.PEN_UP
