.VERSION 1.0 
.HIERARCHY CHARACTER
.COORD X Y T
.SEGMENT CHARACTER 0-3 OK "1"
.H_LINE 1374 2249
.V_LINE 1999 2749
.X_DIM 749
.Y_DIM 874
.X_POINTS_PER_INCH 1000
.Y_POINTS_PER_INCH 1000
.POINTS_PER_SECOND 125
.COMMENT CALIB X: -22 Y: -124

.WRITER_INFO
 Name: AJIT PADYANA
 WriterId: 18
 Hand: right
 EducationLevel: college graduate
 Gender: male
 Profession: student
 Region: mangalore
 Age: 22
 DeviceType: digimemo a402
 SkillDevice: average
 Language: hindi
 Script: indic
 Native: false
 Style: discrete
 UsageFreq: rarely
 Proficiency: average
 Date: 2007-6-13
 WritingInProfession: no

.PEN_DOWN
2203 1611 0
2204 1614 0
2204 1617 0
2204 1620 0
2202 1624 0
2201 1628 0
2198 1631 0
2194 1634 0
2191 1635 0
2188 1635 0
2185 1634 0
2183 1630 0
2182 1626 0
2184 1621 0
2187 1616 0
2192 1610 0
2199 1606 0
2208 1603 0
2217 1601 0
2225 1600 0
2232 1601 0
2239 1603 0
2245 1608 0
2251 1613 0
2256 1620 0
2259 1629 0
2260 1640 0
2259 1651 0
2256 1664 0
2251 1676 0
2243 1690 0
2235 1700 0
2226 1708 0
2217 1713 0
2210 1715 0
2205 1716 0
2201 1716 0
2199 1713 0
2202 1710 0
2206 1708 0
2212 1707 0
2220 1706 0
2226 1707 0
2231 1709 0
2234 1712 0
2237 1716 0
2240 1722 0
2243 1729 0
2245 1737 0
2246 1744 0
2246 1751 0
2245 1758 0
2242 1764 0
2240 1769 0
2237 1773 0
2232 1776 0
2224 1778 0
2211 1780 0
2196 1782 0
2181 1783 0
2168 1783 0
2158 1782 0
2150 1780 0
2145 1778 0
2143 1773 0
2144 1767 0
2145 1761 0
.PEN_UP
.PEN_DOWN
2250 1701 0
2252 1704 0
2256 1706 0
2263 1707 0
2274 1707 0
2288 1707 0
2303 1705 0
2319 1703 0
2336 1699 0
2352 1695 0
2366 1690 0
2376 1684 0
2383 1680 0
2387 1672 0
.PEN_UP
.PEN_DOWN
2400 1620 0
2398 1617 0
2396 1614 0
2393 1611 0
2390 1613 0
2388 1617 0
2387 1623 0
2386 1635 0
2385 1651 0
2383 1668 0
2380 1685 0
2377 1701 0
2375 1717 0
2372 1732 0
2370 1746 0
2368 1758 0
2367 1768 0
2366 1776 0
2366 1780 0
2366 1783 0
2370 1778 0
.PEN_UP
.PEN_DOWN
2318 1617 0
2314 1617 0
2311 1616 0
2312 1613 0
2315 1610 0
2324 1608 0
2339 1606 0
2363 1604 0
2391 1603 0
2417 1602 0
2439 1601 0
2454 1601 0
2468 1600 0
2477 1598 0
2484 1597 0
2487 1598 0
2490 1592 0
.PEN_UP
