.VERSION 1.0 
.HIERARCHY CHARACTER
.COORD X Y T
.SEGMENT CHARACTER 0-2 OK "47"
.H_LINE 6249 7124
.V_LINE 3500 4250
.X_DIM 750
.Y_DIM 875
.X_POINTS_PER_INCH 1000
.Y_POINTS_PER_INCH 1000
.POINTS_PER_SECOND 125
.COMMENT CALIB X: -16 Y: -131

.WRITER_INFO
 Name: AJIT PADYANA
 WriterId: 18
 Hand: right
 EducationLevel: college graduate
 Gender: male
 Profession: student
 Region: mangalore
 Age: 22
 DeviceType: digimemo a402
 SkillDevice: average
 Language: hindi
 Script: indic
 Native: false
 Style: discrete
 UsageFreq: rarely
 Proficiency: average
 Date: 2007-6-13
 WritingInProfession: no

.PEN_DOWN
3902 6540 0
3893 6540 0
3877 6541 0
3859 6541 0
3840 6543 0
3821 6546 0
3803 6549 0
3786 6553 0
3773 6558 0
3763 6564 0
3757 6569 0
3753 6574 0
3751 6579 0
3751 6583 0
3753 6586 0
3758 6588 0
3766 6589 0
3775 6590 0
3787 6591 0
3800 6592 0
3813 6594 0
3825 6596 0
3837 6598 0
3848 6601 0
3856 6606 0
3863 6612 0
3868 6619 0
3871 6628 0
3872 6639 0
3871 6650 0
3867 6663 0
3861 6676 0
3853 6689 0
3842 6700 0
3829 6710 0
3814 6717 0
3800 6722 0
3786 6724 0
3774 6723 0
3765 6720 0
3757 6714 0
3751 6703 0
3747 6692 0
3745 6679 0
3745 6668 0
3747 6660 0
3750 6655 0
3754 6652 0
3760 6651 0
3768 6652 0
3777 6655 0
3784 6661 0
3790 6668 0
3797 6678 0
3803 6690 0
3809 6703 0
3815 6715 0
3820 6726 0
3825 6735 0
3831 6742 0
3836 6747 0
3840 6750 0
3843 6751 0
3849 6747 0
.PEN_UP
.PEN_DOWN
3941 6493 0
3938 6496 0
3937 6500 0
3936 6506 0
3936 6517 0
3937 6528 0
3938 6541 0
3938 6556 0
3939 6573 0
3940 6592 0
3941 6611 0
3942 6632 0
3943 6656 0
3943 6679 0
3944 6698 0
3946 6712 0
3947 6722 0
3948 6728 0
3949 6731 0
3950 6726 0
3950 6719 0
.PEN_UP
.PEN_DOWN
3834 6477 0
3837 6476 0
3844 6476 0
3854 6475 0
3870 6475 0
3889 6475 0
3911 6475 0
3934 6474 0
3954 6473 0
3970 6473 0
3982 6472 0
3989 6471 0
3993 6471 0
3993 6471 0
.PEN_UP
