.VERSION 1.0 
.HIERARCHY CHARACTER
.COORD X Y T
.SEGMENT CHARACTER 0-1 OK "82"
.H_LINE 7874 8750
.V_LINE 3500 4250
.X_DIM 750
.Y_DIM 875
.X_POINTS_PER_INCH 1000
.Y_POINTS_PER_INCH 1000
.POINTS_PER_SECOND 125
.COMMENT CALIB X: -49 Y: -136

.WRITER_INFO
 Name: AJIT PADYANA
 WriterId: 18
 Hand: right
 EducationLevel: college graduate
 Gender: male
 Profession: student
 Region: mangalore
 Age: 22
 DeviceType: digimemo a402
 SkillDevice: average
 Language: hindi
 Script: indic
 Native: false
 Style: discrete
 UsageFreq: rarely
 Proficiency: average
 Date: 2007-6-13
 WritingInProfession: no

.PEN_DOWN
3683 8240 0
3683 8243 0
3683 8247 0
3683 8250 0
3683 8253 0
3681 8256 0
3678 8257 0
3675 8258 0
3672 8258 0
3669 8255 0
3667 8251 0
3667 8247 0
3667 8242 0
3668 8237 0
3670 8231 0
3673 8226 0
3676 8221 0
3681 8217 0
3688 8214 0
3695 8212 0
3702 8211 0
3710 8211 0
3717 8212 0
3722 8214 0
3725 8217 0
3728 8223 0
3731 8231 0
3734 8239 0
3736 8248 0
3738 8257 0
3740 8267 0
3741 8275 0
3742 8284 0
3741 8292 0
3739 8301 0
3736 8308 0
3732 8316 0
3727 8323 0
3723 8328 0
3717 8332 0
3712 8334 0
3708 8334 0
3705 8332 0
3703 8329 0
3702 8325 0
3702 8321 0
3703 8316 0
3705 8310 0
3707 8305 0
3711 8301 0
3716 8297 0
3724 8294 0
3735 8292 0
3747 8290 0
3760 8289 0
3773 8289 0
3788 8288 0
3805 8287 0
3816 8286 0
3823 8286 0
3826 8286 0
3826 8286 0
.PEN_UP
.PEN_DOWN
3705 8125 0
3697 8125 0
3692 8125 0
3689 8125 0
3696 8124 0
3706 8124 0
3719 8124 0
3734 8124 0
3751 8124 0
3769 8123 0
3789 8122 0
3804 8121 0
3815 8120 0
3824 8118 0
3833 8117 0
3838 8117 0
3841 8116 0
3846 8120 0
3857 8121 0
.PEN_UP
