.VERSION 1.0 
.HIERARCHY CHARACTER
.COORD X Y T
.SEGMENT CHARACTER 0-4 OK "105"
.H_LINE 6249 7124
.V_LINE 499 1250
.X_DIM 750
.Y_DIM 875
.X_POINTS_PER_INCH 1000
.Y_POINTS_PER_INCH 1000
.POINTS_PER_SECOND 125
.COMMENT CALIB X: -51 Y: -107

.WRITER_INFO
 Name: AJIT PADYANA
 WriterId: 18
 Hand: right
 EducationLevel: college graduate
 Gender: male
 Profession: student
 Region: mangalore
 Age: 22
 DeviceType: digimemo a402
 SkillDevice: average
 Language: hindi
 Script: indic
 Native: false
 Style: discrete
 UsageFreq: rarely
 Proficiency: average
 Date: 2007-6-13
 WritingInProfession: no

.PEN_DOWN
689 6539 0
688 6543 0
688 6548 0
688 6555 0
688 6563 0
689 6571 0
691 6581 0
693 6590 0
694 6599 0
696 6608 0
698 6616 0
700 6623 0
701 6629 0
702 6633 0
703 6636 0
702 6631 0
701 6626 0
699 6621 0
697 6614 0
695 6608 0
691 6603 0
686 6599 0
681 6597 0
673 6597 0
664 6597 0
654 6599 0
646 6601 0
638 6605 0
628 6609 0
620 6614 0
612 6620 0
606 6629 0
601 6638 0
599 6648 0
599 6660 0
602 6670 0
607 6680 0
614 6689 0
624 6696 0
638 6699 0
654 6700 0
669 6699 0
681 6698 0
690 6696 0
695 6695 0
698 6694 0
694 6699 0
.PEN_UP
.PEN_DOWN
656 6803 0
656 6806 0
653 6804 0
651 6801 0
648 6797 0
645 6793 0
643 6789 0
641 6785 0
640 6780 0
638 6773 0
637 6767 0
636 6760 0
635 6754 0
635 6748 0
636 6741 0
637 6735 0
639 6729 0
643 6720 0
651 6710 0
660 6702 0
669 6694 0
676 6690 0
684 6688 0
693 6687 0
701 6688 0
709 6690 0
716 6691 0
721 6692 0
724 6693 0
721 6693 0
.PEN_UP
.PEN_DOWN
732 6576 0
731 6579 0
731 6584 0
732 6592 0
734 6603 0
735 6615 0
736 6629 0
737 6643 0
739 6659 0
740 6674 0
741 6688 0
742 6698 0
742 6705 0
742 6710 0
742 6713 0
738 6710 0
733 6706 0
729 6700 0
725 6693 0
723 6685 0
721 6676 0
721 6668 0
723 6661 0
725 6655 0
729 6648 0
737 6643 0
745 6640 0
756 6637 0
769 6634 0
783 6632 0
797 6630 0
811 6629 0
823 6627 0
833 6624 0
.PEN_UP
.PEN_DOWN
832 6573 0
830 6569 0
828 6566 0
826 6571 0
824 6578 0
824 6588 0
824 6602 0
825 6620 0
827 6641 0
830 6662 0
834 6685 0
838 6707 0
842 6727 0
846 6745 0
849 6760 0
851 6771 0
853 6778 0
854 6782 0
855 6777 0
854 6768 0
.PEN_UP
.PEN_DOWN
694 6551 0
698 6552 0
704 6553 0
714 6554 0
731 6554 0
753 6553 0
783 6554 0
817 6555 0
848 6555 0
873 6555 0
890 6555 0
900 6554 0
905 6555 0
905 6555 0
.PEN_UP
