.VERSION 1.0 
.HIERARCHY CHARACTER
.COORD X Y T
.SEGMENT CHARACTER 0-3 OK "9"
.H_LINE 2999 3874
.V_LINE 6500 7250
.X_DIM 750
.Y_DIM 874
.X_POINTS_PER_INCH 1000
.Y_POINTS_PER_INCH 1000
.POINTS_PER_SECOND 125
.COMMENT CALIB X: -93 Y: -19

.WRITER_INFO
 Name: SHREEDHARA B
 WriterId: 101
 Hand: right
 EducationLevel: post graduate
 Gender: male
 Profession: teacher
 Region: mangalore
 Age: 24
 DeviceType: digimemo a402
 SkillDevice: average
 Language: hindi
 Script: indic
 Native: false
 Style: discrete
 UsageFreq: rarely
 Proficiency: average
 Date: 2007-7-20
 WritingInProfession: no

.PEN_DOWN
6789 3399 0
6786 3398 0
6785 3402 0
6785 3409 0
6785 3419 0
6785 3432 0
6784 3447 0
6782 3462 0
6778 3477 0
6773 3491 0
6769 3501 0
6765 3508 0
6763 3512 0
6763 3507 0
6764 3501 0
6766 3496 0
6768 3491 0
6771 3486 0
6773 3482 0
6776 3479 0
6779 3482 0
6782 3486 0
6787 3490 0
6796 3496 0
6805 3502 0
6814 3509 0
6823 3518 0
6833 3530 0
6843 3543 0
6853 3558 0
6861 3574 0
6869 3590 0
6875 3606 0
6881 3620 0
6885 3630 0
6888 3637 0
6889 3641 0
6888 3637 0
6886 3633 0
6885 3627 0
6884 3621 0
.PEN_UP
.PEN_DOWN
6911 3406 0
6913 3410 0
6914 3416 0
6915 3425 0
6916 3434 0
6917 3445 0
6918 3456 0
6918 3466 0
6918 3475 0
6918 3482 0
6918 3486 0
6917 3489 0
6938 3486 0
.PEN_UP
.PEN_DOWN
6925 3412 0
6926 3402 0
6927 3391 0
6927 3378 0
6926 3362 0
6922 3340 0
6916 3317 0
6908 3292 0
6897 3268 0
6881 3245 0
6864 3223 0
6845 3205 0
6826 3192 0
6809 3183 0
6795 3176 0
6784 3171 0
6775 3168 0
6769 3168 0
6766 3170 0
6763 3174 0
6763 3182 0
6766 3190 0
6773 3205 0
.PEN_UP
.PEN_DOWN
6714 3363 0
6722 3362 0
6736 3361 0
6760 3360 0
6798 3359 0
6844 3357 0
6887 3355 0
6926 3354 0
6959 3353 0
6984 3352 0
6998 3351 0
7005 3351 0
7001 3349 0
6993 3348 0
6982 3348 0
6975 3349 0
.PEN_UP
