.VERSION 1.0 
.HIERARCHY CHARACTER
.COORD X Y T
.SEGMENT CHARACTER 0-2 OK "103"
.H_LINE 4624 5499
.V_LINE 5000 5750
.X_DIM 750
.Y_DIM 874
.X_POINTS_PER_INCH 1000
.Y_POINTS_PER_INCH 1000
.POINTS_PER_SECOND 125
.COMMENT CALIB X: -124 Y: 17

.WRITER_INFO
 Name: SHREEDHARA B
 WriterId: 101
 Hand: right
 EducationLevel: post graduate
 Gender: male
 Profession: teacher
 Region: mangalore
 Age: 24
 DeviceType: digimemo a402
 SkillDevice: average
 Language: hindi
 Script: indic
 Native: false
 Style: discrete
 UsageFreq: rarely
 Proficiency: average
 Date: 2007-7-20
 WritingInProfession: no

.PEN_DOWN
5386 5061 0
5385 5057 0
5384 5054 0
5384 5060 0
5384 5073 0
5384 5093 0
5385 5115 0
5385 5138 0
5384 5160 0
5383 5181 0
5383 5201 0
5382 5220 0
5381 5236 0
5380 5249 0
5380 5258 0
5380 5263 0
5380 5259 0
5380 5253 0
5380 5244 0
5380 5233 0
5380 5221 0
5381 5209 0
5382 5196 0
5382 5184 0
5382 5174 0
5382 5165 0
5381 5158 0
5380 5152 0
5378 5148 0
5374 5144 0
5368 5140 0
5360 5137 0
5350 5135 0
5338 5134 0
5323 5134 0
5303 5137 0
5279 5141 0
5254 5146 0
5233 5152 0
5216 5157 0
5204 5162 0
5196 5167 0
5191 5170 0
5189 5173 0
5189 5176 0
5190 5179 0
5194 5182 0
5199 5183 0
5205 5183 0
5211 5183 0
5216 5182 0
5220 5181 0
5224 5179 0
5227 5177 0
5228 5174 0
5229 5170 0
5230 5165 0
5230 5161 0
5229 5158 0
5232 5162 0
.PEN_UP
.PEN_DOWN
5379 5169 0
5379 5166 0
5376 5167 0
5370 5171 0
5362 5176 0
5350 5182 0
5334 5190 0
5315 5200 0
5298 5210 0
5282 5222 0
5267 5236 0
5255 5250 0
5245 5263 0
5239 5273 0
5237 5279 0
5237 5284 0
5238 5287 0
5242 5289 0
5246 5290 0
5253 5288 0
5263 5283 0
5273 5278 0
5280 5272 0
5286 5266 0
5291 5259 0
5296 5252 0
5298 5246 0
5299 5241 0
5299 5236 0
5298 5232 0
5297 5229 0
5295 5226 0
.PEN_UP
.PEN_DOWN
5286 5048 0
5282 5046 0
5277 5044 0
5273 5041 0
5276 5038 0
5283 5037 0
5300 5035 0
5327 5032 0
5358 5029 0
5391 5026 0
5422 5024 0
5447 5023 0
5463 5023 0
5471 5023 0
5474 5023 0
5469 5022 0
5464 5022 0
.PEN_UP
