.VERSION 1.0 
.HIERARCHY CHARACTER
.COORD X Y T
.SEGMENT CHARACTER 0-2 OK "1"
.H_LINE 1374 2249
.V_LINE 1999 2749
.X_DIM 749
.Y_DIM 874
.X_POINTS_PER_INCH 1000
.Y_POINTS_PER_INCH 1000
.POINTS_PER_SECOND 125
.COMMENT CALIB X: 1 Y: -149

.WRITER_INFO
 Name: SATYANARAYAN RAJU
 WriterId: 43
 Hand: right
 EducationLevel: post graduate
 Gender: male
 Profession: student
 Region: hyderabad
 Age: 22
 DeviceType: digimemo a402
 SkillDevice: good
 Language: hindi
 Script: indic
 Native: false
 Style: discrete
 UsageFreq: rarely
 Proficiency: average
 Date: 2007-6-19
 WritingInProfession: no

.PEN_DOWN
2125 1865 0
2119 1865 0
2115 1865 0
2111 1865 0
2108 1864 0
2105 1863 0
2102 1862 0
2101 1859 0
2102 1856 0
2104 1853 0
2108 1849 0
2113 1846 0
2121 1842 0
2131 1839 0
2142 1836 0
2152 1834 0
2161 1832 0
2170 1832 0
2180 1832 0
2189 1833 0
2196 1835 0
2201 1839 0
2207 1843 0
2212 1848 0
2216 1854 0
2219 1861 0
2222 1869 0
2224 1876 0
2225 1883 0
2224 1892 0
2221 1901 0
2216 1909 0
2209 1918 0
2200 1927 0
2188 1935 0
2173 1942 0
2157 1947 0
2143 1950 0
2133 1953 0
2125 1955 0
2120 1956 0
2125 1954 0
2133 1952 0
2142 1951 0
2153 1950 0
2166 1949 0
2179 1949 0
2192 1949 0
2202 1950 0
2209 1952 0
2216 1954 0
2222 1957 0
2227 1961 0
2232 1966 0
2236 1971 0
2239 1976 0
2241 1981 0
2242 1986 0
2242 1991 0
2240 1996 0
2237 2001 0
2235 2005 0
2232 2008 0
2229 2011 0
2223 2014 0
2215 2017 0
2205 2018 0
2194 2020 0
2183 2020 0
2171 2020 0
2160 2019 0
2147 2018 0
2134 2018 0
2123 2017 0
2113 2016 0
2105 2015 0
2099 2014 0
2095 2013 0
2092 2012 0
2087 2010 0
.PEN_UP
.PEN_DOWN
2226 1946 0
2230 1949 0
2234 1952 0
2239 1954 0
2246 1956 0
2253 1958 0
2261 1959 0
2269 1959 0
2278 1957 0
2289 1954 0
2302 1950 0
2316 1945 0
2330 1939 0
2343 1932 0
2354 1924 0
2364 1915 0
2372 1905 0
2378 1895 0
2381 1885 0
2383 1875 0
2384 1866 0
2385 1858 0
2384 1852 0
2383 1846 0
2381 1841 0
2380 1836 0
2378 1832 0
2376 1835 0
2374 1840 0
2371 1848 0
2368 1858 0
2366 1869 0
2365 1882 0
2365 1898 0
2365 1914 0
2365 1930 0
2366 1946 0
2366 1960 0
2366 1973 0
2366 1985 0
2365 1995 0
2364 2004 0
2363 2011 0
2362 2015 0
2361 2018 0
2360 2015 0
.PEN_UP
.PEN_DOWN
2299 1818 0
2303 1815 0
2307 1814 0
2313 1813 0
2324 1813 0
2338 1812 0
2356 1812 0
2378 1812 0
2400 1812 0
2420 1811 0
2436 1811 0
2447 1811 0
2456 1811 0
2461 1811 0
2462 1814 0
.PEN_UP
