.VERSION 1.0 
.HIERARCHY CHARACTER
.COORD X Y T
.SEGMENT CHARACTER 0-1 OK "3"
.H_LINE 1374 2249
.V_LINE 5000 5750
.X_DIM 750
.Y_DIM 874
.X_POINTS_PER_INCH 1000
.Y_POINTS_PER_INCH 1000
.POINTS_PER_SECOND 125
.COMMENT CALIB X: 39 Y: -176

.WRITER_INFO
 Name: SATYANARAYAN RAJU
 WriterId: 43
 Hand: right
 EducationLevel: post graduate
 Gender: male
 Profession: student
 Region: hyderabad
 Age: 22
 DeviceType: digimemo a402
 SkillDevice: good
 Language: hindi
 Script: indic
 Native: false
 Style: discrete
 UsageFreq: rarely
 Proficiency: average
 Date: 2007-6-19
 WritingInProfession: no

.PEN_DOWN
5303 1779 0
5301 1783 0
5301 1788 0
5302 1795 0
5303 1804 0
5304 1814 0
5304 1828 0
5305 1842 0
5305 1853 0
5306 1864 0
5307 1874 0
5308 1881 0
5308 1885 0
5305 1882 0
5300 1880 0
5291 1880 0
5278 1881 0
5263 1883 0
5249 1886 0
5237 1889 0
5227 1893 0
5218 1898 0
5212 1902 0
5208 1906 0
5206 1911 0
5206 1915 0
5207 1918 0
5211 1921 0
5217 1922 0
5225 1923 0
5235 1923 0
5246 1923 0
5257 1923 0
5268 1923 0
5279 1924 0
5288 1925 0
5295 1928 0
5302 1933 0
5307 1939 0
5311 1946 0
5315 1954 0
5317 1962 0
5318 1970 0
5319 1978 0
5318 1985 0
5316 1990 0
5312 1994 0
5306 1997 0
5299 2000 0
5290 2002 0
5280 2003 0
5268 2003 0
5254 2003 0
5242 2002 0
5233 2001 0
5227 2000 0
5223 1996 0
5222 1992 0
5223 1989 0
5226 1986 0
5229 1983 0
5233 1981 0
5237 1980 0
5240 1980 0
5243 1982 0
5246 1985 0
5250 1989 0
5253 1994 0
5257 1998 0
5261 2004 0
5264 2011 0
5267 2019 0
5270 2027 0
5273 2034 0
5276 2042 0
5279 2048 0
5282 2054 0
5284 2059 0
5286 2063 0
5288 2066 0
5291 2066 0
5295 2061 0
.PEN_UP
.PEN_DOWN
5221 1789 0
5226 1787 0
5238 1784 0
5253 1782 0
5271 1780 0
5290 1777 0
5313 1774 0
5338 1772 0
5361 1769 0
5380 1766 0
5390 1764 0
5394 1762 0
5393 1765 0
5390 1768 0
5387 1773 0
.PEN_UP
