.VERSION 1.0 
.HIERARCHY CHARACTER
.COORD X Y T
.SEGMENT CHARACTER 0-2 OK "12"
.H_LINE 4624 5499
.V_LINE 3500 4250
.X_DIM 750
.Y_DIM 874
.X_POINTS_PER_INCH 1000
.Y_POINTS_PER_INCH 1000
.POINTS_PER_SECOND 125
.COMMENT CALIB X: 62 Y: -165

.WRITER_INFO
 Name: SATYANARAYAN RAJU
 WriterId: 43
 Hand: right
 EducationLevel: post graduate
 Gender: male
 Profession: student
 Region: hyderabad
 Age: 22
 DeviceType: digimemo a402
 SkillDevice: good
 Language: hindi
 Script: indic
 Native: false
 Style: discrete
 UsageFreq: rarely
 Proficiency: average
 Date: 2007-6-19
 WritingInProfession: no

.PEN_DOWN
3871 5022 0
3873 5018 0
3874 5011 0
3876 5006 0
3875 5010 0
3875 5016 0
3875 5023 0
3876 5032 0
3877 5041 0
3878 5052 0
3880 5065 0
3882 5077 0
3883 5090 0
3884 5105 0
3885 5119 0
3886 5132 0
3886 5142 0
3885 5150 0
3885 5156 0
3884 5159 0
3884 5162 0
3884 5165 0
3884 5168 0
3883 5171 0
3883 5174 0
3882 5177 0
3875 5180 0
.PEN_UP
.PEN_DOWN
3858 5069 0
3857 5066 0
3855 5061 0
3853 5056 0
3850 5051 0
3846 5047 0
3841 5044 0
3835 5042 0
3825 5041 0
3815 5042 0
3804 5046 0
3794 5051 0
3783 5059 0
3771 5068 0
3761 5079 0
3755 5090 0
3752 5101 0
3754 5111 0
3759 5121 0
3767 5129 0
3777 5136 0
3790 5139 0
3803 5140 0
3814 5138 0
3823 5133 0
3831 5127 0
3837 5120 0
3842 5112 0
3848 5104 0
3854 5095 0
3861 5087 0
3871 5080 0
3881 5074 0
3890 5069 0
3898 5065 0
3907 5063 0
3918 5062 0
3930 5063 0
3943 5065 0
3954 5069 0
3963 5074 0
3969 5080 0
3974 5088 0
3978 5098 0
3982 5109 0
3984 5120 0
3986 5132 0
3987 5143 0
3988 5154 0
3987 5163 0
3986 5171 0
3983 5177 0
3981 5181 0
3978 5184 0
3975 5187 0
3973 5190 0
.PEN_UP
.PEN_DOWN
3762 5012 0
3767 5009 0
3772 5006 0
3778 5005 0
3783 5004 0
3787 5003 0
3791 5002 0
3798 5001 0
3806 5001 0
3817 5001 0
3831 5000 0
3849 4998 0
3872 4996 0
3898 4995 0
3924 4994 0
3946 4992 0
3966 4991 0
3981 4990 0
3989 4989 0
3993 4989 0
3993 4992 0
.PEN_UP
