.VERSION 1.0 
.HIERARCHY CHARACTER
.COORD X Y T
.SEGMENT CHARACTER 0-2 OK "19"
.H_LINE 6249 7124
.V_LINE 6500 7250
.X_DIM 750
.Y_DIM 875
.X_POINTS_PER_INCH 1000
.Y_POINTS_PER_INCH 1000
.POINTS_PER_SECOND 125
.COMMENT CALIB X: 21 Y: -74

.WRITER_INFO
 Name: SATYANARAYAN RAJU
 WriterId: 43
 Hand: right
 EducationLevel: post graduate
 Gender: male
 Profession: student
 Region: hyderabad
 Age: 22
 DeviceType: digimemo a402
 SkillDevice: good
 Language: hindi
 Script: indic
 Native: false
 Style: discrete
 UsageFreq: rarely
 Proficiency: average
 Date: 2007-6-19
 WritingInProfession: no

.PEN_DOWN
6640 6890 0
6640 6886 0
6643 6882 0
6646 6879 0
6649 6876 0
6652 6874 0
6652 6878 0
6653 6883 0
6653 6890 0
6653 6899 0
6653 6909 0
6653 6920 0
6655 6933 0
6659 6948 0
6664 6963 0
6670 6978 0
6678 6992 0
6689 7003 0
6699 7010 0
6708 7014 0
6718 7016 0
6732 7015 0
6744 7012 0
6757 7007 0
6768 6999 0
6776 6990 0
6783 6978 0
6788 6966 0
6791 6955 0
6792 6945 0
6787 6934 0
6779 6926 0
6769 6920 0
6759 6915 0
6752 6914 0
6748 6913 0
6754 6912 0
6763 6910 0
6775 6908 0
6788 6906 0
6804 6903 0
6821 6899 0
6838 6895 0
6854 6892 0
6866 6889 0
6874 6887 0
6878 6886 0
6875 6889 0
6872 6890 0
.PEN_UP
.PEN_DOWN
6870 6828 0
6871 6825 0
6871 6829 0
6871 6834 0
6870 6842 0
6870 6852 0
6870 6865 0
6870 6879 0
6870 6895 0
6870 6910 0
6870 6924 0
6871 6938 0
6872 6949 0
6872 6958 0
6873 6966 0
6874 6972 0
6875 6975 0
6875 6975 0
.PEN_UP
.PEN_DOWN
6780 6819 0
6783 6818 0
6787 6816 0
6792 6814 0
6798 6812 0
6807 6811 0
6816 6809 0
6829 6809 0
6846 6810 0
6868 6811 0
6889 6812 0
6910 6812 0
6927 6813 0
6939 6813 0
6945 6814 0
6948 6815 0
6951 6819 0
.PEN_UP
