.VERSION 1.0 
.HIERARCHY CHARACTER
.COORD X Y T
.SEGMENT CHARACTER 0-1 OK "23"
.H_LINE 7874 8750
.V_LINE 5000 5750
.X_DIM 750
.Y_DIM 875
.X_POINTS_PER_INCH 1000
.Y_POINTS_PER_INCH 1000
.POINTS_PER_SECOND 125
.COMMENT CALIB X: 129 Y: -180

.WRITER_INFO
 Name: SATYANARAYAN RAJU
 WriterId: 43
 Hand: right
 EducationLevel: post graduate
 Gender: male
 Profession: student
 Region: hyderabad
 Age: 22
 DeviceType: digimemo a402
 SkillDevice: good
 Language: hindi
 Script: indic
 Native: false
 Style: discrete
 UsageFreq: rarely
 Proficiency: average
 Date: 2007-6-19
 WritingInProfession: no

.PEN_DOWN
5361 8193 0
5361 8190 0
5361 8186 0
5361 8183 0
5361 8187 0
5362 8193 0
5364 8200 0
5366 8209 0
5367 8219 0
5369 8228 0
5370 8238 0
5371 8248 0
5372 8258 0
5374 8266 0
5376 8273 0
5378 8279 0
5379 8283 0
5380 8286 0
5380 8283 0
5380 8279 0
5380 8276 0
5380 8272 0
5379 8269 0
5377 8266 0
5374 8262 0
5372 8259 0
5369 8257 0
5365 8256 0
5359 8255 0
5349 8255 0
5337 8255 0
5326 8257 0
5315 8260 0
5304 8264 0
5293 8269 0
5283 8274 0
5272 8281 0
5264 8290 0
5257 8301 0
5251 8314 0
5247 8327 0
5246 8342 0
5249 8358 0
5254 8374 0
5263 8388 0
5274 8401 0
5286 8412 0
5299 8422 0
5314 8429 0
5329 8433 0
5344 8434 0
5358 8432 0
5371 8429 0
5381 8424 0
5390 8417 0
5397 8407 0
5402 8396 0
5407 8385 0
5411 8372 0
5413 8360 0
5414 8348 0
5414 8336 0
5411 8325 0
5408 8314 0
5404 8302 0
5399 8291 0
5392 8279 0
5385 8270 0
5377 8263 0
5369 8259 0
5360 8256 0
5349 8256 0
5336 8257 0
5324 8260 0
5313 8264 0
5305 8269 0
.PEN_UP
.PEN_DOWN
5246 8174 0
5251 8174 0
5260 8174 0
5273 8174 0
5289 8173 0
5306 8173 0
5323 8173 0
5341 8173 0
5359 8172 0
5375 8171 0
5388 8171 0
5399 8171 0
5408 8171 0
5416 8170 0
.PEN_UP
