.VERSION 1.0 
.HIERARCHY CHARACTER
.COORD X Y T
.SEGMENT CHARACTER 0-1 OK "39"
.H_LINE 2999 3874
.V_LINE 6500 7250
.X_DIM 750
.Y_DIM 874
.X_POINTS_PER_INCH 1000
.Y_POINTS_PER_INCH 1000
.POINTS_PER_SECOND 125
.COMMENT CALIB X: 125 Y: -159

.WRITER_INFO
 Name: SATYANARAYAN RAJU
 WriterId: 43
 Hand: right
 EducationLevel: post graduate
 Gender: male
 Profession: student
 Region: hyderabad
 Age: 22
 DeviceType: digimemo a402
 SkillDevice: good
 Language: hindi
 Script: indic
 Native: false
 Style: discrete
 UsageFreq: rarely
 Proficiency: average
 Date: 2007-6-19
 WritingInProfession: no

.PEN_DOWN
6752 3558 0
6751 3561 0
6750 3564 0
6749 3567 0
6746 3567 0
6743 3566 0
6740 3563 0
6738 3559 0
6735 3554 0
6731 3550 0
6728 3544 0
6725 3539 0
6723 3533 0
6721 3528 0
6720 3522 0
6721 3515 0
6724 3509 0
6727 3503 0
6732 3497 0
6737 3491 0
6743 3486 0
6749 3481 0
6757 3477 0
6767 3474 0
6779 3472 0
6791 3472 0
6802 3472 0
6811 3474 0
6818 3478 0
6825 3483 0
6831 3489 0
6837 3497 0
6842 3504 0
6846 3512 0
6849 3519 0
6850 3527 0
6851 3535 0
6850 3541 0
6850 3545 0
6849 3548 0
6849 3544 0
6849 3540 0
6849 3537 0
6849 3533 0
6849 3529 0
6849 3525 0
6850 3521 0
6851 3515 0
6852 3510 0
6854 3505 0
6857 3499 0
6862 3493 0
6867 3488 0
6872 3483 0
6876 3479 0
6879 3477 0
6882 3475 0
6885 3473 0
6888 3473 0
6893 3475 0
6898 3478 0
6904 3482 0
6910 3487 0
6915 3492 0
6918 3497 0
6922 3503 0
6926 3509 0
6930 3515 0
6932 3521 0
6934 3527 0
6935 3533 0
6936 3540 0
6937 3545 0
6937 3549 0
6937 3553 0
6937 3556 0
6936 3553 0
6936 3550 0
6936 3547 0
6935 3542 0
6934 3536 0
6934 3530 0
6933 3523 0
6932 3512 0
6929 3500 0
6927 3487 0
6924 3472 0
6922 3455 0
6919 3438 0
6916 3421 0
6913 3406 0
6911 3392 0
6910 3382 0
6910 3376 0
6909 3372 0
6909 3375 0
6910 3379 0
6910 3384 0
6911 3390 0
.PEN_UP
.PEN_DOWN
6850 3357 0
6850 3354 0
6850 3351 0
6854 3350 0
6858 3349 0
6864 3349 0
6871 3349 0
6879 3349 0
6887 3349 0
6898 3349 0
6910 3350 0
6922 3350 0
6935 3350 0
6947 3350 0
6956 3350 0
6962 3350 0
6965 3350 0
6966 3353 0
6965 3357 0
.PEN_UP
