.VERSION 1.0 
.HIERARCHY CHARACTER
.COORD X Y T
.SEGMENT CHARACTER 0-1 OK "50"
.H_LINE 7874 8750
.V_LINE 499 1250
.X_DIM 750
.Y_DIM 875
.X_POINTS_PER_INCH 1000
.Y_POINTS_PER_INCH 1000
.POINTS_PER_SECOND 125
.COMMENT CALIB X: 35 Y: -97

.WRITER_INFO
 Name: SATYANARAYAN RAJU
 WriterId: 43
 Hand: right
 EducationLevel: post graduate
 Gender: male
 Profession: student
 Region: hyderabad
 Age: 22
 DeviceType: digimemo a402
 SkillDevice: good
 Language: hindi
 Script: indic
 Native: false
 Style: discrete
 UsageFreq: rarely
 Proficiency: average
 Date: 2007-6-19
 WritingInProfession: no

.PEN_DOWN
910 8245 0
904 8246 0
898 8246 0
892 8247 0
887 8249 0
883 8250 0
880 8251 0
878 8248 0
876 8244 0
874 8241 0
873 8237 0
872 8233 0
871 8228 0
872 8222 0
872 8216 0
873 8208 0
873 8200 0
873 8193 0
873 8185 0
873 8177 0
874 8168 0
876 8158 0
878 8150 0
880 8142 0
882 8134 0
885 8125 0
890 8117 0
895 8109 0
901 8103 0
906 8097 0
910 8092 0
915 8088 0
919 8085 0
923 8082 0
928 8080 0
932 8077 0
935 8075 0
938 8074 0
941 8072 0
945 8071 0
949 8071 0
954 8071 0
958 8071 0
961 8072 0
964 8072 0
968 8073 0
972 8074 0
976 8076 0
982 8079 0
987 8082 0
991 8085 0
994 8089 0
998 8093 0
1001 8097 0
1004 8101 0
1006 8105 0
1008 8109 0
1010 8115 0
1011 8121 0
1012 8126 0
1013 8133 0
1014 8139 0
1015 8145 0
1015 8152 0
1016 8159 0
1017 8166 0
1017 8174 0
1017 8181 0
1017 8189 0
1017 8197 0
1017 8205 0
1017 8212 0
1018 8220 0
1018 8228 0
1018 8235 0
1019 8241 0
1020 8246 0
1020 8252 0
1020 8258 0
1020 8264 0
1020 8269 0
1021 8274 0
1021 8278 0
1022 8283 0
1022 8288 0
1022 8292 0
1022 8296 0
1022 8300 0
1023 8303 0
1023 8306 0
1023 8310 0
1023 8314 0
1023 8318 0
1024 8322 0
1024 8325 0
1025 8328 0
1025 8331 0
1026 8334 0
1027 8337 0
1027 8340 0
1027 8343 0
1027 8346 0
1028 8349 0
1028 8352 0
1028 8355 0
1028 8358 0
1028 8361 0
1028 8364 0
1028 8367 0
1028 8370 0
1028 8375 0
1028 8379 0
1028 8384 0
1028 8389 0
1028 8394 0
1028 8399 0
1028 8405 0
1028 8410 0
1028 8415 0
1028 8419 0
1028 8423 0
1028 8427 0
1027 8430 0
1027 8433 0
1026 8436 0
1026 8436 0
.PEN_UP
.PEN_DOWN
911 8228 0
908 8228 0
911 8227 0
918 8227 0
928 8226 0
940 8226 0
956 8225 0
975 8223 0
995 8222 0
1013 8221 0
1028 8220 0
1039 8219 0
1047 8219 0
1052 8219 0
1052 8216 0
.PEN_UP
