.VERSION 1.0 
.HIERARCHY CHARACTER
.COORD X Y T
.SEGMENT CHARACTER 0-1 OK "90"
.H_LINE 1374 2249
.V_LINE 499 1250
.X_DIM 750
.Y_DIM 874
.X_POINTS_PER_INCH 1000
.Y_POINTS_PER_INCH 1000
.POINTS_PER_SECOND 125
.COMMENT CALIB X: -9 Y: -113

.WRITER_INFO
 Name: SATYANARAYAN RAJU
 WriterId: 43
 Hand: right
 EducationLevel: post graduate
 Gender: male
 Profession: student
 Region: hyderabad
 Age: 22
 DeviceType: digimemo a402
 SkillDevice: good
 Language: hindi
 Script: indic
 Native: false
 Style: discrete
 UsageFreq: rarely
 Proficiency: average
 Date: 2007-6-19
 WritingInProfession: no

.PEN_DOWN
662 1730 0
657 1730 0
651 1731 0
646 1731 0
641 1731 0
637 1731 0
634 1731 0
631 1730 0
628 1730 0
625 1731 0
628 1731 0
632 1731 0
638 1730 0
647 1729 0
658 1728 0
669 1728 0
681 1728 0
694 1729 0
708 1730 0
721 1731 0
732 1733 0
743 1734 0
756 1735 0
769 1735 0
784 1734 0
802 1732 0
821 1730 0
841 1728 0
857 1727 0
869 1726 0
876 1725 0
879 1725 0
882 1724 0
882 1724 0
.PEN_UP
.PEN_DOWN
739 1732 0
733 1732 0
730 1732 0
728 1735 0
727 1738 0
727 1742 0
727 1748 0
728 1755 0
729 1762 0
729 1770 0
728 1778 0
727 1786 0
726 1793 0
725 1798 0
725 1802 0
725 1799 0
725 1796 0
726 1793 0
727 1789 0
728 1786 0
730 1783 0
733 1781 0
736 1780 0
740 1780 0
745 1780 0
750 1781 0
756 1783 0
763 1785 0
770 1788 0
777 1792 0
783 1797 0
789 1801 0
794 1807 0
798 1813 0
801 1819 0
802 1826 0
802 1834 0
801 1842 0
798 1850 0
795 1857 0
792 1863 0
790 1867 0
787 1872 0
781 1877 0
773 1882 0
765 1887 0
753 1891 0
742 1894 0
732 1896 0
723 1897 0
716 1897 0
710 1896 0
706 1894 0
701 1892 0
698 1890 0
695 1889 0
695 1886 0
699 1891 0
704 1897 0
709 1906 0
714 1917 0
719 1931 0
724 1944 0
729 1959 0
734 1971 0
739 1982 0
744 1992 0
747 2000 0
749 2004 0
751 2007 0
754 2008 0
759 2007 0
767 2005 0
776 2003 0
785 2002 0
794 2001 0
.PEN_UP
