.VERSION 1.0 
.HIERARCHY CHARACTER
.COORD X Y T
.SEGMENT CHARACTER 0-1 OK "93"
.H_LINE 1374 2249
.V_LINE 5000 5750
.X_DIM 750
.Y_DIM 874
.X_POINTS_PER_INCH 1000
.Y_POINTS_PER_INCH 1000
.POINTS_PER_SECOND 125
.COMMENT CALIB X: 118 Y: -146

.WRITER_INFO
 Name: SATYANARAYAN RAJU
 WriterId: 43
 Hand: right
 EducationLevel: post graduate
 Gender: male
 Profession: student
 Region: hyderabad
 Age: 22
 DeviceType: digimemo a402
 SkillDevice: good
 Language: hindi
 Script: indic
 Native: false
 Style: discrete
 UsageFreq: rarely
 Proficiency: average
 Date: 2007-6-19
 WritingInProfession: no

.PEN_DOWN
5341 1733 0
5342 1730 0
5345 1734 0
5347 1738 0
5349 1742 0
5351 1748 0
5354 1754 0
5357 1759 0
5359 1764 0
5361 1768 0
5363 1772 0
5364 1776 0
5365 1779 0
5366 1782 0
5367 1785 0
5367 1788 0
5364 1786 0
5361 1784 0
5356 1783 0
5351 1782 0
5346 1781 0
5339 1780 0
5334 1780 0
5330 1779 0
5326 1779 0
5323 1779 0
5320 1780 0
5317 1781 0
5314 1782 0
5310 1784 0
5305 1785 0
5301 1787 0
5296 1791 0
5291 1794 0
5288 1797 0
5286 1801 0
5284 1805 0
5283 1808 0
5283 1812 0
5283 1816 0
5283 1820 0
5284 1825 0
5285 1830 0
5287 1835 0
5290 1840 0
5292 1844 0
5294 1848 0
5296 1851 0
5299 1854 0
5303 1856 0
5306 1857 0
5310 1858 0
5315 1859 0
5321 1859 0
5327 1859 0
5333 1860 0
5339 1860 0
5346 1861 0
5354 1862 0
5362 1863 0
5368 1864 0
5373 1865 0
5378 1866 0
5383 1867 0
5387 1868 0
5391 1868 0
5396 1869 0
5401 1871 0
5405 1872 0
5408 1873 0
5411 1874 0
5407 1873 0
5402 1871 0
5397 1870 0
5391 1869 0
5384 1869 0
5378 1869 0
5371 1869 0
5366 1870 0
5361 1872 0
5356 1874 0
5352 1877 0
5348 1880 0
5343 1884 0
5338 1887 0
5333 1892 0
5329 1898 0
5326 1905 0
5323 1911 0
5321 1918 0
5319 1925 0
5316 1932 0
5315 1938 0
5314 1944 0
5313 1949 0
5313 1954 0
5314 1959 0
5316 1963 0
5318 1967 0
5320 1970 0
5323 1973 0
5327 1977 0
5333 1979 0
5340 1981 0
5348 1982 0
5356 1982 0
5364 1979 0
5371 1980 0
.PEN_UP
.PEN_DOWN
5296 1698 0
5299 1697 0
5304 1696 0
5310 1695 0
5318 1695 0
5327 1694 0
5337 1694 0
5349 1694 0
5360 1694 0
5370 1694 0
5379 1694 0
5386 1694 0
5392 1694 0
5398 1695 0
5403 1696 0
5406 1697 0
5408 1700 0
5410 1704 0
5412 1709 0
.PEN_UP
