.VERSION 1.0 
.HIERARCHY CHARACTER
.COORD X Y T
.SEGMENT CHARACTER 0-2 OK "108"
.H_LINE 6249 7124
.V_LINE 5000 5750
.X_DIM 750
.Y_DIM 875
.X_POINTS_PER_INCH 1000
.Y_POINTS_PER_INCH 1000
.POINTS_PER_SECOND 125
.COMMENT CALIB X: 96 Y: -160

.WRITER_INFO
 Name: SATYANARAYAN RAJU
 WriterId: 43
 Hand: right
 EducationLevel: post graduate
 Gender: male
 Profession: student
 Region: hyderabad
 Age: 22
 DeviceType: digimemo a402
 SkillDevice: good
 Language: hindi
 Script: indic
 Native: false
 Style: discrete
 UsageFreq: rarely
 Proficiency: average
 Date: 2007-6-19
 WritingInProfession: no

.PEN_DOWN
5343 6575 0
5344 6572 0
5346 6569 0
5348 6566 0
5351 6568 0
5352 6573 0
5353 6579 0
5354 6586 0
5355 6595 0
5355 6606 0
5356 6617 0
5357 6630 0
5359 6643 0
5361 6654 0
5363 6663 0
5365 6671 0
5366 6676 0
5367 6679 0
5367 6675 0
5366 6670 0
5364 6664 0
5362 6656 0
5359 6649 0
5355 6643 0
5350 6639 0
5342 6636 0
5332 6635 0
5321 6637 0
5309 6641 0
5298 6646 0
5288 6652 0
5280 6660 0
5275 6668 0
5272 6678 0
5271 6687 0
5273 6695 0
5278 6703 0
5285 6710 0
5296 6716 0
5309 6721 0
5322 6725 0
5335 6727 0
5346 6728 0
5356 6728 0
5363 6728 0
5366 6728 0
5359 6728 0
5349 6729 0
5338 6731 0
5326 6734 0
5313 6738 0
5300 6742 0
5289 6747 0
5278 6753 0
5268 6757 0
5261 6763 0
5257 6770 0
5255 6777 0
5256 6784 0
5259 6790 0
5264 6796 0
5270 6801 0
5278 6805 0
5288 6808 0
5299 6811 0
5312 6814 0
5325 6816 0
5338 6817 0
5348 6817 0
5355 6817 0
5361 6816 0
5365 6815 0
5368 6814 0
5368 6810 0
.PEN_UP
.PEN_DOWN
5373 6719 0
5369 6723 0
5365 6728 0
5360 6737 0
5356 6747 0
5354 6756 0
5354 6765 0
5355 6773 0
5357 6781 0
5362 6789 0
5368 6794 0
5378 6797 0
5393 6798 0
5409 6797 0
5426 6795 0
5445 6792 0
5461 6788 0
5474 6781 0
.PEN_UP
.PEN_DOWN
5301 6560 0
5304 6559 0
5309 6557 0
5317 6556 0
5327 6555 0
5340 6554 0
5353 6555 0
5368 6555 0
5385 6555 0
5404 6556 0
5423 6556 0
5441 6555 0
5456 6554 0
5466 6553 0
5471 6552 0
5474 6552 0
5475 6546 0
5475 6546 0
.PEN_UP
