.VERSION 1.0 
.HIERARCHY CHARACTER
.COORD X Y T
.SEGMENT CHARACTER 0-2 OK "108"
.H_LINE 6249 7124
.V_LINE 5000 5750
.X_DIM 750
.Y_DIM 875
.X_POINTS_PER_INCH 1000
.Y_POINTS_PER_INCH 1000
.POINTS_PER_SECOND 125
.COMMENT CALIB X: 85 Y: -185

.WRITER_INFO
 Name: SATYANARAYAN RAJU
 WriterId: 43
 Hand: right
 EducationLevel: post graduate
 Gender: male
 Profession: student
 Region: hyderabad
 Age: 22
 DeviceType: digimemo a402
 SkillDevice: good
 Language: hindi
 Script: indic
 Native: false
 Style: discrete
 UsageFreq: rarely
 Proficiency: average
 Date: 2007-6-19
 WritingInProfession: no

.PEN_DOWN
5349 6577 0
5350 6581 0
5350 6588 0
5350 6595 0
5350 6604 0
5350 6617 0
5350 6633 0
5350 6649 0
5350 6662 0
5352 6673 0
5354 6681 0
5355 6688 0
5357 6692 0
5358 6689 0
5358 6685 0
5356 6679 0
5354 6672 0
5348 6663 0
5341 6655 0
5331 6649 0
5320 6645 0
5310 6644 0
5301 6645 0
5294 6648 0
5288 6653 0
5284 6660 0
5281 6668 0
5280 6676 0
5281 6685 0
5285 6692 0
5291 6699 0
5300 6705 0
5310 6710 0
5321 6714 0
5332 6716 0
5341 6717 0
5347 6716 0
5351 6715 0
5348 6715 0
5340 6716 0
5329 6718 0
5316 6722 0
5302 6727 0
5289 6732 0
5279 6739 0
5272 6745 0
5268 6753 0
5268 6761 0
5272 6767 0
5278 6773 0
5286 6778 0
5296 6781 0
5307 6783 0
5319 6785 0
5329 6782 0
5338 6779 0
5345 6775 0
5350 6770 0
5353 6766 0
5355 6762 0
5356 6759 0
5356 6756 0
.PEN_UP
.PEN_DOWN
5353 6711 0
5357 6711 0
5363 6712 0
5370 6712 0
5377 6713 0
5384 6714 0
5390 6716 0
5394 6717 0
5395 6720 0
5395 6724 0
5394 6728 0
5391 6733 0
5389 6737 0
5386 6742 0
5384 6747 0
5383 6753 0
5382 6760 0
5383 6766 0
5384 6773 0
5387 6778 0
5391 6783 0
5397 6787 0
5404 6790 0
5414 6792 0
5428 6792 0
5445 6790 0
5466 6787 0
5485 6782 0
5501 6777 0
5516 6772 0
5527 6766 0
5535 6760 0
5539 6755 0
5539 6750 0
.PEN_UP
.PEN_DOWN
5287 6546 0
5291 6544 0
5295 6543 0
5301 6542 0
5310 6539 0
5321 6538 0
5333 6536 0
5347 6535 0
5364 6533 0
5384 6531 0
5405 6529 0
5426 6527 0
5444 6526 0
5458 6525 0
5466 6524 0
5470 6524 0
5470 6524 0
.PEN_UP
