.VERSION 1.0 
.HIERARCHY CHARACTER
.COORD X Y T
.SEGMENT CHARACTER 0-1 OK "3"
.H_LINE 1374 2249
.V_LINE 5000 5750
.X_DIM 750
.Y_DIM 874
.X_POINTS_PER_INCH 1000
.Y_POINTS_PER_INCH 1000
.POINTS_PER_SECOND 125
.COMMENT CALIB X: -24 Y: -15

.WRITER_INFO
 Name: CHINMAYA SHAH
 WriterId: 59
 Hand: right
 EducationLevel: college graduate
 Gender: male
 Profession: student
 Region: delhi
 Age: 22
 DeviceType: digimemo a402
 SkillDevice: average
 Language: hindi
 Script: indic
 Native: true
 Style: discrete
 UsageFreq: once a month
 Proficiency: average
 Date: 2007-6-25
 WritingInProfession: no

.PEN_DOWN
5300 1704 0
5300 1707 0
5300 1712 0
5301 1718 0
5302 1725 0
5303 1732 0
5304 1739 0
5305 1744 0
5306 1749 0
5307 1753 0
5308 1756 0
5308 1753 0
5308 1750 0
5306 1747 0
5305 1744 0
5304 1741 0
5304 1738 0
5301 1736 0
5298 1735 0
5294 1734 0
5288 1735 0
5281 1737 0
5273 1741 0
5266 1746 0
5260 1753 0
5254 1760 0
5249 1767 0
5245 1775 0
5242 1784 0
5240 1791 0
5239 1797 0
5238 1802 0
5238 1806 0
5240 1809 0
5245 1810 0
5251 1811 0
5258 1811 0
5265 1811 0
5272 1812 0
5278 1814 0
5285 1816 0
5292 1820 0
5298 1824 0
5305 1827 0
5309 1831 0
5313 1836 0
5316 1841 0
5318 1846 0
5320 1851 0
5320 1856 0
5319 1861 0
5317 1867 0
5314 1874 0
5309 1881 0
5302 1888 0
5294 1893 0
5287 1896 0
5280 1899 0
5274 1901 0
5268 1901 0
5263 1901 0
5260 1900 0
5257 1898 0
5254 1895 0
5251 1892 0
5248 1888 0
5247 1884 0
5246 1881 0
5246 1878 0
5247 1875 0
5249 1872 0
5252 1870 0
5255 1869 0
5259 1870 0
5262 1872 0
5266 1875 0
5269 1880 0
5273 1886 0
5276 1891 0
5279 1896 0
5282 1900 0
5285 1905 0
5289 1909 0
5293 1912 0
5298 1915 0
5302 1916 0
5306 1917 0
5310 1917 0
5313 1917 0
5317 1917 0
5321 1916 0
5324 1915 0
5328 1913 0
5335 1907 0
.PEN_UP
.PEN_DOWN
5230 1698 0
5233 1700 0
5238 1700 0
5243 1700 0
5252 1699 0
5262 1698 0
5275 1697 0
5288 1696 0
5301 1696 0
5314 1695 0
5327 1694 0
5338 1693 0
5349 1693 0
5358 1693 0
5365 1693 0
5369 1692 0
5372 1691 0
5375 1689 0
5375 1689 0
.PEN_UP
