.VERSION 1.0 
.HIERARCHY CHARACTER
.COORD X Y T
.SEGMENT CHARACTER 0-1 OK "3"
.H_LINE 1374 2249
.V_LINE 5000 5750
.X_DIM 750
.Y_DIM 874
.X_POINTS_PER_INCH 1000
.Y_POINTS_PER_INCH 1000
.POINTS_PER_SECOND 125
.COMMENT CALIB X: -8 Y: -46

.WRITER_INFO
 Name: CHINMAYA SHAH
 WriterId: 59
 Hand: right
 EducationLevel: college graduate
 Gender: male
 Profession: student
 Region: delhi
 Age: 22
 DeviceType: digimemo a402
 SkillDevice: average
 Language: hindi
 Script: indic
 Native: true
 Style: discrete
 UsageFreq: once a month
 Proficiency: average
 Date: 2007-6-25
 WritingInProfession: no

.PEN_DOWN
5279 1692 0
5279 1696 0
5279 1701 0
5280 1707 0
5281 1715 0
5282 1724 0
5283 1732 0
5284 1740 0
5285 1746 0
5286 1751 0
5286 1754 0
5285 1750 0
5283 1746 0
5279 1743 0
5274 1741 0
5268 1740 0
5260 1742 0
5253 1746 0
5247 1753 0
5241 1761 0
5235 1770 0
5231 1779 0
5228 1787 0
5227 1793 0
5227 1798 0
5228 1801 0
5232 1803 0
5237 1804 0
5244 1805 0
5251 1806 0
5257 1808 0
5264 1812 0
5272 1817 0
5279 1823 0
5285 1830 0
5289 1837 0
5292 1845 0
5291 1852 0
5288 1859 0
5282 1866 0
5274 1873 0
5263 1878 0
5253 1881 0
5244 1883 0
5235 1883 0
5228 1883 0
5223 1881 0
5220 1876 0
5218 1872 0
5218 1868 0
5219 1864 0
5221 1860 0
5223 1857 0
5227 1856 0
5233 1857 0
5238 1860 0
5244 1864 0
5249 1870 0
5254 1877 0
5258 1884 0
5263 1892 0
5268 1901 0
5272 1907 0
5277 1912 0
5281 1914 0
5285 1915 0
5289 1914 0
5294 1912 0
5299 1896 0
5305 1894 0
.PEN_UP
.PEN_DOWN
5226 1683 0
5221 1683 0
5216 1684 0
5213 1685 0
5216 1688 0
5222 1690 0
5231 1691 0
5241 1693 0
5254 1692 0
5270 1689 0
5289 1687 0
5311 1685 0
5333 1683 0
5354 1682 0
5370 1680 0
5381 1679 0
5387 1679 0
5384 1681 0
5380 1674 0
5375 1681 0
.PEN_UP
