.VERSION 1.0 
.HIERARCHY CHARACTER
.COORD X Y T
.SEGMENT CHARACTER 0-2 OK "41"
.H_LINE 4624 5499
.V_LINE 1999 2749
.X_DIM 749
.Y_DIM 874
.X_POINTS_PER_INCH 1000
.Y_POINTS_PER_INCH 1000
.POINTS_PER_SECOND 125
.COMMENT CALIB X: -30 Y: -38

.WRITER_INFO
 Name: CHINMAYA SHAH
 WriterId: 59
 Hand: right
 EducationLevel: college graduate
 Gender: male
 Profession: student
 Region: delhi
 Age: 22
 DeviceType: digimemo a402
 SkillDevice: average
 Language: hindi
 Script: indic
 Native: true
 Style: discrete
 UsageFreq: once a month
 Proficiency: average
 Date: 2007-6-25
 WritingInProfession: no

.PEN_DOWN
2340 5006 0
2339 5009 0
2337 5012 0
2332 5016 0
2326 5020 0
2318 5023 0
2310 5025 0
2302 5026 0
2295 5026 0
2290 5024 0
2287 5020 0
2284 5015 0
2283 5007 0
2283 4999 0
2285 4991 0
2289 4982 0
2295 4975 0
2301 4969 0
2309 4965 0
2318 4964 0
2327 4966 0
2336 4973 0
2345 4982 0
2352 4993 0
2355 5008 0
2354 5022 0
2350 5037 0
2342 5052 0
2331 5065 0
2318 5077 0
2303 5087 0
2286 5094 0
2270 5099 0
2256 5101 0
2246 5100 0
2237 5097 0
2232 5092 0
2230 5085 0
2229 5078 0
2230 5070 0
2233 5064 0
2236 5059 0
2240 5057 0
2245 5057 0
2250 5060 0
2257 5067 0
2264 5076 0
2271 5086 0
2279 5095 0
2287 5103 0
2295 5111 0
2302 5118 0
2310 5124 0
2319 5128 0
2328 5131 0
2336 5132 0
2343 5133 0
2352 5133 0
2361 5130 0
2365 5131 0
.PEN_UP
.PEN_DOWN
2451 4999 0
2451 5005 0
2451 5014 0
2451 5028 0
2451 5043 0
2451 5057 0
2450 5072 0
2449 5086 0
2448 5097 0
2448 5107 0
2448 5116 0
2448 5123 0
2447 5128 0
2446 5132 0
2446 5132 0
.PEN_UP
.PEN_DOWN
2399 5001 0
2395 5000 0
2391 5000 0
2387 5000 0
2392 5001 0
2400 5002 0
2411 5003 0
2424 5002 0
2440 5000 0
2456 4999 0
2471 4998 0
2483 4996 0
2493 4995 0
2501 4994 0
2507 4993 0
2510 4993 0
2508 4999 0
.PEN_UP
