.VERSION 1.0 
.HIERARCHY CHARACTER
.COORD X Y T
.SEGMENT CHARACTER 0-2 OK "47"
.H_LINE 6249 7124
.V_LINE 3500 4250
.X_DIM 750
.Y_DIM 875
.X_POINTS_PER_INCH 1000
.Y_POINTS_PER_INCH 1000
.POINTS_PER_SECOND 125
.COMMENT CALIB X: -14 Y: -61

.WRITER_INFO
 Name: CHINMAYA SHAH
 WriterId: 59
 Hand: right
 EducationLevel: college graduate
 Gender: male
 Profession: student
 Region: delhi
 Age: 22
 DeviceType: digimemo a402
 SkillDevice: average
 Language: hindi
 Script: indic
 Native: true
 Style: discrete
 UsageFreq: once a month
 Proficiency: average
 Date: 2007-6-25
 WritingInProfession: no

.PEN_DOWN
3936 6490 0
3936 6493 0
3936 6499 0
3936 6510 0
3936 6525 0
3935 6543 0
3934 6563 0
3934 6583 0
3933 6601 0
3933 6615 0
3932 6628 0
3931 6637 0
3931 6643 0
3931 6648 0
3931 6645 0
3931 6639 0
.PEN_UP
.PEN_DOWN
3932 6559 0
3929 6559 0
3922 6559 0
3912 6559 0
3898 6561 0
3879 6564 0
3858 6567 0
3837 6570 0
3817 6574 0
3800 6577 0
3787 6580 0
3778 6582 0
3773 6583 0
3778 6582 0
3785 6581 0
3793 6580 0
3802 6580 0
3812 6580 0
3821 6581 0
3828 6583 0
3833 6587 0
3836 6592 0
3838 6597 0
3840 6603 0
3838 6609 0
3833 6615 0
3826 6621 0
3816 6627 0
3806 6633 0
3795 6638 0
3785 6642 0
3776 6644 0
3768 6644 0
3763 6642 0
3760 6639 0
3759 6635 0
3758 6631 0
3758 6627 0
3759 6623 0
3761 6620 0
3764 6618 0
3768 6617 0
3772 6617 0
3776 6620 0
3781 6626 0
3786 6635 0
3791 6646 0
3796 6659 0
3801 6672 0
3807 6684 0
3814 6695 0
3820 6704 0
3826 6710 0
3832 6713 0
3838 6714 0
3845 6712 0
3852 6708 0
3858 6702 0
3863 6693 0
3872 6683 0
.PEN_UP
.PEN_DOWN
3828 6472 0
3825 6471 0
3822 6471 0
3825 6471 0
3831 6471 0
3844 6471 0
3865 6470 0
3889 6470 0
3913 6470 0
3937 6470 0
3959 6470 0
3977 6468 0
3991 6467 0
4001 6465 0
4007 6463 0
4011 6463 0
4008 6465 0
4005 6466 0
4000 6468 0
3996 6470 0
.PEN_UP
