.VERSION 1.0 
.HIERARCHY CHARACTER
.COORD X Y T
.SEGMENT CHARACTER 0-2 OK "80"
.H_LINE 7874 8750
.V_LINE 499 1250
.X_DIM 750
.Y_DIM 875
.X_POINTS_PER_INCH 1000
.Y_POINTS_PER_INCH 1000
.POINTS_PER_SECOND 125
.COMMENT CALIB X: -55 Y: -65

.WRITER_INFO
 Name: CHINMAYA SHAH
 WriterId: 59
 Hand: right
 EducationLevel: college graduate
 Gender: male
 Profession: student
 Region: delhi
 Age: 22
 DeviceType: digimemo a402
 SkillDevice: average
 Language: hindi
 Script: indic
 Native: true
 Style: discrete
 UsageFreq: once a month
 Proficiency: average
 Date: 2007-6-25
 WritingInProfession: no

.PEN_DOWN
797 8139 0
797 8136 0
794 8137 0
791 8143 0
789 8150 0
786 8158 0
784 8168 0
783 8179 0
782 8191 0
783 8202 0
785 8212 0
788 8221 0
792 8228 0
798 8234 0
806 8240 0
814 8243 0
824 8245 0
836 8246 0
846 8245 0
856 8243 0
865 8239 0
873 8234 0
879 8228 0
884 8222 0
887 8216 0
890 8209 0
892 8203 0
894 8198 0
895 8192 0
897 8186 0
899 8181 0
900 8177 0
901 8174 0
900 8171 0
899 8168 0
897 8165 0
896 8162 0
894 8159 0
892 8156 0
891 8153 0
890 8158 0
890 8163 0
890 8170 0
890 8179 0
889 8191 0
888 8204 0
887 8219 0
886 8234 0
885 8248 0
884 8262 0
883 8275 0
882 8286 0
881 8296 0
880 8306 0
880 8315 0
879 8322 0
879 8328 0
879 8333 0
879 8336 0
879 8333 0
879 8330 0
880 8326 0
881 8323 0
882 8320 0
886 8318 0
.PEN_UP
.PEN_DOWN
888 8262 0
888 8258 0
888 8255 0
888 8252 0
888 8249 0
889 8246 0
893 8242 0
899 8237 0
908 8233 0
917 8231 0
926 8230 0
933 8232 0
939 8237 0
944 8243 0
947 8250 0
949 8257 0
950 8263 0
950 8269 0
949 8274 0
947 8278 0
945 8281 0
942 8284 0
939 8285 0
936 8285 0
934 8282 0
934 8282 0
.PEN_UP
.PEN_DOWN
770 8144 0
766 8144 0
763 8144 0
766 8145 0
774 8145 0
784 8143 0
800 8142 0
819 8141 0
840 8140 0
863 8139 0
885 8137 0
905 8135 0
923 8135 0
936 8134 0
944 8133 0
948 8134 0
951 8134 0
948 8134 0
944 8133 0
.PEN_UP
