.VERSION 1.0 
.HIERARCHY CHARACTER
.COORD X Y T
.SEGMENT CHARACTER 0-2 OK "97"
.H_LINE 2999 3874
.V_LINE 3500 4250
.X_DIM 750
.Y_DIM 874
.X_POINTS_PER_INCH 1000
.Y_POINTS_PER_INCH 1000
.POINTS_PER_SECOND 125
.COMMENT CALIB X: -19 Y: -33

.WRITER_INFO
 Name: CHINMAYA SHAH
 WriterId: 59
 Hand: right
 EducationLevel: college graduate
 Gender: male
 Profession: student
 Region: delhi
 Age: 22
 DeviceType: digimemo a402
 SkillDevice: average
 Language: hindi
 Script: indic
 Native: true
 Style: discrete
 UsageFreq: once a month
 Proficiency: average
 Date: 2007-6-25
 WritingInProfession: no

.PEN_DOWN
3821 3303 0
3816 3302 0
3813 3301 0
3812 3304 0
3811 3309 0
3812 3315 0
3813 3322 0
3813 3329 0
3813 3334 0
3813 3340 0
3813 3344 0
3813 3349 0
3813 3352 0
3812 3355 0
3811 3352 0
3806 3350 0
3801 3349 0
3795 3349 0
3789 3351 0
3783 3355 0
3776 3359 0
3770 3365 0
3765 3372 0
3761 3379 0
3758 3386 0
3756 3392 0
3755 3397 0
3756 3401 0
3759 3404 0
3765 3406 0
3773 3407 0
3783 3408 0
3796 3408 0
3809 3408 0
3820 3408 0
3831 3409 0
3839 3409 0
3845 3408 0
3849 3408 0
3852 3406 0
3855 3403 0
.PEN_UP
.PEN_DOWN
3808 3422 0
3808 3427 0
3808 3434 0
3809 3443 0
3809 3453 0
3809 3463 0
3808 3473 0
3807 3482 0
3807 3489 0
3807 3493 0
3806 3490 0
3804 3486 0
3802 3483 0
3800 3480 0
3797 3478 0
3793 3477 0
3788 3476 0
3783 3478 0
3777 3482 0
3770 3489 0
3765 3497 0
3761 3509 0
3758 3521 0
3756 3532 0
3755 3543 0
3756 3552 0
3757 3560 0
3760 3564 0
3764 3568 0
3771 3570 0
3779 3571 0
3789 3571 0
3800 3571 0
3811 3570 0
3821 3569 0
3831 3567 0
3840 3564 0
.PEN_UP
.PEN_DOWN
3732 3289 0
3729 3290 0
3732 3291 0
3737 3291 0
3746 3292 0
3759 3292 0
3776 3292 0
3799 3292 0
3826 3291 0
3854 3289 0
3880 3288 0
3901 3286 0
3916 3285 0
3924 3284 0
3928 3284 0
3925 3284 0
3920 3285 0
3913 3286 0
3907 3287 0
3902 3290 0
.PEN_UP
