.VERSION 1.0 
.HIERARCHY CHARACTER
.COORD X Y T
.SEGMENT CHARACTER 0-3 OK "20"
.H_LINE 7874 8750
.V_LINE 499 1250
.X_DIM 750
.Y_DIM 875
.X_POINTS_PER_INCH 1000
.Y_POINTS_PER_INCH 1000
.POINTS_PER_SECOND 125
.COMMENT CALIB X: -68 Y: -10

.WRITER_INFO
 Name: NAGARAJU
 WriterId: 2
 Hand: right
 EducationLevel: post graduate
 Gender: male
 Profession: student
 Region: warangal
 Age: 23
 DeviceType: digimemo a402
 SkillDevice: average
 Language: hindi
 Script: indic
 Native: false
 Style: discrete
 UsageFreq: rarely
 Proficiency: good
 Date: 2007-6-6
 WritingInProfession: no

.PEN_DOWN
812 8160 0
812 8164 0
812 8168 0
812 8173 0
812 8179 0
812 8184 0
812 8189 0
812 8193 0
812 8196 0
812 8199 0
813 8196 0
801 8193 0
792 8191 0
784 8190 0
777 8190 0
770 8190 0
763 8191 0
758 8192 0
753 8194 0
748 8195 0
742 8197 0
737 8201 0
732 8205 0
727 8209 0
724 8214 0
723 8219 0
722 8223 0
722 8228 0
722 8231 0
725 8234 0
728 8236 0
732 8238 0
737 8240 0
743 8242 0
749 8244 0
755 8246 0
762 8247 0
769 8249 0
776 8250 0
783 8252 0
789 8254 0
794 8257 0
798 8260 0
801 8263 0
804 8266 0
807 8270 0
809 8274 0
812 8278 0
814 8282 0
816 8286 0
817 8291 0
817 8296 0
816 8301 0
815 8306 0
813 8311 0
810 8316 0
805 8321 0
799 8326 0
791 8331 0
782 8336 0
773 8340 0
763 8344 0
752 8347 0
743 8348 0
735 8348 0
729 8347 0
725 8345 0
722 8342 0
719 8339 0
717 8336 0
715 8333 0
714 8330 0
717 8328 0
721 8328 0
725 8329 0
729 8331 0
734 8334 0
739 8337 0
744 8341 0
748 8346 0
753 8351 0
757 8356 0
762 8362 0
767 8369 0
772 8375 0
777 8380 0
783 8386 0
789 8391 0
796 8394 0
802 8397 0
808 8399 0
814 8401 0
819 8402 0
825 8402 0
831 8402 0
837 8401 0
847 8398 0
.PEN_UP
.PEN_DOWN
822 8309 0
829 8309 0
837 8309 0
847 8309 0
859 8309 0
871 8306 0
883 8303 0
894 8299 0
903 8295 0
910 8290 0
916 8284 0
922 8283 0
925 8276 0
.PEN_UP
.PEN_DOWN
943 8175 0
942 8178 0
941 8181 0
941 8186 0
941 8192 0
942 8199 0
942 8206 0
942 8213 0
942 8223 0
942 8234 0
942 8245 0
942 8258 0
942 8271 0
943 8285 0
944 8298 0
945 8311 0
945 8321 0
946 8331 0
947 8341 0
948 8350 0
948 8359 0
948 8366 0
948 8370 0
949 8374 0
952 8376 0
.PEN_UP
.PEN_DOWN
715 8129 0
719 8128 0
724 8127 0
731 8127 0
741 8128 0
754 8128 0
769 8128 0
787 8128 0
808 8128 0
830 8127 0
850 8127 0
869 8127 0
887 8126 0
900 8126 0
911 8126 0
922 8125 0
932 8125 0
941 8124 0
949 8124 0
957 8123 0
964 8123 0
970 8123 0
973 8123 0
976 8123 0
976 8123 0
.PEN_UP
