.VERSION 1.0 
.HIERARCHY CHARACTER
.COORD X Y T
.SEGMENT CHARACTER 0-1 OK "38"
.H_LINE 2999 3874
.V_LINE 5000 5750
.X_DIM 750
.Y_DIM 874
.X_POINTS_PER_INCH 1000
.Y_POINTS_PER_INCH 1000
.POINTS_PER_SECOND 125
.COMMENT CALIB X: -20 Y: -29

.WRITER_INFO
 Name: NAGARAJU
 WriterId: 2
 Hand: right
 EducationLevel: post graduate
 Gender: male
 Profession: student
 Region: warangal
 Age: 23
 DeviceType: digimemo a402
 SkillDevice: average
 Language: hindi
 Script: indic
 Native: false
 Style: discrete
 UsageFreq: rarely
 Proficiency: good
 Date: 2007-6-6
 WritingInProfession: no

.PEN_DOWN
5296 3396 0
5299 3396 0
5304 3396 0
5310 3396 0
5317 3396 0
5324 3396 0
5333 3397 0
5342 3399 0
5350 3401 0
5357 3404 0
5363 3407 0
5367 3411 0
5372 3417 0
5376 3422 0
5380 3427 0
5383 3433 0
5385 3439 0
5386 3445 0
5385 3453 0
5383 3460 0
5379 3467 0
5373 3475 0
5366 3483 0
5360 3490 0
5354 3496 0
5348 3501 0
5341 3505 0
5333 3508 0
5323 3512 0
5311 3515 0
5298 3517 0
5286 3518 0
5276 3519 0
5268 3519 0
5262 3518 0
5257 3516 0
5253 3514 0
5249 3512 0
5249 3509 0
5253 3507 0
5258 3507 0
5264 3508 0
5270 3509 0
5277 3512 0
5283 3516 0
5289 3521 0
5295 3526 0
5302 3532 0
5308 3538 0
5315 3544 0
5321 3551 0
5327 3558 0
5333 3565 0
5339 3571 0
5343 3576 0
5348 3582 0
5353 3588 0
5358 3593 0
5363 3597 0
5368 3600 0
5374 3602 0
5380 3604 0
5387 3604 0
5396 3604 0
5406 3604 0
5415 3603 0
5427 3602 0
.PEN_UP
.PEN_DOWN
5250 3379 0
5255 3379 0
5261 3380 0
5270 3381 0
5282 3381 0
5297 3381 0
5315 3381 0
5336 3381 0
5362 3381 0
5388 3380 0
5410 3380 0
5427 3379 0
5440 3379 0
5448 3378 0
5453 3378 0
5456 3377 0
5456 3377 0
.PEN_UP
