.VERSION 1.0 
.HIERARCHY CHARACTER
.COORD X Y T
.SEGMENT CHARACTER 0-2 OK "39"
.H_LINE 2999 3874
.V_LINE 6500 7250
.X_DIM 750
.Y_DIM 874
.X_POINTS_PER_INCH 1000
.Y_POINTS_PER_INCH 1000
.POINTS_PER_SECOND 125
.COMMENT CALIB X: -3 Y: -54

.WRITER_INFO
 Name: NAGARAJU
 WriterId: 2
 Hand: right
 EducationLevel: post graduate
 Gender: male
 Profession: student
 Region: warangal
 Age: 23
 DeviceType: digimemo a402
 SkillDevice: average
 Language: hindi
 Script: indic
 Native: false
 Style: discrete
 UsageFreq: rarely
 Proficiency: good
 Date: 2007-6-6
 WritingInProfession: no

.PEN_DOWN
6942 3376 0
6942 3379 0
6942 3383 0
6942 3390 0
6942 3401 0
6942 3415 0
6942 3430 0
6942 3446 0
6942 3464 0
6942 3482 0
6938 3498 0
6936 3511 0
6935 3522 0
6934 3530 0
6933 3536 0
6933 3541 0
6933 3544 0
6933 3544 0
.PEN_UP
.PEN_DOWN
6904 3440 0
6904 3443 0
6894 3448 0
6885 3455 0
6878 3462 0
6871 3469 0
6864 3475 0
6858 3482 0
6852 3488 0
6848 3492 0
6845 3495 0
6842 3497 0
6840 3494 0
6839 3489 0
6837 3483 0
6835 3477 0
6833 3471 0
6831 3463 0
6828 3456 0
6825 3450 0
6820 3444 0
6816 3438 0
6811 3433 0
6806 3428 0
6801 3424 0
6797 3421 0
6792 3419 0
6785 3418 0
6778 3418 0
6772 3418 0
6764 3420 0
6756 3422 0
6749 3425 0
6742 3429 0
6735 3434 0
6729 3440 0
6723 3448 0
6718 3457 0
6713 3467 0
6710 3479 0
6707 3492 0
6706 3503 0
6706 3514 0
6707 3524 0
6709 3533 0
6713 3540 0
6717 3547 0
6722 3552 0
6727 3557 0
6733 3561 0
6740 3562 0
6747 3564 0
.PEN_UP
.PEN_DOWN
6820 3366 0
6826 3365 0
6836 3364 0
6850 3363 0
6868 3362 0
6891 3362 0
6914 3362 0
6933 3362 0
6947 3362 0
6956 3362 0
6963 3362 0
6967 3362 0
6970 3362 0
6974 3362 0
6978 3363 0
6983 3363 0
6988 3353 0
6991 3348 0
.PEN_UP
