.VERSION 1.0 
.HIERARCHY CHARACTER
.COORD X Y T
.SEGMENT CHARACTER 0-3 OK "43"
.H_LINE 4624 5499
.V_LINE 5000 5750
.X_DIM 750
.Y_DIM 874
.X_POINTS_PER_INCH 1000
.Y_POINTS_PER_INCH 1000
.POINTS_PER_SECOND 125
.COMMENT CALIB X: -16 Y: -17

.WRITER_INFO
 Name: NAGARAJU
 WriterId: 2
 Hand: right
 EducationLevel: post graduate
 Gender: male
 Profession: student
 Region: warangal
 Age: 23
 DeviceType: digimemo a402
 SkillDevice: average
 Language: hindi
 Script: indic
 Native: false
 Style: discrete
 UsageFreq: rarely
 Proficiency: good
 Date: 2007-6-6
 WritingInProfession: no

.PEN_DOWN
5166 5032 0
5169 5031 0
5173 5030 0
5178 5029 0
5183 5028 0
5188 5028 0
5193 5028 0
5198 5029 0
5203 5031 0
5208 5034 0
5212 5038 0
5216 5042 0
5219 5047 0
5222 5053 0
5224 5060 0
5224 5067 0
5223 5074 0
5222 5081 0
5220 5088 0
5219 5095 0
5217 5102 0
5214 5108 0
5210 5114 0
5206 5119 0
5199 5124 0
5192 5128 0
5185 5131 0
5178 5134 0
5171 5136 0
5164 5138 0
5156 5139 0
5149 5139 0
5143 5139 0
5138 5138 0
5133 5137 0
5130 5136 0
5131 5133 0
5135 5131 0
5140 5130 0
5144 5131 0
5148 5132 0
5153 5134 0
5157 5136 0
5161 5138 0
5166 5141 0
5170 5144 0
5174 5147 0
5177 5151 0
5181 5155 0
5185 5159 0
5189 5163 0
5193 5167 0
5196 5172 0
5199 5177 0
5202 5182 0
5206 5188 0
5210 5193 0
5214 5199 0
5219 5204 0
5224 5208 0
5228 5211 0
5232 5213 0
5235 5214 0
5238 5215 0
5242 5214 0
5248 5212 0
5254 5209 0
5262 5205 0
.PEN_UP
.PEN_DOWN
5208 5125 0
5211 5128 0
5216 5130 0
5223 5131 0
5231 5130 0
5239 5129 0
5247 5127 0
5255 5125 0
5264 5123 0
5271 5121 0
5278 5119 0
5284 5117 0
5289 5114 0
5295 5114 0
5301 5109 0
.PEN_UP
.PEN_DOWN
5325 5035 0
5325 5032 0
5325 5029 0
5325 5026 0
5325 5023 0
5325 5020 0
5326 5025 0
5326 5031 0
5326 5038 0
5327 5045 0
5328 5053 0
5329 5061 0
5330 5068 0
5331 5075 0
5333 5082 0
5334 5090 0
5335 5097 0
5336 5106 0
5336 5115 0
5337 5123 0
5338 5130 0
5339 5137 0
5340 5143 0
5341 5150 0
5342 5156 0
5342 5163 0
5341 5170 0
5340 5176 0
5339 5182 0
5338 5186 0
5338 5189 0
5339 5186 0
.PEN_UP
.PEN_DOWN
5124 5011 0
5129 5009 0
5133 5008 0
5137 5008 0
5142 5008 0
5149 5009 0
5158 5010 0
5169 5011 0
5182 5011 0
5196 5010 0
5212 5008 0
5226 5006 0
5239 5004 0
5251 5002 0
5263 5001 0
5274 5001 0
5285 5000 0
5297 4999 0
5311 4999 0
5327 4999 0
5344 4998 0
5364 4997 0
5380 4996 0
5391 4995 0
5398 4994 0
5403 4993 0
5406 4992 0
5408 4988 0
.PEN_UP
