.VERSION 1.0 
.HIERARCHY CHARACTER
.COORD X Y T
.SEGMENT CHARACTER 0-2 OK "45"
.H_LINE 6249 7124
.V_LINE 499 1250
.X_DIM 750
.Y_DIM 875
.X_POINTS_PER_INCH 1000
.Y_POINTS_PER_INCH 1000
.POINTS_PER_SECOND 125
.COMMENT CALIB X: -48 Y: -22

.WRITER_INFO
 Name: NAGARAJU
 WriterId: 2
 Hand: right
 EducationLevel: post graduate
 Gender: male
 Profession: student
 Region: warangal
 Age: 23
 DeviceType: digimemo a402
 SkillDevice: average
 Language: hindi
 Script: indic
 Native: false
 Style: discrete
 UsageFreq: rarely
 Proficiency: good
 Date: 2007-6-6
 WritingInProfession: no

.PEN_DOWN
936 6712 0
924 6713 0
915 6714 0
907 6715 0
898 6716 0
888 6703 0
877 6694 0
865 6689 0
852 6685 0
839 6680 0
827 6676 0
815 6672 0
804 6667 0
794 6663 0
785 6658 0
778 6652 0
773 6648 0
771 6643 0
770 6639 0
772 6634 0
776 6629 0
782 6625 0
791 6620 0
801 6616 0
812 6613 0
822 6611 0
832 6610 0
842 6610 0
850 6612 0
857 6615 0
865 6619 0
871 6623 0
876 6628 0
880 6633 0
882 6638 0
882 6643 0
881 6648 0
878 6653 0
874 6658 0
868 6662 0
862 6667 0
856 6672 0
847 6677 0
839 6680 0
832 6683 0
824 6687 0
814 6691 0
804 6694 0
795 6699 0
786 6704 0
777 6709 0
768 6715 0
761 6720 0
756 6726 0
752 6732 0
749 6738 0
746 6745 0
744 6751 0
743 6756 0
743 6762 0
745 6768 0
747 6774 0
751 6781 0
755 6786 0
761 6791 0
767 6796 0
775 6800 0
783 6803 0
793 6805 0
804 6805 0
814 6804 0
824 6802 0
836 6799 0
847 6796 0
857 6792 0
866 6788 0
874 6782 0
879 6776 0
883 6770 0
884 6766 0
883 6762 0
881 6759 0
877 6757 0
873 6757 0
869 6758 0
865 6759 0
862 6762 0
860 6766 0
859 6771 0
859 6777 0
860 6784 0
860 6792 0
862 6800 0
864 6810 0
866 6818 0
868 6825 0
870 6831 0
872 6836 0
874 6840 0
876 6843 0
879 6845 0
882 6846 0
882 6846 0
.PEN_UP
.PEN_DOWN
977 6631 0
975 6634 0
974 6638 0
974 6643 0
974 6649 0
974 6655 0
974 6662 0
975 6669 0
976 6677 0
976 6686 0
977 6696 0
977 6707 0
977 6718 0
977 6731 0
977 6744 0
977 6754 0
977 6765 0
977 6776 0
977 6784 0
977 6790 0
977 6795 0
977 6799 0
977 6802 0
977 6796 0
.PEN_UP
.PEN_DOWN
933 6599 0
937 6599 0
943 6599 0
951 6598 0
960 6597 0
969 6595 0
978 6594 0
988 6594 0
996 6594 0
1005 6594 0
1013 6594 0
.PEN_UP
