.VERSION 1.0 
.HIERARCHY CHARACTER
.COORD X Y T
.SEGMENT CHARACTER 0-1 OK "50"
.H_LINE 7874 8750
.V_LINE 499 1250
.X_DIM 750
.Y_DIM 875
.X_POINTS_PER_INCH 1000
.Y_POINTS_PER_INCH 1000
.POINTS_PER_SECOND 125
.COMMENT CALIB X: -68 Y: -10

.WRITER_INFO
 Name: NAGARAJU
 WriterId: 2
 Hand: right
 EducationLevel: post graduate
 Gender: male
 Profession: student
 Region: warangal
 Age: 23
 DeviceType: digimemo a402
 SkillDevice: average
 Language: hindi
 Script: indic
 Native: false
 Style: discrete
 UsageFreq: rarely
 Proficiency: good
 Date: 2007-6-6
 WritingInProfession: no

.PEN_DOWN
918 8221 0
918 8210 0
918 8205 0
918 8202 0
918 8199 0
907 8197 0
899 8195 0
891 8193 0
884 8190 0
879 8187 0
874 8184 0
869 8180 0
865 8176 0
861 8172 0
857 8167 0
853 8162 0
849 8158 0
847 8153 0
845 8148 0
845 8142 0
847 8136 0
852 8129 0
859 8122 0
867 8116 0
876 8111 0
885 8107 0
893 8104 0
900 8101 0
907 8099 0
915 8099 0
923 8101 0
931 8103 0
937 8106 0
943 8109 0
948 8113 0
953 8117 0
958 8122 0
962 8126 0
966 8130 0
970 8134 0
974 8139 0
977 8144 0
980 8148 0
983 8152 0
986 8156 0
988 8160 0
990 8165 0
991 8170 0
992 8176 0
993 8182 0
993 8190 0
994 8198 0
995 8207 0
996 8217 0
997 8227 0
998 8236 0
999 8245 0
1000 8256 0
1001 8267 0
1001 8279 0
1001 8289 0
1001 8299 0
1001 8309 0
1001 8318 0
1002 8327 0
1003 8336 0
1004 8345 0
1005 8354 0
1006 8363 0
1006 8370 0
1007 8376 0
1008 8382 0
1009 8387 0
1010 8392 0
1010 8396 0
1011 8399 0
1011 8402 0
1012 8405 0
1012 8408 0
1013 8412 0
1014 8415 0
1014 8418 0
1015 8422 0
1016 8426 0
1016 8430 0
1012 8426 0
.PEN_UP
.PEN_DOWN
949 8234 0
953 8234 0
956 8234 0
960 8234 0
964 8234 0
969 8233 0
975 8232 0
982 8231 0
991 8230 0
999 8229 0
1007 8228 0
1013 8227 0
1019 8226 0
1025 8225 0
1032 8225 0
1039 8224 0
1045 8223 0
1050 8222 0
1054 8221 0
1057 8220 0
1060 8220 0
1061 8214 0
.PEN_UP
