.VERSION 1.0 
.HIERARCHY CHARACTER
.COORD X Y T
.SEGMENT CHARACTER 0-2 OK "56"
.H_LINE 9500 10374
.V_LINE 1999 2749
.X_DIM 749
.Y_DIM 874
.X_POINTS_PER_INCH 1000
.Y_POINTS_PER_INCH 1000
.POINTS_PER_SECOND 125
.COMMENT CALIB X: -66 Y: -27

.WRITER_INFO
 Name: NAGARAJU
 WriterId: 2
 Hand: right
 EducationLevel: post graduate
 Gender: male
 Profession: student
 Region: warangal
 Age: 23
 DeviceType: digimemo a402
 SkillDevice: average
 Language: hindi
 Script: indic
 Native: false
 Style: discrete
 UsageFreq: rarely
 Proficiency: good
 Date: 2007-6-6
 WritingInProfession: no

.PEN_DOWN
2548 9871 0
2548 9868 0
2548 9865 0
2548 9862 0
2553 9860 0
2553 9863 0
2553 9867 0
2554 9873 0
2555 9878 0
2555 9884 0
2556 9891 0
2557 9898 0
2558 9904 0
2559 9911 0
2560 9919 0
2561 9927 0
2562 9936 0
2562 9944 0
2561 9951 0
2560 9959 0
2560 9968 0
2560 9977 0
2560 9985 0
2560 9993 0
2560 10000 0
2561 10007 0
2561 10014 0
2561 10022 0
2562 10029 0
2562 10036 0
2562 10042 0
2562 10047 0
2562 10052 0
2562 10055 0
2564 10052 0
2566 10044 0
.PEN_UP
.PEN_DOWN
2453 9730 0
2450 9730 0
2447 9728 0
2444 9727 0
2441 9726 0
2438 9725 0
2435 9724 0
2432 9722 0
2428 9720 0
2423 9718 0
2418 9715 0
2414 9711 0
2411 9707 0
2410 9702 0
2410 9697 0
2411 9692 0
2414 9688 0
2416 9684 0
2420 9681 0
2423 9678 0
2427 9676 0
2431 9676 0
2435 9676 0
2439 9677 0
2442 9680 0
2447 9685 0
2451 9691 0
2456 9699 0
2460 9709 0
2465 9719 0
2470 9731 0
2476 9744 0
2481 9756 0
2487 9767 0
2492 9776 0
2497 9785 0
2501 9793 0
2505 9801 0
2508 9808 0
2511 9815 0
2515 9826 0
2519 9830 0
.PEN_UP
.PEN_DOWN
2454 9864 0
2457 9865 0
2461 9866 0
2465 9867 0
2471 9867 0
2478 9866 0
2485 9866 0
2493 9865 0
2500 9864 0
2507 9863 0
2514 9863 0
2521 9862 0
2528 9862 0
2535 9861 0
2543 9861 0
2549 9861 0
2554 9860 0
2559 9860 0
2566 9859 0
2573 9858 0
2578 9858 0
2582 9858 0
2586 9858 0
2589 9858 0
2592 9857 0
2596 9857 0
2599 9857 0
2602 9857 0
.PEN_UP
