.VERSION 1.0 
.HIERARCHY CHARACTER
.COORD X Y T
.SEGMENT CHARACTER 0-1 OK "76"
.H_LINE 6249 7124
.V_LINE 1999 2749
.X_DIM 749
.Y_DIM 875
.X_POINTS_PER_INCH 1000
.Y_POINTS_PER_INCH 1000
.POINTS_PER_SECOND 125
.COMMENT CALIB X: -32 Y: -24

.WRITER_INFO
 Name: NAGARAJU
 WriterId: 2
 Hand: right
 EducationLevel: post graduate
 Gender: male
 Profession: student
 Region: warangal
 Age: 23
 DeviceType: digimemo a402
 SkillDevice: average
 Language: hindi
 Script: indic
 Native: false
 Style: discrete
 UsageFreq: rarely
 Proficiency: good
 Date: 2007-6-6
 WritingInProfession: no

.PEN_DOWN
2320 6665 0
2316 6667 0
2312 6668 0
2307 6669 0
2301 6669 0
2294 6669 0
2286 6669 0
2279 6668 0
2272 6667 0
2266 6665 0
2260 6663 0
2255 6661 0
2251 6659 0
2249 6656 0
2251 6653 0
2253 6650 0
2257 6648 0
2261 6647 0
2265 6646 0
2270 6646 0
2274 6646 0
2279 6646 0
2283 6648 0
2288 6650 0
2293 6652 0
2298 6654 0
2302 6657 0
2305 6661 0
2307 6665 0
2309 6670 0
2310 6675 0
2310 6681 0
2310 6687 0
2309 6692 0
2307 6698 0
2305 6702 0
2301 6707 0
2296 6712 0
2291 6717 0
2284 6721 0
2277 6725 0
2269 6729 0
2262 6732 0
2255 6734 0
2250 6735 0
2246 6735 0
2243 6734 0
2240 6733 0
2238 6730 0
2238 6733 0
2239 6736 0
2240 6740 0
2242 6744 0
2245 6748 0
2248 6753 0
2252 6758 0
2256 6762 0
2260 6767 0
2265 6772 0
2270 6776 0
2276 6778 0
2282 6780 0
2289 6781 0
2296 6781 0
2303 6780 0
2310 6779 0
2319 6778 0
2329 6776 0
2339 6773 0
2350 6770 0
2360 6766 0
2368 6763 0
2376 6759 0
2384 6754 0
2390 6750 0
2394 6746 0
2397 6742 0
2399 6739 0
2400 6736 0
2401 6732 0
2402 6729 0
2402 6725 0
2402 6725 0
.PEN_UP
.PEN_DOWN
2227 6580 0
2232 6580 0
2239 6580 0
2248 6580 0
2258 6580 0
2271 6580 0
2286 6580 0
2302 6580 0
2318 6580 0
2332 6580 0
2344 6576 0
2353 6573 0
2360 6571 0
2364 6570 0
2365 6575 0
2365 6575 0
.PEN_UP
