.VERSION 1.0 
.HIERARCHY CHARACTER
.COORD X Y T
.SEGMENT CHARACTER 0-2 OK "90"
.H_LINE 1374 2249
.V_LINE 499 1250
.X_DIM 750
.Y_DIM 874
.X_POINTS_PER_INCH 1000
.Y_POINTS_PER_INCH 1000
.POINTS_PER_SECOND 125
.COMMENT CALIB X: -26 Y: -21

.WRITER_INFO
 Name: NAGARAJU
 WriterId: 2
 Hand: right
 EducationLevel: post graduate
 Gender: male
 Profession: student
 Region: warangal
 Age: 23
 DeviceType: digimemo a402
 SkillDevice: average
 Language: hindi
 Script: indic
 Native: false
 Style: discrete
 UsageFreq: rarely
 Proficiency: good
 Date: 2007-6-6
 WritingInProfession: no

.PEN_DOWN
703 1806 0
700 1807 0
705 1809 0
709 1810 0
713 1810 0
719 1810 0
724 1809 0
728 1809 0
731 1809 0
735 1809 0
739 1809 0
744 1809 0
751 1808 0
759 1807 0
767 1807 0
775 1807 0
782 1807 0
788 1807 0
793 1807 0
798 1807 0
803 1806 0
808 1805 0
815 1803 0
825 1801 0
836 1799 0
847 1797 0
859 1796 0
870 1795 0
878 1794 0
885 1794 0
892 1793 0
898 1793 0
903 1793 0
907 1793 0
910 1793 0
909 1796 0
906 1795 0
.PEN_UP
.PEN_DOWN
773 1828 0
773 1824 0
772 1827 0
770 1831 0
769 1836 0
768 1841 0
767 1846 0
766 1850 0
765 1856 0
764 1862 0
762 1867 0
761 1871 0
760 1875 0
759 1878 0
758 1881 0
757 1884 0
756 1881 0
756 1881 0
.PEN_UP
.PEN_DOWN
747 1883 0
748 1880 0
751 1879 0
755 1878 0
758 1877 0
761 1877 0
764 1877 0
767 1877 0
771 1878 0
775 1879 0
779 1880 0
784 1881 0
788 1883 0
792 1885 0
795 1887 0
798 1891 0
801 1893 0
804 1896 0
806 1900 0
807 1903 0
807 1907 0
807 1910 0
807 1914 0
805 1918 0
803 1921 0
800 1925 0
797 1929 0
794 1933 0
790 1937 0
785 1941 0
781 1945 0
776 1949 0
771 1953 0
767 1956 0
762 1959 0
757 1962 0
753 1964 0
748 1966 0
741 1968 0
736 1969 0
732 1970 0
729 1970 0
726 1969 0
723 1968 0
720 1967 0
716 1966 0
713 1965 0
712 1962 0
714 1958 0
717 1955 0
720 1953 0
723 1952 0
726 1951 0
729 1951 0
732 1952 0
736 1954 0
739 1956 0
742 1958 0
745 1959 0
749 1962 0
751 1965 0
753 1968 0
755 1971 0
757 1974 0
759 1978 0
761 1982 0
764 1987 0
767 1991 0
769 1995 0
771 2000 0
774 2005 0
777 2010 0
779 2014 0
782 2018 0
784 2023 0
786 2027 0
788 2030 0
791 2032 0
794 2033 0
798 2035 0
802 2036 0
808 2035 0
818 2034 0
827 2032 0
836 2029 0
847 2024 0
861 2019 0
873 2013 0
882 2007 0
888 2001 0
892 1995 0
.PEN_UP
