.VERSION 1.0 
.HIERARCHY CHARACTER
.COORD X Y T
.SEGMENT CHARACTER 0-2 OK "92"
.H_LINE 1374 2249
.V_LINE 3500 4250
.X_DIM 750
.Y_DIM 874
.X_POINTS_PER_INCH 1000
.Y_POINTS_PER_INCH 1000
.POINTS_PER_SECOND 125
.COMMENT CALIB X: -7 Y: -7

.WRITER_INFO
 Name: NAGARAJU
 WriterId: 2
 Hand: right
 EducationLevel: post graduate
 Gender: male
 Profession: student
 Region: warangal
 Age: 23
 DeviceType: digimemo a402
 SkillDevice: average
 Language: hindi
 Script: indic
 Native: false
 Style: discrete
 UsageFreq: rarely
 Proficiency: good
 Date: 2007-6-6
 WritingInProfession: no

.PEN_DOWN
3701 1874 0
3705 1874 0
3709 1874 0
3713 1874 0
3717 1874 0
3720 1874 0
3724 1874 0
3729 1874 0
3733 1873 0
3736 1873 0
3739 1877 0
3741 1881 0
3743 1885 0
3744 1890 0
3745 1895 0
3745 1900 0
3745 1904 0
3745 1909 0
3744 1913 0
3742 1917 0
3739 1921 0
3736 1925 0
3732 1929 0
3728 1932 0
3724 1935 0
3720 1938 0
3715 1941 0
3710 1943 0
3704 1945 0
3698 1947 0
3692 1948 0
3686 1948 0
3680 1948 0
3674 1948 0
3671 1947 0
3669 1944 0
3668 1941 0
3671 1941 0
3675 1942 0
3678 1943 0
3681 1944 0
3684 1947 0
3688 1950 0
3691 1953 0
3694 1956 0
3697 1960 0
3699 1964 0
3702 1968 0
3705 1971 0
3707 1975 0
3709 1979 0
3711 1983 0
3713 1987 0
3715 1991 0
3717 1995 0
3719 2000 0
3721 2005 0
3724 2009 0
3727 2013 0
3730 2016 0
3733 2018 0
3736 2020 0
3739 2021 0
3742 2021 0
3745 2021 0
3749 2020 0
3754 2018 0
3758 2015 0
3762 2012 0
3765 2009 0
3767 2006 0
3771 2001 0
.PEN_UP
.PEN_DOWN
3750 1930 0
3751 1933 0
3755 1936 0
3758 1937 0
3762 1939 0
3766 1939 0
3770 1939 0
3774 1938 0
3778 1937 0
3783 1936 0
3788 1934 0
3792 1932 0
3797 1929 0
3804 1927 0
3809 1925 0
3814 1924 0
3817 1922 0
3820 1921 0
3823 1920 0
3826 1920 0
3827 1917 0
.PEN_UP
.PEN_DOWN
3664 1856 0
3671 1856 0
3680 1856 0
3690 1856 0
3702 1856 0
3714 1856 0
3728 1856 0
3740 1856 0
3749 1856 0
3756 1856 0
3761 1856 0
3764 1856 0
3767 1856 0
3771 1856 0
3776 1856 0
3780 1856 0
3783 1856 0
3771 1854 0
.PEN_UP
