.VERSION 1.0 
.HIERARCHY CHARACTER
.COORD X Y T
.SEGMENT CHARACTER 0-2 OK "93"
.H_LINE 1374 2249
.V_LINE 5000 5750
.X_DIM 750
.Y_DIM 874
.X_POINTS_PER_INCH 1000
.Y_POINTS_PER_INCH 1000
.POINTS_PER_SECOND 125
.COMMENT CALIB X: -12 Y: -16

.WRITER_INFO
 Name: NAGARAJU
 WriterId: 2
 Hand: right
 EducationLevel: post graduate
 Gender: male
 Profession: student
 Region: warangal
 Age: 23
 DeviceType: digimemo a402
 SkillDevice: average
 Language: hindi
 Script: indic
 Native: false
 Style: discrete
 UsageFreq: rarely
 Proficiency: good
 Date: 2007-6-6
 WritingInProfession: no

.PEN_DOWN
5282 1834 0
5281 1838 0
5280 1842 0
5279 1847 0
5278 1853 0
5278 1859 0
5278 1864 0
5277 1869 0
5276 1875 0
5276 1880 0
5275 1883 0
5275 1886 0
5273 1883 0
5270 1881 0
5267 1879 0
5264 1878 0
5260 1877 0
5257 1877 0
5253 1877 0
5250 1877 0
5247 1878 0
5244 1879 0
5240 1880 0
5236 1882 0
5231 1884 0
5226 1886 0
5222 1888 0
5218 1891 0
5214 1893 0
5211 1895 0
5207 1898 0
5203 1901 0
5201 1904 0
5199 1907 0
5197 1910 0
5196 1913 0
5195 1916 0
5194 1919 0
5194 1922 0
5194 1925 0
5194 1928 0
5195 1931 0
5196 1934 0
5199 1937 0
5202 1940 0
5205 1942 0
5208 1943 0
5212 1943 0
5215 1944 0
5218 1944 0
5222 1945 0
5226 1945 0
5229 1945 0
5232 1945 0
5235 1945 0
5238 1946 0
5241 1946 0
5245 1947 0
5248 1947 0
5253 1947 0
5257 1947 0
5261 1947 0
5265 1947 0
5269 1947 0
5274 1947 0
5279 1947 0
5284 1948 0
5289 1949 0
5293 1949 0
5296 1950 0
5300 1951 0
5303 1953 0
5306 1954 0
5309 1955 0
5312 1957 0
5316 1958 0
5319 1959 0
5322 1959 0
5325 1959 0
5328 1959 0
5331 1959 0
5334 1959 0
5332 1951 0
.PEN_UP
.PEN_DOWN
5225 1951 0
5222 1954 0
5219 1957 0
5215 1961 0
5212 1964 0
5209 1967 0
5207 1970 0
5205 1973 0
5203 1976 0
5201 1980 0
5200 1984 0
5199 1987 0
5198 1991 0
5198 1995 0
5197 1999 0
5198 2003 0
5198 2006 0
5199 2009 0
5200 2013 0
5201 2016 0
5202 2019 0
5203 2023 0
5204 2027 0
5206 2030 0
5207 2033 0
5208 2036 0
5209 2039 0
5210 2042 0
5212 2045 0
5215 2048 0
5217 2051 0
5220 2054 0
5223 2057 0
5226 2060 0
5229 2063 0
5232 2065 0
5235 2067 0
5238 2069 0
5241 2070 0
5244 2071 0
5247 2072 0
5251 2073 0
5255 2074 0
5258 2075 0
5261 2076 0
5264 2076 0
5267 2076 0
5270 2077 0
5273 2077 0
5277 2078 0
5280 2079 0
5283 2079 0
5287 2079 0
5290 2080 0
5293 2080 0
5296 2080 0
5299 2080 0
5302 2078 0
5307 2077 0
.PEN_UP
.PEN_DOWN
5233 1826 0
5236 1826 0
5239 1826 0
5243 1826 0
5249 1826 0
5255 1826 0
5263 1826 0
5272 1826 0
5282 1826 0
5291 1826 0
5300 1819 0
5308 1816 0
5315 1814 0
5321 1813 0
5326 1813 0
5330 1813 0
5333 1813 0
5336 1813 0
5340 1813 0
5343 1813 0
5343 1813 0
.PEN_UP
