.VERSION 1.0 
.HIERARCHY CHARACTER
.COORD X Y T
.SEGMENT CHARACTER 0-2 OK "4"
.H_LINE 1374 2249
.V_LINE 6500 7250
.X_DIM 750
.Y_DIM 874
.X_POINTS_PER_INCH 1000
.Y_POINTS_PER_INCH 1000
.POINTS_PER_SECOND 125
.COMMENT CALIB X: 67 Y: -129

.WRITER_INFO
 Name: RAMAKRISHNA
 WriterId: 39
 Hand: right
 EducationLevel: post graduate
 Gender: male
 Profession: research scholar
 Region: visakhapatnam
 Age: 24
 DeviceType: digimemo a402
 SkillDevice: average
 Language: hindi
 Script: indic
 Native: false
 Style: discrete
 UsageFreq: rarely
 Proficiency: average
 Date: 2007-6-18
 WritingInProfession: no

.PEN_DOWN
6872 1733 0
6870 1739 0
6870 1749 0
6870 1760 0
6870 1772 0
6872 1782 0
6874 1791 0
6876 1798 0
6877 1802 0
6877 1805 0
6874 1803 0
6869 1802 0
6858 1802 0
6846 1803 0
6833 1806 0
6824 1809 0
6817 1813 0
6812 1818 0
6809 1822 0
6809 1826 0
6810 1831 0
6813 1838 0
6818 1845 0
6824 1853 0
6833 1863 0
6843 1872 0
6854 1882 0
6864 1892 0
6870 1900 0
6872 1907 0
6871 1914 0
6867 1923 0
6860 1931 0
6852 1938 0
6842 1943 0
6831 1947 0
6820 1948 0
6810 1947 0
6801 1945 0
6796 1943 0
6794 1940 0
6795 1937 0
6798 1934 0
6804 1933 0
6813 1935 0
6821 1940 0
6831 1947 0
6841 1954 0
6850 1962 0
6858 1971 0
6864 1979 0
6869 1985 0
6872 1990 0
6873 1993 0
6877 1993 0
6882 1990 0
6889 1985 0
.PEN_UP
.PEN_DOWN
6813 1744 0
6817 1742 0
6823 1741 0
6834 1741 0
6852 1742 0
6875 1743 0
6902 1743 0
6925 1743 0
6943 1742 0
6956 1742 0
6963 1742 0
6966 1742 0
6961 1742 0
6951 1742 0
.PEN_UP
.PEN_DOWN
6883 1735 0
6880 1734 0
6877 1731 0
6875 1728 0
6874 1725 0
6874 1722 0
6874 1718 0
6874 1713 0
6875 1707 0
6876 1698 0
6878 1688 0
6880 1675 0
6882 1662 0
6887 1648 0
6894 1635 0
6901 1625 0
6907 1616 0
6914 1610 0
6922 1605 0
6930 1603 0
6938 1602 0
6948 1602 0
6958 1604 0
6968 1608 0
6977 1614 0
6984 1620 0
6990 1626 0
6996 1635 0
7003 1645 0
.PEN_UP
