.VERSION 1.0 
.HIERARCHY CHARACTER
.COORD X Y T
.SEGMENT CHARACTER 0-2 OK "43"
.H_LINE 4624 5499
.V_LINE 5000 5750
.X_DIM 750
.Y_DIM 874
.X_POINTS_PER_INCH 1000
.Y_POINTS_PER_INCH 1000
.POINTS_PER_SECOND 125
.COMMENT CALIB X: 45 Y: -114

.WRITER_INFO
 Name: RAMAKRISHNA
 WriterId: 39
 Hand: right
 EducationLevel: post graduate
 Gender: male
 Profession: research scholar
 Region: visakhapatnam
 Age: 24
 DeviceType: digimemo a402
 SkillDevice: average
 Language: hindi
 Script: indic
 Native: false
 Style: discrete
 UsageFreq: rarely
 Proficiency: average
 Date: 2007-6-18
 WritingInProfession: no

.PEN_DOWN
5316 5061 0
5316 5058 0
5317 5055 0
5320 5053 0
5324 5051 0
5332 5051 0
5345 5053 0
5362 5057 0
5379 5063 0
5390 5069 0
5395 5079 0
5395 5090 0
5390 5102 0
5379 5114 0
5364 5125 0
5348 5134 0
5333 5142 0
5317 5148 0
5307 5150 0
5301 5151 0
5301 5148 0
5307 5144 0
5314 5141 0
5323 5140 0
5335 5141 0
5346 5145 0
5354 5152 0
5361 5160 0
5367 5168 0
5371 5180 0
5374 5190 0
5376 5199 0
5375 5207 0
5375 5214 0
5374 5220 0
5374 5220 0
.PEN_UP
.PEN_DOWN
5372 5142 0
5377 5143 0
5386 5143 0
5399 5142 0
5416 5139 0
5435 5134 0
5451 5127 0
5464 5119 0
5473 5109 0
5481 5098 0
5486 5088 0
5489 5079 0
5491 5071 0
5492 5066 0
5491 5063 0
5491 5069 0
5489 5078 0
5488 5088 0
5487 5099 0
5486 5110 0
5485 5123 0
5484 5138 0
5484 5150 0
5483 5161 0
5483 5171 0
5482 5179 0
5482 5184 0
5483 5187 0
5483 5187 0
.PEN_UP
.PEN_DOWN
5323 5055 0
5320 5055 0
5327 5054 0
5342 5054 0
5364 5055 0
5391 5056 0
5423 5056 0
5455 5057 0
5484 5057 0
5508 5056 0
5526 5056 0
5539 5055 0
5548 5053 0
5555 5052 0
5558 5052 0
5558 5052 0
.PEN_UP
