.VERSION 1.0 
.HIERARCHY CHARACTER
.COORD X Y T
.SEGMENT CHARACTER 0-3 OK "20"
.H_LINE 7874 8750
.V_LINE 499 1250
.X_DIM 750
.Y_DIM 875
.X_POINTS_PER_INCH 1000
.Y_POINTS_PER_INCH 1000
.POINTS_PER_SECOND 125
.COMMENT CALIB X: -164 Y: -156

.WRITER_INFO
 Name: CHAKRAVARTHY
 WriterId: 76
 Hand: right
 EducationLevel: college graduate
 Gender: male
 Profession: student
 Region: visakhapatnam
 Age: 21
 DeviceType: digimemo a402
 SkillDevice: average
 Language: hindi
 Script: indic
 Native: false
 Style: discrete
 UsageFreq: once a month
 Proficiency: average
 Date: 2007-6-30
 WritingInProfession: no

.PEN_DOWN
702 8094 0
699 8091 0
698 8095 0
698 8100 0
698 8107 0
699 8116 0
701 8127 0
703 8140 0
705 8152 0
707 8163 0
709 8172 0
711 8179 0
712 8183 0
713 8186 0
710 8183 0
706 8181 0
700 8180 0
691 8181 0
680 8185 0
667 8191 0
655 8198 0
645 8206 0
639 8213 0
636 8219 0
634 8224 0
632 8229 0
633 8233 0
636 8237 0
640 8241 0
647 8245 0
656 8249 0
667 8253 0
680 8257 0
691 8261 0
700 8267 0
707 8273 0
712 8280 0
713 8286 0
712 8296 0
706 8307 0
696 8316 0
684 8324 0
671 8330 0
658 8333 0
646 8334 0
634 8331 0
624 8326 0
617 8322 0
613 8318 0
611 8315 0
611 8312 0
616 8310 0
623 8310 0
632 8311 0
643 8314 0
654 8318 0
664 8323 0
672 8327 0
678 8332 0
685 8337 0
695 8342 0
703 8345 0
713 8346 0
726 8345 0
739 8343 0
754 8337 0
.PEN_UP
.PEN_DOWN
708 8262 0
712 8263 0
718 8264 0
727 8265 0
737 8266 0
750 8265 0
764 8263 0
782 8260 0
801 8256 0
817 8251 0
831 8243 0
843 8233 0
852 8221 0
859 8208 0
863 8194 0
866 8180 0
867 8167 0
867 8156 0
865 8148 0
863 8141 0
861 8137 0
860 8134 0
859 8139 0
858 8148 0
858 8162 0
858 8179 0
858 8197 0
859 8214 0
859 8234 0
860 8252 0
862 8268 0
864 8284 0
866 8300 0
868 8317 0
869 8333 0
870 8349 0
871 8361 0
872 8369 0
873 8375 0
873 8371 0
872 8361 0
.PEN_UP
.PEN_DOWN
610 8100 0
598 8100 0
591 8101 0
588 8101 0
591 8102 0
596 8102 0
604 8101 0
617 8099 0
638 8097 0
667 8095 0
699 8093 0
734 8091 0
769 8089 0
803 8087 0
830 8084 0
855 8082 0
879 8081 0
901 8080 0
921 8078 0
939 8077 0
954 8076 0
967 8075 0
977 8075 0
983 8075 0
987 8076 0
990 8076 0
993 8077 0
993 8080 0
990 8083 0
.PEN_UP
.PEN_DOWN
899 8087 0
885 8087 0
878 8086 0
874 8086 0
873 8091 0
873 8099 0
872 8110 0
871 8121 0
.PEN_UP
