.VERSION 1.0 
.HIERARCHY CHARACTER
.COORD X Y T
.SEGMENT CHARACTER 0-3 OK "94"
.H_LINE 1374 2249
.V_LINE 6500 7250
.X_DIM 750
.Y_DIM 874
.X_POINTS_PER_INCH 1000
.Y_POINTS_PER_INCH 1000
.POINTS_PER_SECOND 125
.COMMENT CALIB X: 60 Y: -127

.WRITER_INFO
 Name: CHAKRAVARTHY
 WriterId: 76
 Hand: right
 EducationLevel: college graduate
 Gender: male
 Profession: student
 Region: visakhapatnam
 Age: 21
 DeviceType: digimemo a402
 SkillDevice: average
 Language: hindi
 Script: indic
 Native: false
 Style: discrete
 UsageFreq: once a month
 Proficiency: average
 Date: 2007-6-30
 WritingInProfession: no

.PEN_DOWN
6875 1734 0
6875 1731 0
6875 1728 0
6875 1725 0
6875 1725 0
.PEN_UP
.PEN_DOWN
6877 1723 0
6877 1723 0
.PEN_UP
.PEN_DOWN
6877 1755 0
6877 1758 0
6877 1761 0
6876 1764 0
6872 1766 0
6869 1767 0
6865 1768 0
6860 1769 0
6852 1769 0
6843 1768 0
6834 1766 0
6823 1761 0
6812 1755 0
6801 1748 0
6792 1737 0
6783 1725 0
6777 1710 0
6773 1695 0
6772 1681 0
6773 1669 0
6776 1659 0
6780 1650 0
6787 1644 0
6796 1640 0
6805 1640 0
6813 1642 0
6820 1648 0
6824 1656 0
6827 1668 0
6828 1682 0
6828 1699 0
6824 1717 0
6819 1734 0
6812 1749 0
6806 1762 0
6801 1772 0
6797 1781 0
6793 1791 0
6790 1800 0
6788 1807 0
6788 1815 0
6789 1823 0
6792 1829 0
6798 1834 0
6806 1837 0
6813 1839 0
6821 1838 0
6829 1836 0
6836 1832 0
6842 1827 0
6847 1822 0
6849 1817 0
6850 1813 0
6849 1810 0
6846 1807 0
6843 1807 0
6840 1809 0
6836 1816 0
6832 1826 0
6827 1842 0
6824 1859 0
6821 1877 0
6819 1894 0
6817 1913 0
6816 1931 0
6815 1945 0
6814 1955 0
6812 1967 0
.PEN_UP
.PEN_DOWN
6785 1591 0
6788 1591 0
6797 1592 0
6808 1593 0
6822 1593 0
6842 1593 0
6870 1592 0
6903 1591 0
6935 1591 0
6957 1590 0
6970 1590 0
6976 1590 0
6971 1594 0
.PEN_UP
