.VERSION 1.0 
.HIERARCHY CHARACTER
.COORD X Y T
.SEGMENT CHARACTER 0-2 OK "1"
.H_LINE 1374 2249
.V_LINE 1999 2749
.X_DIM 749
.Y_DIM 874
.X_POINTS_PER_INCH 1000
.Y_POINTS_PER_INCH 1000
.POINTS_PER_SECOND 125
.COMMENT CALIB X: -25 Y: -82

.WRITER_INFO
 Name: SWAGAT B
 WriterId: 63
 Hand: right
 EducationLevel: college graduate
 Gender: male
 Profession: student
 Region: orissa
 Age: 20
 DeviceType: digimemo a402
 SkillDevice: average
 Language: hindi
 Script: indic
 Native: false
 Style: discrete
 UsageFreq: once a month
 Proficiency: good
 Date: 2007-6-26
 WritingInProfession: no

.PEN_DOWN
2243 1765 0
2243 1760 0
2244 1754 0
2247 1748 0
2253 1743 0
2261 1740 0
2271 1737 0
2283 1738 0
2293 1741 0
2302 1746 0
2310 1753 0
2317 1761 0
2321 1770 0
2321 1779 0
2320 1787 0
2317 1795 0
2310 1803 0
2301 1809 0
2292 1814 0
2284 1816 0
2278 1817 0
2274 1817 0
2271 1815 0
2272 1812 0
2279 1810 0
2287 1810 0
2297 1811 0
2306 1813 0
2314 1817 0
2321 1821 0
2327 1827 0
2332 1833 0
2334 1839 0
2333 1846 0
2330 1851 0
2326 1857 0
2320 1863 0
2313 1867 0
2305 1871 0
2296 1874 0
2287 1875 0
2278 1876 0
2267 1877 0
2257 1876 0
2246 1874 0
2237 1871 0
2227 1867 0
2218 1862 0
2210 1857 0
2204 1852 0
2201 1847 0
2199 1840 0
2201 1834 0
2206 1830 0
.PEN_UP
.PEN_DOWN
2342 1827 0
2346 1828 0
2351 1829 0
2358 1830 0
2366 1830 0
2373 1829 0
2380 1828 0
2389 1826 0
2397 1823 0
2402 1819 0
2406 1814 0
2410 1806 0
2413 1795 0
2416 1783 0
2418 1772 0
2421 1763 0
2424 1754 0
2425 1748 0
2426 1744 0
2426 1748 0
2426 1753 0
2426 1762 0
2426 1776 0
2426 1791 0
2427 1806 0
2426 1820 0
2425 1833 0
2424 1844 0
2422 1856 0
2419 1866 0
2417 1872 0
2416 1889 0
2414 1883 0
.PEN_UP
.PEN_DOWN
2361 1736 0
2364 1737 0
2370 1738 0
2381 1740 0
2396 1742 0
2414 1741 0
2431 1741 0
2445 1742 0
2458 1742 0
2467 1742 0
2472 1741 0
2472 1741 0
.PEN_UP
