.VERSION 1.0 
.HIERARCHY CHARACTER
.COORD X Y T
.SEGMENT CHARACTER 0-4 OK "10"
.H_LINE 4624 5499
.V_LINE 499 1250
.X_DIM 750
.Y_DIM 874
.X_POINTS_PER_INCH 1000
.Y_POINTS_PER_INCH 1000
.POINTS_PER_SECOND 125
.COMMENT CALIB X: -41 Y: -109

.WRITER_INFO
 Name: SWAGAT B
 WriterId: 63
 Hand: right
 EducationLevel: college graduate
 Gender: male
 Profession: student
 Region: orissa
 Age: 20
 DeviceType: digimemo a402
 SkillDevice: average
 Language: hindi
 Script: indic
 Native: false
 Style: discrete
 UsageFreq: once a month
 Proficiency: good
 Date: 2007-6-26
 WritingInProfession: no

.PEN_DOWN
694 5001 0
693 4997 0
693 4993 0
695 4989 0
699 4984 0
704 4980 0
710 4976 0
716 4973 0
726 4971 0
737 4971 0
746 4972 0
753 4975 0
759 4979 0
763 4984 0
765 4989 0
766 4996 0
766 5003 0
765 5011 0
763 5019 0
759 5026 0
754 5032 0
747 5038 0
740 5043 0
733 5046 0
724 5048 0
717 5049 0
712 5050 0
708 5049 0
705 5048 0
708 5045 0
713 5043 0
719 5042 0
726 5042 0
734 5042 0
743 5043 0
750 5044 0
757 5046 0
764 5049 0
771 5052 0
776 5055 0
781 5058 0
784 5062 0
787 5066 0
789 5070 0
790 5074 0
791 5078 0
791 5082 0
791 5085 0
791 5088 0
790 5091 0
788 5094 0
784 5099 0
780 5103 0
776 5106 0
771 5109 0
766 5111 0
762 5113 0
757 5115 0
750 5116 0
742 5117 0
734 5119 0
725 5120 0
715 5119 0
705 5118 0
696 5116 0
686 5112 0
676 5107 0
665 5100 0
655 5091 0
645 5081 0
638 5068 0
636 5057 0
640 5047 0
.PEN_UP
.PEN_DOWN
791 5057 0
796 5057 0
805 5056 0
818 5055 0
832 5054 0
845 5051 0
859 5047 0
871 5043 0
880 5037 0
886 5030 0
890 5020 0
892 5007 0
892 4994 0
892 4981 0
892 4972 0
892 4966 0
892 4961 0
891 4968 0
892 4978 0
894 4991 0
896 5007 0
897 5024 0
898 5040 0
897 5054 0
894 5068 0
890 5082 0
886 5095 0
883 5104 0
.PEN_UP
.PEN_DOWN
957 4954 0
955 4951 0
957 4960 0
959 4972 0
962 4988 0
965 5006 0
967 5024 0
968 5040 0
969 5054 0
970 5066 0
970 5076 0
969 5084 0
969 5089 0
969 5089 0
.PEN_UP
.PEN_DOWN
889 4819 0
883 4820 0
872 4822 0
855 4824 0
837 4825 0
820 4825 0
807 4823 0
797 4820 0
790 4813 0
786 4805 0
786 4796 0
790 4787 0
795 4781 0
799 4778 0
803 4778 0
811 4780 0
822 4787 0
838 4796 0
858 4806 0
879 4817 0
900 4831 0
919 4845 0
936 4859 0
949 4871 0
958 4882 0
964 4890 0
967 4896 0
968 4899 0
968 4899 0
.PEN_UP
.PEN_DOWN
765 4937 0
771 4938 0
784 4937 0
813 4934 0
856 4932 0
901 4930 0
940 4928 0
971 4926 0
998 4925 0
1020 4925 0
1035 4924 0
1044 4924 0
1047 4923 0
1047 4923 0
.PEN_UP
