.VERSION 1.0 
.HIERARCHY CHARACTER
.COORD X Y T
.SEGMENT CHARACTER 0-2 OK "14"
.H_LINE 4624 5499
.V_LINE 6500 7250
.X_DIM 750
.Y_DIM 874
.X_POINTS_PER_INCH 1000
.Y_POINTS_PER_INCH 1000
.POINTS_PER_SECOND 125
.COMMENT CALIB X: -35 Y: -62

.WRITER_INFO
 Name: SWAGAT B
 WriterId: 63
 Hand: right
 EducationLevel: college graduate
 Gender: male
 Profession: student
 Region: orissa
 Age: 20
 DeviceType: digimemo a402
 SkillDevice: average
 Language: hindi
 Script: indic
 Native: false
 Style: discrete
 UsageFreq: once a month
 Proficiency: good
 Date: 2007-6-26
 WritingInProfession: no

.PEN_DOWN
6738 5077 0
6739 5080 0
6739 5083 0
6739 5086 0
6739 5089 0
6739 5092 0
6740 5095 0
6740 5099 0
6741 5103 0
6741 5106 0
6741 5110 0
6741 5114 0
6742 5118 0
6742 5122 0
6742 5126 0
6742 5129 0
6743 5133 0
6744 5138 0
6744 5142 0
6744 5146 0
6744 5150 0
6745 5154 0
6745 5159 0
6746 5163 0
6746 5167 0
6746 5171 0
6746 5175 0
6746 5179 0
6746 5184 0
6746 5189 0
6746 5194 0
6746 5198 0
6747 5201 0
6747 5204 0
6747 5207 0
6746 5210 0
6743 5211 0
6739 5212 0
6735 5212 0
6729 5212 0
6724 5211 0
6720 5210 0
6716 5209 0
6713 5207 0
6711 5204 0
6709 5201 0
6708 5198 0
6708 5195 0
6709 5191 0
6712 5186 0
6718 5179 0
6726 5172 0
6736 5166 0
6743 5162 0
6747 5158 0
6750 5155 0
6752 5152 0
6754 5147 0
.PEN_UP
.PEN_DOWN
6870 5061 0
6868 5065 0
6867 5069 0
6867 5073 0
6867 5078 0
6867 5084 0
6867 5091 0
6867 5097 0
6867 5103 0
6867 5111 0
6867 5117 0
6867 5124 0
6867 5130 0
6867 5137 0
6868 5143 0
6868 5148 0
6868 5154 0
6868 5159 0
6869 5165 0
6869 5171 0
6869 5176 0
6869 5182 0
6869 5188 0
6870 5194 0
6870 5200 0
6871 5207 0
6872 5214 0
6872 5222 0
6872 5231 0
6872 5240 0
6873 5248 0
6874 5254 0
6874 5259 0
6875 5263 0
6879 5266 0
6883 5258 0
.PEN_UP
.PEN_DOWN
6692 5076 0
6689 5077 0
6695 5075 0
6704 5073 0
6718 5072 0
6734 5070 0
6758 5068 0
6786 5066 0
6823 5064 0
6857 5062 0
6886 5060 0
6906 5059 0
6922 5057 0
6932 5056 0
6937 5057 0
6936 5061 0
6929 5059 0
.PEN_UP
