.VERSION 1.0 
.HIERARCHY CHARACTER
.COORD X Y T
.SEGMENT CHARACTER 0-2 OK "18"
.H_LINE 6249 7124
.V_LINE 5000 5750
.X_DIM 750
.Y_DIM 875
.X_POINTS_PER_INCH 1000
.Y_POINTS_PER_INCH 1000
.POINTS_PER_SECOND 125
.COMMENT CALIB X: -41 Y: -43

.WRITER_INFO
 Name: SWAGAT B
 WriterId: 63
 Hand: right
 EducationLevel: college graduate
 Gender: male
 Profession: student
 Region: orissa
 Age: 20
 DeviceType: digimemo a402
 SkillDevice: average
 Language: hindi
 Script: indic
 Native: false
 Style: discrete
 UsageFreq: once a month
 Proficiency: good
 Date: 2007-6-26
 WritingInProfession: no

.PEN_DOWN
5260 6656 0
5257 6658 0
5253 6660 0
5249 6662 0
5245 6665 0
5241 6670 0
5237 6677 0
5233 6683 0
5230 6690 0
5227 6697 0
5223 6706 0
5220 6716 0
5217 6725 0
5216 6734 0
5216 6744 0
5217 6754 0
5219 6762 0
5223 6768 0
5228 6773 0
5233 6776 0
5238 6779 0
5243 6780 0
5247 6781 0
5250 6781 0
5251 6778 0
5247 6778 0
5243 6778 0
5240 6779 0
5237 6781 0
5234 6783 0
5232 6786 0
5230 6790 0
5228 6794 0
5227 6798 0
5225 6803 0
5223 6809 0
5222 6814 0
5221 6819 0
5220 6824 0
5220 6829 0
5220 6834 0
5220 6839 0
5221 6844 0
5221 6848 0
5222 6851 0
5224 6855 0
5225 6859 0
5228 6862 0
5230 6865 0
5233 6868 0
5236 6871 0
5240 6873 0
5244 6875 0
5249 6878 0
5254 6881 0
5259 6883 0
5263 6884 0
5268 6885 0
5274 6886 0
5280 6886 0
5287 6887 0
5293 6887 0
5299 6887 0
5307 6887 0
5316 6886 0
5324 6885 0
5331 6884 0
5340 6883 0
5350 6880 0
5360 6878 0
5370 6875 0
5379 6872 0
5388 6868 0
5395 6864 0
5400 6860 0
5404 6856 0
5408 6853 0
5411 6849 0
5414 6845 0
5416 6841 0
5418 6837 0
5421 6833 0
5423 6829 0
5425 6824 0
5426 6818 0
5428 6812 0
5429 6806 0
5429 6799 0
5429 6793 0
5429 6787 0
5429 6782 0
5429 6778 0
5428 6774 0
5427 6770 0
5426 6764 0
5425 6757 0
5423 6751 0
5420 6747 0
5417 6744 0
5413 6742 0
5409 6740 0
5405 6739 0
5399 6738 0
5393 6739 0
5385 6740 0
5379 6741 0
5373 6743 0
5367 6748 0
5362 6753 0
5357 6759 0
5352 6765 0
5348 6771 0
5345 6776 0
5346 6781 0
5348 6786 0
5353 6791 0
5359 6794 0
5368 6795 0
5379 6794 0
5390 6790 0
5401 6784 0
5414 6781 0
.PEN_UP
.PEN_DOWN
5403 6663 0
5403 6658 0
5403 6654 0
5402 6650 0
5400 6655 0
5399 6662 0
5399 6672 0
5399 6683 0
5400 6694 0
5400 6706 0
5401 6716 0
5402 6725 0
5402 6732 0
5402 6732 0
.PEN_UP
.PEN_DOWN
5122 6659 0
5125 6659 0
5130 6660 0
5139 6660 0
5154 6661 0
5176 6661 0
5206 6658 0
5247 6656 0
5304 6654 0
5362 6650 0
5411 6646 0
5449 6641 0
5480 6638 0
5502 6636 0
5513 6635 0
5516 6635 0
5513 6636 0
.PEN_UP
