.VERSION 1.0 
.HIERARCHY CHARACTER
.COORD X Y T
.SEGMENT CHARACTER 0-2 OK "42"
.H_LINE 4624 5499
.V_LINE 3500 4250
.X_DIM 750
.Y_DIM 874
.X_POINTS_PER_INCH 1000
.Y_POINTS_PER_INCH 1000
.POINTS_PER_SECOND 125
.COMMENT CALIB X: -54 Y: -28

.WRITER_INFO
 Name: SWAGAT B
 WriterId: 63
 Hand: right
 EducationLevel: college graduate
 Gender: male
 Profession: student
 Region: orissa
 Age: 20
 DeviceType: digimemo a402
 SkillDevice: average
 Language: hindi
 Script: indic
 Native: false
 Style: discrete
 UsageFreq: once a month
 Proficiency: good
 Date: 2007-6-26
 WritingInProfession: no

.PEN_DOWN
3708 5089 0
3706 5093 0
3705 5097 0
3704 5102 0
3703 5107 0
3702 5115 0
3700 5123 0
3698 5131 0
3696 5139 0
3694 5146 0
3694 5153 0
3694 5160 0
3695 5168 0
3696 5174 0
3698 5180 0
3701 5185 0
3705 5189 0
3710 5192 0
3715 5194 0
3720 5195 0
3726 5193 0
3734 5190 0
3744 5185 0
3755 5178 0
3767 5170 0
3779 5160 0
3791 5149 0
3803 5140 0
3811 5133 0
3815 5126 0
3817 5119 0
3818 5113 0
3818 5107 0
3817 5102 0
3816 5098 0
3815 5095 0
3812 5097 0
3811 5100 0
3810 5104 0
3810 5108 0
3811 5112 0
3811 5117 0
3812 5122 0
3813 5128 0
3813 5134 0
3812 5141 0
3811 5149 0
3811 5159 0
3811 5172 0
3812 5186 0
3813 5201 0
3815 5216 0
3817 5230 0
3818 5242 0
3818 5249 0
3818 5254 0
3813 5253 0
3810 5246 0
.PEN_UP
.PEN_DOWN
3703 5106 0
3704 5109 0
3708 5113 0
3713 5119 0
3722 5126 0
3733 5133 0
3744 5140 0
3756 5146 0
3768 5152 0
3778 5157 0
3786 5162 0
3786 5162 0
.PEN_UP
.PEN_DOWN
3667 5068 0
3658 5069 0
3653 5071 0
3652 5074 0
3654 5077 0
3660 5081 0
3671 5084 0
3688 5086 0
3709 5086 0
3737 5085 0
3772 5084 0
3806 5083 0
3835 5081 0
3856 5080 0
3867 5079 0
3870 5083 0
3864 5081 0
.PEN_UP
