.VERSION 1.0 
.HIERARCHY CHARACTER
.COORD X Y T
.SEGMENT CHARACTER 0-3 OK "103"
.H_LINE 4624 5499
.V_LINE 5000 5750
.X_DIM 750
.Y_DIM 874
.X_POINTS_PER_INCH 1000
.Y_POINTS_PER_INCH 1000
.POINTS_PER_SECOND 125
.COMMENT CALIB X: -52 Y: -24

.WRITER_INFO
 Name: SWAGAT B
 WriterId: 63
 Hand: right
 EducationLevel: college graduate
 Gender: male
 Profession: student
 Region: orissa
 Age: 20
 DeviceType: digimemo a402
 SkillDevice: average
 Language: hindi
 Script: indic
 Native: false
 Style: discrete
 UsageFreq: once a month
 Proficiency: good
 Date: 2007-6-26
 WritingInProfession: no

.PEN_DOWN
5204 5156 0
5206 5159 0
5208 5162 0
5209 5166 0
5209 5170 0
5209 5174 0
5207 5178 0
5204 5182 0
5199 5186 0
5193 5189 0
5186 5190 0
5178 5191 0
5169 5190 0
5160 5188 0
5152 5185 0
5146 5182 0
5143 5178 0
5141 5175 0
5141 5172 0
5143 5168 0
5147 5165 0
5153 5163 0
5162 5161 0
5173 5159 0
5187 5157 0
5200 5156 0
5213 5156 0
5229 5155 0
5245 5154 0
5258 5154 0
5269 5154 0
5275 5153 0
5279 5153 0
5279 5149 0
.PEN_UP
.PEN_DOWN
5217 5249 0
5217 5244 0
5218 5248 0
5218 5254 0
5218 5262 0
5218 5271 0
5217 5279 0
5213 5288 0
5210 5295 0
5205 5301 0
5199 5305 0
5191 5308 0
5184 5308 0
5177 5307 0
5170 5304 0
5164 5300 0
5160 5295 0
5157 5290 0
5155 5285 0
5155 5279 0
5157 5272 0
5161 5265 0
5167 5256 0
5176 5247 0
5188 5236 0
5201 5225 0
5214 5213 0
5230 5201 0
5247 5191 0
5263 5183 0
5277 5176 0
5287 5172 0
5293 5170 0
5296 5169 0
5296 5169 0
.PEN_UP
.PEN_DOWN
5313 5118 0
5313 5126 0
5313 5135 0
5311 5147 0
5308 5164 0
5304 5185 0
5300 5208 0
5298 5232 0
5297 5254 0
5298 5274 0
5301 5290 0
5303 5301 0
5304 5307 0
5305 5310 0
5305 5306 0
5305 5303 0
5305 5300 0
5305 5300 0
.PEN_UP
.PEN_DOWN
5220 5079 0
5223 5081 0
5230 5081 0
5242 5081 0
5263 5080 0
5292 5078 0
5326 5077 0
5361 5076 0
5389 5076 0
5410 5076 0
5424 5076 0
5431 5076 0
5435 5076 0
5435 5076 0
.PEN_UP
