.VERSION 1.0 
.HIERARCHY CHARACTER
.COORD X Y T
.SEGMENT CHARACTER 0-4 OK "105"
.H_LINE 6249 7124
.V_LINE 499 1250
.X_DIM 750
.Y_DIM 875
.X_POINTS_PER_INCH 1000
.Y_POINTS_PER_INCH 1000
.POINTS_PER_SECOND 125
.COMMENT CALIB X: -69 Y: -18

.WRITER_INFO
 Name: SWAGAT B
 WriterId: 63
 Hand: right
 EducationLevel: college graduate
 Gender: male
 Profession: student
 Region: orissa
 Age: 20
 DeviceType: digimemo a402
 SkillDevice: average
 Language: hindi
 Script: indic
 Native: false
 Style: discrete
 UsageFreq: once a month
 Proficiency: good
 Date: 2007-6-26
 WritingInProfession: no

.PEN_DOWN
700 6591 0
701 6595 0
702 6601 0
703 6609 0
704 6618 0
704 6627 0
705 6635 0
706 6641 0
707 6645 0
708 6648 0
706 6645 0
703 6642 0
697 6639 0
691 6638 0
684 6637 0
676 6637 0
669 6637 0
662 6637 0
655 6638 0
647 6640 0
640 6641 0
634 6643 0
628 6645 0
623 6648 0
616 6651 0
609 6654 0
604 6657 0
600 6659 0
597 6661 0
594 6664 0
592 6667 0
590 6670 0
589 6673 0
589 6676 0
589 6679 0
590 6682 0
591 6685 0
593 6688 0
596 6690 0
600 6692 0
605 6694 0
609 6696 0
614 6697 0
619 6698 0
623 6699 0
628 6699 0
633 6700 0
638 6701 0
645 6702 0
652 6702 0
659 6703 0
666 6704 0
672 6706 0
677 6708 0
682 6710 0
687 6713 0
692 6716 0
697 6720 0
701 6723 0
705 6725 0
710 6727 0
715 6730 0
719 6732 0
723 6734 0
726 6737 0
729 6740 0
731 6743 0
729 6740 0
725 6736 0
721 6733 0
717 6730 0
712 6728 0
707 6726 0
702 6724 0
696 6721 0
690 6719 0
684 6717 0
678 6715 0
671 6714 0
664 6713 0
658 6712 0
652 6713 0
646 6713 0
640 6714 0
633 6715 0
627 6717 0
622 6720 0
618 6723 0
613 6726 0
608 6729 0
604 6733 0
600 6737 0
596 6741 0
593 6746 0
590 6751 0
587 6755 0
584 6760 0
582 6764 0
579 6768 0
577 6773 0
575 6778 0
573 6782 0
572 6786 0
571 6789 0
570 6792 0
570 6796 0
570 6800 0
570 6804 0
570 6807 0
570 6810 0
570 6813 0
572 6816 0
574 6820 0
578 6824 0
582 6829 0
587 6833 0
593 6837 0
599 6841 0
604 6845 0
609 6848 0
615 6851 0
622 6853 0
631 6856 0
640 6859 0
651 6861 0
662 6862 0
671 6863 0
678 6863 0
683 6863 0
688 6862 0
693 6862 0
696 6855 0
.PEN_UP
.PEN_DOWN
796 6630 0
793 6631 0
792 6634 0
791 6637 0
791 6641 0
791 6647 0
791 6653 0
791 6658 0
791 6664 0
792 6671 0
793 6677 0
793 6683 0
793 6689 0
794 6695 0
795 6701 0
795 6707 0
796 6712 0
797 6717 0
798 6721 0
798 6725 0
798 6728 0
798 6731 0
798 6735 0
797 6738 0
796 6741 0
794 6744 0
792 6747 0
790 6750 0
788 6753 0
785 6755 0
781 6756 0
776 6757 0
771 6757 0
766 6758 0
761 6759 0
755 6760 0
748 6760 0
741 6759 0
735 6758 0
731 6755 0
727 6751 0
723 6747 0
720 6743 0
717 6740 0
716 6737 0
717 6734 0
720 6731 0
723 6729 0
727 6726 0
733 6722 0
741 6719 0
748 6716 0
758 6714 0
772 6711 0
790 6708 0
810 6704 0
831 6701 0
852 6698 0
869 6694 0
883 6690 0
892 6687 0
897 6685 0
900 6683 0
901 6680 0
902 6677 0
904 6674 0
.PEN_UP
.PEN_DOWN
915 6619 0
916 6609 0
916 6603 0
916 6600 0
914 6603 0
912 6607 0
911 6610 0
910 6614 0
910 6619 0
909 6624 0
908 6628 0
907 6633 0
907 6638 0
907 6643 0
907 6648 0
907 6653 0
907 6659 0
907 6665 0
907 6675 0
907 6686 0
907 6701 0
907 6717 0
907 6735 0
907 6755 0
907 6775 0
907 6793 0
907 6808 0
908 6819 0
912 6824 0
.PEN_UP
.PEN_DOWN
668 6584 0
661 6584 0
657 6584 0
654 6584 0
659 6588 0
670 6590 0
686 6591 0
708 6591 0
744 6589 0
792 6586 0
842 6583 0
884 6579 0
916 6576 0
937 6574 0
949 6573 0
955 6573 0
955 6573 0
.PEN_UP
.PEN_DOWN
809 6604 0
809 6611 0
804 6620 0
801 6631 0
797 6640 0
.PEN_UP
