.VERSION 1.0 
.HIERARCHY CHARACTER
.COORD X Y T
.SEGMENT CHARACTER 0-2 OK "13"
.H_LINE 4624 5499
.V_LINE 5000 5750
.X_DIM 750
.Y_DIM 874
.X_POINTS_PER_INCH 1000
.Y_POINTS_PER_INCH 1000
.POINTS_PER_SECOND 125
.COMMENT CALIB X: 19 Y: -43

.WRITER_INFO
 Name: SANDEEP CHAWLA
 WriterId: 7
 Hand: right
 EducationLevel: college graduate
 Gender: male
 Profession: student
 Region: madhya pradesh
 Age: 23
 DeviceType: digimemo a402
 SkillDevice: average
 Language: hindi
 Script: indic
 Native: true
 Style: discrete
 UsageFreq: once a week
 Proficiency: good
 Date: 2007-6-11
 WritingInProfession: no

.PEN_DOWN
5253 5081 0
5253 5078 0
5253 5075 0
5256 5072 0
5259 5070 0
5262 5069 0
5266 5068 0
5269 5069 0
5272 5070 0
5275 5071 0
5278 5073 0
5282 5075 0
5285 5079 0
5288 5083 0
5290 5088 0
5291 5093 0
5291 5098 0
5290 5104 0
5289 5110 0
5287 5117 0
5281 5127 0
5274 5134 0
5267 5142 0
5259 5149 0
5250 5156 0
5241 5160 0
5233 5164 0
5226 5166 0
5221 5167 0
5217 5167 0
5215 5164 0
5215 5161 0
5215 5158 0
5215 5155 0
5218 5157 0
5222 5160 0
5225 5164 0
5228 5169 0
5232 5175 0
5237 5182 0
5242 5190 0
5247 5198 0
5253 5205 0
5258 5212 0
5264 5219 0
5269 5224 0
5275 5228 0
5281 5232 0
5285 5234 0
5290 5234 0
5296 5232 0
5304 5227 0
5312 5222 0
5319 5216 0
5327 5209 0
5333 5204 0
5338 5199 0
5341 5196 0
5342 5193 0
5342 5190 0
5340 5187 0
5338 5184 0
5340 5175 0
.PEN_UP
.PEN_DOWN
5381 5143 0
5381 5140 0
5381 5136 0
5381 5132 0
5380 5128 0
5378 5124 0
5375 5122 0
5371 5120 0
5365 5119 0
5359 5119 0
5351 5120 0
5344 5122 0
5338 5125 0
5332 5129 0
5325 5134 0
5320 5140 0
5316 5146 0
5314 5153 0
5313 5162 0
5313 5171 0
5314 5179 0
5316 5187 0
5319 5195 0
5322 5199 0
5325 5203 0
5328 5204 0
5332 5204 0
5335 5202 0
5340 5197 0
5347 5190 0
5354 5181 0
5363 5170 0
5373 5158 0
5382 5146 0
5390 5128 0
5399 5112 0
5406 5097 0
5409 5084 0
5409 5073 0
5407 5063 0
5404 5054 0
5400 5046 0
5397 5039 0
5395 5033 0
5394 5029 0
5393 5032 0
5393 5038 0
5393 5045 0
5392 5053 0
5391 5063 0
5390 5074 0
5390 5086 0
5390 5100 0
5390 5112 0
5391 5124 0
5393 5136 0
5394 5150 0
5395 5165 0
5396 5179 0
5396 5194 0
5395 5210 0
5393 5224 0
5391 5235 0
5390 5243 0
5390 5248 0
5390 5251 0
5390 5247 0
5389 5241 0
5388 5238 0
.PEN_UP
.PEN_DOWN
5168 5051 0
5163 5052 0
5160 5052 0
5164 5050 0
5171 5048 0
5184 5045 0
5203 5041 0
5227 5038 0
5252 5035 0
5278 5032 0
5307 5031 0
5339 5029 0
5373 5027 0
5405 5026 0
5433 5024 0
5455 5022 0
5469 5020 0
5478 5018 0
5482 5017 0
5485 5017 0
5488 5017 0
.PEN_UP
