.VERSION 1.0 
.HIERARCHY CHARACTER
.COORD X Y T
.SEGMENT CHARACTER 0-2 OK "20"
.H_LINE 7874 8750
.V_LINE 499 1250
.X_DIM 750
.Y_DIM 875
.X_POINTS_PER_INCH 1000
.Y_POINTS_PER_INCH 1000
.POINTS_PER_SECOND 125
.COMMENT CALIB X: -39 Y: -32

.WRITER_INFO
 Name: SANDEEP CHAWLA
 WriterId: 7
 Hand: right
 EducationLevel: college graduate
 Gender: male
 Profession: student
 Region: madhya pradesh
 Age: 23
 DeviceType: digimemo a402
 SkillDevice: average
 Language: hindi
 Script: indic
 Native: true
 Style: discrete
 UsageFreq: once a week
 Proficiency: good
 Date: 2007-6-11
 WritingInProfession: no

.PEN_DOWN
790 8197 0
790 8203 0
790 8209 0
792 8217 0
794 8225 0
795 8231 0
797 8238 0
799 8243 0
800 8246 0
799 8243 0
797 8239 0
794 8236 0
789 8235 0
782 8236 0
774 8241 0
765 8249 0
755 8260 0
745 8272 0
738 8285 0
732 8296 0
728 8306 0
726 8313 0
727 8318 0
729 8322 0
732 8323 0
738 8323 0
747 8322 0
756 8321 0
766 8320 0
775 8320 0
783 8323 0
789 8328 0
793 8333 0
795 8340 0
795 8349 0
791 8360 0
784 8370 0
775 8379 0
765 8387 0
754 8393 0
744 8399 0
736 8402 0
728 8402 0
723 8401 0
720 8399 0
719 8396 0
718 8389 0
720 8383 0
722 8378 0
725 8375 0
729 8375 0
733 8376 0
738 8378 0
743 8382 0
749 8385 0
754 8389 0
760 8392 0
766 8395 0
771 8397 0
776 8398 0
782 8398 0
.PEN_UP
.PEN_DOWN
795 8327 0
800 8324 0
809 8321 0
822 8318 0
838 8314 0
856 8309 0
874 8304 0
889 8299 0
901 8294 0
910 8289 0
916 8284 0
920 8278 0
922 8270 0
922 8261 0
921 8251 0
919 8241 0
918 8231 0
916 8223 0
914 8216 0
913 8210 0
911 8206 0
910 8203 0
909 8206 0
911 8212 0
912 8221 0
914 8236 0
915 8254 0
916 8271 0
916 8289 0
917 8307 0
917 8325 0
917 8341 0
917 8355 0
917 8367 0
918 8376 0
921 8383 0
.PEN_UP
.PEN_DOWN
716 8188 0
721 8187 0
729 8185 0
743 8182 0
765 8179 0
795 8175 0
834 8171 0
875 8167 0
913 8162 0
945 8159 0
968 8157 0
987 8155 0
1000 8154 0
1007 8154 0
1010 8154 0
1007 8155 0
.PEN_UP
