.VERSION 1.0 
.HIERARCHY CHARACTER
.COORD X Y T
.SEGMENT CHARACTER 0-1 OK "37"
.H_LINE 2999 3874
.V_LINE 3500 4250
.X_DIM 750
.Y_DIM 874
.X_POINTS_PER_INCH 1000
.Y_POINTS_PER_INCH 1000
.POINTS_PER_SECOND 125
.COMMENT CALIB X: -6 Y: -16

.WRITER_INFO
 Name: SANDEEP CHAWLA
 WriterId: 7
 Hand: right
 EducationLevel: college graduate
 Gender: male
 Profession: student
 Region: madhya pradesh
 Age: 23
 DeviceType: digimemo a402
 SkillDevice: average
 Language: hindi
 Script: indic
 Native: true
 Style: discrete
 UsageFreq: once a week
 Proficiency: good
 Date: 2007-6-11
 WritingInProfession: no

.PEN_DOWN
3760 3398 0
3763 3401 0
3766 3405 0
3768 3408 0
3770 3412 0
3772 3416 0
3773 3422 0
3774 3428 0
3775 3435 0
3775 3444 0
3773 3453 0
3771 3461 0
3768 3471 0
3764 3480 0
3758 3489 0
3753 3498 0
3748 3505 0
3743 3509 0
3740 3512 0
3736 3515 0
3731 3518 0
3726 3520 0
3722 3522 0
3719 3524 0
3716 3524 0
3713 3523 0
3716 3526 0
3719 3529 0
3723 3532 0
3727 3536 0
3731 3539 0
3736 3542 0
3742 3543 0
3747 3544 0
3753 3544 0
3759 3544 0
3763 3543 0
3768 3540 0
3776 3536 0
3784 3531 0
3792 3525 0
3801 3518 0
3810 3511 0
3818 3502 0
3826 3494 0
3832 3485 0
3838 3476 0
3842 3466 0
3845 3457 0
3848 3448 0
3851 3440 0
3854 3431 0
3857 3423 0
3860 3416 0
3862 3408 0
3863 3401 0
3863 3395 0
3863 3390 0
3863 3387 0
3863 3384 0
3862 3381 0
3861 3385 0
3861 3390 0
3860 3396 0
3859 3403 0
3859 3410 0
3859 3418 0
3859 3430 0
3858 3444 0
3858 3461 0
3857 3480 0
3857 3500 0
3855 3523 0
3854 3544 0
3853 3562 0
3853 3576 0
3853 3588 0
3852 3598 0
3852 3605 0
3852 3610 0
3852 3610 0
.PEN_UP
.PEN_DOWN
3657 3402 0
3660 3401 0
3664 3399 0
3671 3398 0
3681 3397 0
3697 3395 0
3716 3392 0
3736 3389 0
3761 3386 0
3792 3383 0
3830 3380 0
3871 3377 0
3908 3375 0
3939 3373 0
3962 3372 0
3977 3372 0
3985 3371 0
3988 3371 0
3984 3370 0
3981 3370 0
.PEN_UP
