.VERSION 1.0 
.HIERARCHY CHARACTER
.COORD X Y T
.SEGMENT CHARACTER 0-1 OK "39"
.H_LINE 2999 3874
.V_LINE 6500 7250
.X_DIM 750
.Y_DIM 874
.X_POINTS_PER_INCH 1000
.Y_POINTS_PER_INCH 1000
.POINTS_PER_SECOND 125
.COMMENT CALIB X: 23 Y: -69

.WRITER_INFO
 Name: SANDEEP CHAWLA
 WriterId: 7
 Hand: right
 EducationLevel: college graduate
 Gender: male
 Profession: student
 Region: madhya pradesh
 Age: 23
 DeviceType: digimemo a402
 SkillDevice: average
 Language: hindi
 Script: indic
 Native: true
 Style: discrete
 UsageFreq: once a week
 Proficiency: good
 Date: 2007-6-11
 WritingInProfession: no

.PEN_DOWN
6961 3359 0
6960 3364 0
6959 3371 0
6959 3380 0
6959 3389 0
6959 3402 0
6959 3415 0
6959 3429 0
6959 3445 0
6958 3459 0
6958 3474 0
6959 3487 0
6959 3498 0
6960 3507 0
6960 3514 0
6961 3520 0
6961 3524 0
6960 3518 0
6960 3510 0
6959 3501 0
6959 3490 0
6958 3479 0
6957 3470 0
6955 3463 0
6952 3456 0
6948 3450 0
6941 3444 0
6934 3438 0
6926 3433 0
6916 3428 0
6907 3425 0
6899 3423 0
6892 3422 0
6886 3421 0
6881 3422 0
6877 3424 0
6873 3426 0
6869 3430 0
6865 3435 0
6861 3441 0
6858 3448 0
6854 3456 0
6850 3463 0
6847 3470 0
6845 3477 0
6844 3483 0
6844 3488 0
6844 3492 0
6845 3496 0
6848 3498 0
6851 3494 0
6853 3489 0
6855 3482 0
6855 3475 0
6855 3469 0
6854 3464 0
6852 3459 0
6850 3455 0
6847 3451 0
6843 3447 0
6838 3444 0
6832 3441 0
6826 3440 0
6819 3440 0
6812 3441 0
6804 3443 0
6797 3446 0
6790 3450 0
6785 3454 0
6781 3459 0
6778 3464 0
6776 3473 0
6774 3482 0
6772 3491 0
6772 3500 0
6772 3508 0
6773 3516 0
6775 3524 0
6778 3532 0
6782 3540 0
6788 3547 0
6795 3553 0
6800 3557 0
6804 3560 0
6807 3562 0
6807 3562 0
.PEN_UP
.PEN_DOWN
6841 3352 0
6844 3352 0
6852 3351 0
6866 3350 0
6884 3349 0
6907 3349 0
6931 3349 0
6955 3349 0
6974 3349 0
6990 3349 0
7003 3349 0
7015 3348 0
7023 3347 0
7028 3346 0
7032 3345 0
7031 3349 0
.PEN_UP
