.VERSION 1.0 
.HIERARCHY CHARACTER
.COORD X Y T
.SEGMENT CHARACTER 0-1 OK "101"
.H_LINE 4624 5499
.V_LINE 1999 2749
.X_DIM 749
.Y_DIM 874
.X_POINTS_PER_INCH 1000
.Y_POINTS_PER_INCH 1000
.POINTS_PER_SECOND 125
.COMMENT CALIB X: -15 Y: -9

.WRITER_INFO
 Name: SANDEEP CHAWLA
 WriterId: 7
 Hand: right
 EducationLevel: college graduate
 Gender: male
 Profession: student
 Region: madhya pradesh
 Age: 23
 DeviceType: digimemo a402
 SkillDevice: average
 Language: hindi
 Script: indic
 Native: true
 Style: discrete
 UsageFreq: once a week
 Proficiency: good
 Date: 2007-6-11
 WritingInProfession: no

.PEN_DOWN
2297 4923 0
2300 4923 0
2303 4924 0
2305 4927 0
2307 4930 0
2308 4933 0
2309 4938 0
2311 4944 0
2313 4949 0
2315 4953 0
2316 4957 0
2316 4961 0
2314 4957 0
2312 4953 0
2309 4950 0
2305 4948 0
2299 4947 0
2293 4947 0
2287 4949 0
2279 4952 0
2271 4957 0
2264 4963 0
2259 4970 0
2253 4980 0
2249 4989 0
2247 4997 0
2247 5004 0
2247 5011 0
2249 5018 0
2251 5023 0
2254 5029 0
2258 5033 0
2262 5035 0
2268 5035 0
2274 5034 0
2279 5032 0
2283 5030 0
2280 5029 0
2275 5030 0
2270 5033 0
2266 5036 0
2262 5041 0
2258 5048 0
2254 5056 0
2251 5067 0
2249 5077 0
2248 5086 0
2248 5095 0
2250 5103 0
2253 5110 0
2257 5116 0
2262 5120 0
2269 5122 0
2278 5122 0
2291 5119 0
2306 5114 0
2322 5106 0
2340 5097 0
2356 5086 0
2371 5072 0
2383 5056 0
2392 5039 0
2398 5022 0
2400 5006 0
2400 4992 0
2399 4980 0
2397 4971 0
2394 4964 0
2391 4958 0
2389 4954 0
2387 4951 0
2385 4955 0
2383 4963 0
2381 4973 0
2380 4987 0
2379 5004 0
2379 5024 0
2379 5046 0
2378 5068 0
2378 5088 0
2379 5104 0
2380 5118 0
2381 5129 0
2381 5137 0
2381 5142 0
2381 5146 0
2381 5146 0
.PEN_UP
.PEN_DOWN
2185 4928 0
2187 4925 0
2190 4923 0
2195 4922 0
2201 4921 0
2210 4920 0
2223 4919 0
2238 4917 0
2256 4913 0
2288 4910 0
2323 4908 0
2361 4906 0
2395 4904 0
2423 4903 0
2444 4903 0
2458 4902 0
2466 4902 0
2471 4902 0
2467 4903 0
2463 4904 0
2459 4903 0
2459 4903 0
.PEN_UP
