.VERSION 1.0 
.HIERARCHY CHARACTER
.COORD X Y T
.SEGMENT CHARACTER 0-3 OK "103"
.H_LINE 4624 5499
.V_LINE 5000 5750
.X_DIM 750
.Y_DIM 874
.X_POINTS_PER_INCH 1000
.Y_POINTS_PER_INCH 1000
.POINTS_PER_SECOND 125
.COMMENT CALIB X: 7 Y: -38

.WRITER_INFO
 Name: SANDEEP CHAWLA
 WriterId: 7
 Hand: right
 EducationLevel: college graduate
 Gender: male
 Profession: student
 Region: madhya pradesh
 Age: 23
 DeviceType: digimemo a402
 SkillDevice: average
 Language: hindi
 Script: indic
 Native: true
 Style: discrete
 UsageFreq: once a week
 Proficiency: good
 Date: 2007-6-11
 WritingInProfession: no

.PEN_DOWN
5277 5011 0
5276 5014 0
5274 5017 0
5269 5023 0
5263 5029 0
5257 5034 0
5250 5037 0
5244 5038 0
5239 5037 0
5234 5035 0
5231 5032 0
5228 5027 0
5226 5022 0
5225 5016 0
5225 5010 0
5227 5004 0
5231 4998 0
5235 4993 0
5237 4989 0
5239 4986 0
5242 4984 0
5246 4983 0
5250 4983 0
5255 4985 0
5260 4988 0
5265 4993 0
5270 5000 0
5275 5008 0
5280 5015 0
5287 5022 0
5295 5029 0
5305 5034 0
5317 5038 0
5329 5042 0
5339 5044 0
5348 5046 0
5353 5047 0
5356 5047 0
5356 5047 0
.PEN_UP
.PEN_DOWN
5273 5112 0
5275 5115 0
5276 5118 0
5277 5121 0
5277 5124 0
5276 5128 0
5275 5131 0
5274 5134 0
5270 5136 0
5267 5137 0
5264 5138 0
5261 5138 0
5257 5136 0
5252 5133 0
5248 5130 0
5245 5126 0
5243 5121 0
5242 5117 0
5243 5113 0
5246 5108 0
5250 5103 0
5255 5098 0
5262 5094 0
5269 5090 0
5276 5087 0
5286 5083 0
5300 5079 0
5318 5074 0
5336 5070 0
5352 5067 0
5365 5065 0
5375 5062 0
5382 5061 0
5386 5060 0
5386 5057 0
5384 5054 0
.PEN_UP
.PEN_DOWN
5380 4951 0
5379 4947 0
5379 4943 0
5379 4940 0
5380 4937 0
5379 4941 0
5378 4946 0
5377 4955 0
5376 4967 0
5375 4979 0
5375 4992 0
5376 5007 0
5377 5023 0
5379 5042 0
5380 5060 0
5381 5077 0
5382 5094 0
5382 5109 0
5382 5121 0
5382 5131 0
5383 5139 0
5384 5148 0
5384 5155 0
5385 5161 0
5386 5164 0
5386 5161 0
5387 5157 0
.PEN_UP
.PEN_DOWN
5268 4908 0
5271 4907 0
5277 4905 0
5284 4904 0
5296 4902 0
5314 4900 0
5340 4897 0
5374 4894 0
5411 4892 0
5446 4890 0
5474 4888 0
5494 4887 0
5507 4887 0
5514 4887 0
5517 4887 0
5514 4889 0
.PEN_UP
