.VERSION 1.0 
.HIERARCHY CHARACTER
.COORD X Y T
.SEGMENT CHARACTER 0-1 OK "3"
.H_LINE 1374 2249
.V_LINE 5000 5750
.X_DIM 750
.Y_DIM 874
.X_POINTS_PER_INCH 1000
.Y_POINTS_PER_INCH 1000
.POINTS_PER_SECOND 125
.COMMENT CALIB X: -69 Y: -53

.WRITER_INFO
 Name: BHARAT KRISHNA
 WriterId: 94
 Hand: right
 EducationLevel: primary school
 Gender: male
 Profession: student
 Region: chennai
 Age: 14
 DeviceType: digimemo a402
 SkillDevice: average
 Language: hindi
 Script: indic
 Native: false
 Style: discrete
 UsageFreq: every day
 Proficiency: average
 Date: 2007-7-8
 WritingInProfession: yes, but limited

.PEN_DOWN
5410 1738 0
5409 1735 0
5409 1732 0
5407 1736 0
5405 1742 0
5404 1749 0
5404 1757 0
5405 1765 0
5406 1774 0
5408 1780 0
5410 1785 0
5412 1790 0
5415 1793 0
5418 1795 0
5416 1792 0
5412 1790 0
5407 1789 0
5399 1791 0
5386 1794 0
5371 1800 0
5353 1807 0
5338 1812 0
5327 1817 0
5318 1821 0
5313 1824 0
5317 1826 0
5323 1827 0
5332 1828 0
5342 1830 0
5352 1833 0
5362 1837 0
5373 1841 0
5383 1845 0
5390 1850 0
5396 1856 0
5400 1862 0
5403 1869 0
5403 1878 0
5402 1887 0
5397 1897 0
5389 1908 0
5378 1917 0
5361 1925 0
5342 1930 0
5324 1931 0
5309 1929 0
5296 1925 0
5286 1919 0
5280 1912 0
5276 1902 0
5274 1893 0
5276 1885 0
5281 1879 0
5287 1875 0
5293 1873 0
5299 1873 0
5308 1874 0
5318 1878 0
5327 1882 0
5338 1890 0
5350 1900 0
5362 1912 0
5374 1924 0
5387 1937 0
5400 1950 0
5413 1962 0
5425 1971 0
5436 1977 0
5447 1972 0
.PEN_UP
.PEN_DOWN
5259 1733 0
5256 1733 0
5252 1733 0
5248 1733 0
5244 1733 0
5241 1734 0
5238 1735 0
5235 1737 0
5241 1735 0
5253 1734 0
5272 1732 0
5301 1729 0
5336 1726 0
5372 1723 0
5406 1719 0
5440 1714 0
5474 1711 0
5504 1708 0
5526 1706 0
5539 1706 0
5545 1705 0
5546 1697 0
5542 1693 0
.PEN_UP
