.VERSION 1.0 
.HIERARCHY CHARACTER
.COORD X Y T
.SEGMENT CHARACTER 0-1 OK "36"
.H_LINE 2999 3874
.V_LINE 1999 2749
.X_DIM 749
.Y_DIM 874
.X_POINTS_PER_INCH 1000
.Y_POINTS_PER_INCH 1000
.POINTS_PER_SECOND 125
.COMMENT CALIB X: -67 Y: -113

.WRITER_INFO
 Name: BHARAT KRISHNA
 WriterId: 94
 Hand: right
 EducationLevel: primary school
 Gender: male
 Profession: student
 Region: chennai
 Age: 14
 DeviceType: digimemo a402
 SkillDevice: average
 Language: hindi
 Script: indic
 Native: false
 Style: discrete
 UsageFreq: every day
 Proficiency: average
 Date: 2007-7-8
 WritingInProfession: yes, but limited

.PEN_DOWN
2302 3292 0
2300 3295 0
2299 3298 0
2298 3303 0
2298 3311 0
2298 3321 0
2299 3334 0
2300 3349 0
2301 3369 0
2303 3391 0
2303 3412 0
2304 3433 0
2306 3451 0
2307 3466 0
2308 3476 0
2309 3481 0
2307 3478 0
2304 3471 0
2298 3461 0
2289 3448 0
2280 3435 0
2271 3424 0
2262 3414 0
2254 3406 0
2247 3398 0
2242 3392 0
2238 3388 0
2243 3387 0
2252 3387 0
2267 3387 0
2288 3387 0
2309 3386 0
2330 3383 0
2353 3378 0
2376 3371 0
2394 3363 0
2407 3355 0
2417 3348 0
2423 3341 0
2426 3334 0
2428 3327 0
2428 3321 0
2428 3314 0
2426 3307 0
2425 3302 0
2423 3299 0
2421 3296 0
2420 3301 0
2418 3309 0
2417 3318 0
2418 3330 0
2419 3344 0
2421 3362 0
2424 3384 0
2427 3405 0
2430 3427 0
2433 3447 0
2435 3463 0
2436 3474 0
2437 3480 0
2438 3483 0
2438 3476 0
2438 3464 0
2436 3446 0
.PEN_UP
.PEN_DOWN
2209 3284 0
2206 3282 0
2203 3281 0
2199 3282 0
2199 3285 0
2205 3287 0
2215 3288 0
2227 3289 0
2246 3289 0
2275 3289 0
2311 3288 0
2347 3286 0
2382 3284 0
2410 3283 0
2431 3283 0
2445 3283 0
2454 3282 0
2459 3282 0
2462 3282 0
2465 3281 0
2468 3277 0
2469 3267 0
.PEN_UP
