.VERSION 1.0 
.HIERARCHY CHARACTER
.COORD X Y T
.SEGMENT CHARACTER 0-3 OK "44"
.H_LINE 4624 5499
.V_LINE 6500 7250
.X_DIM 750
.Y_DIM 874
.X_POINTS_PER_INCH 1000
.Y_POINTS_PER_INCH 1000
.POINTS_PER_SECOND 125
.COMMENT CALIB X: -85 Y: -60

.WRITER_INFO
 Name: BHARAT KRISHNA
 WriterId: 94
 Hand: right
 EducationLevel: primary school
 Gender: male
 Profession: student
 Region: chennai
 Age: 14
 DeviceType: digimemo a402
 SkillDevice: average
 Language: hindi
 Script: indic
 Native: false
 Style: discrete
 UsageFreq: every day
 Proficiency: average
 Date: 2007-7-8
 WritingInProfession: yes, but limited

.PEN_DOWN
6889 4984 0
6889 4987 0
6889 4990 0
6888 4994 0
6888 4998 0
6889 5003 0
6890 5008 0
6891 5014 0
6892 5019 0
6893 5023 0
6894 5027 0
6895 5031 0
6897 5034 0
6900 5036 0
6898 5033 0
6895 5030 0
6892 5028 0
6885 5028 0
6875 5030 0
6866 5032 0
6856 5035 0
6846 5038 0
6835 5042 0
6826 5047 0
6819 5053 0
6811 5061 0
6804 5067 0
6800 5072 0
6798 5075 0
6797 5078 0
6799 5081 0
6803 5083 0
6809 5084 0
6816 5083 0
6826 5083 0
6837 5082 0
6849 5081 0
6861 5081 0
6872 5080 0
6880 5080 0
6886 5080 0
6892 5081 0
6899 5082 0
6906 5084 0
6912 5087 0
6917 5091 0
6920 5095 0
6922 5098 0
6923 5102 0
6924 5106 0
6924 5111 0
6922 5116 0
6921 5120 0
6919 5124 0
6916 5128 0
6913 5131 0
6910 5132 0
6907 5131 0
.PEN_UP
.PEN_DOWN
6879 5081 0
6872 5082 0
6867 5083 0
6862 5084 0
6858 5086 0
6853 5091 0
6845 5098 0
6838 5105 0
6832 5112 0
6829 5119 0
6828 5127 0
6831 5137 0
6836 5144 0
6846 5151 0
6861 5155 0
6879 5154 0
.PEN_UP
.PEN_DOWN
6729 4956 0
6723 4956 0
6717 4955 0
6713 4954 0
6710 4953 0
6715 4954 0
6724 4954 0
6736 4955 0
6748 4956 0
6765 4954 0
6794 4953 0
6830 4950 0
6867 4947 0
6896 4945 0
6918 4943 0
6934 4941 0
6943 4941 0
6947 4940 0
6950 4940 0
6951 4944 0
.PEN_UP
.PEN_DOWN
6850 5147 0
6850 5150 0
6850 5153 0
6853 5156 0
6858 5159 0
6864 5161 0
6871 5163 0
6881 5163 0
6889 5162 0
.PEN_UP
