.VERSION 1.0 
.HIERARCHY CHARACTER
.COORD X Y T
.SEGMENT CHARACTER 0-2 OK "46"
.H_LINE 6249 7124
.V_LINE 1999 2749
.X_DIM 749
.Y_DIM 875
.X_POINTS_PER_INCH 1000
.Y_POINTS_PER_INCH 1000
.POINTS_PER_SECOND 125
.COMMENT CALIB X: -102 Y: -72

.WRITER_INFO
 Name: BHARAT KRISHNA
 WriterId: 94
 Hand: right
 EducationLevel: primary school
 Gender: male
 Profession: student
 Region: chennai
 Age: 14
 DeviceType: digimemo a402
 SkillDevice: average
 Language: hindi
 Script: indic
 Native: false
 Style: discrete
 UsageFreq: every day
 Proficiency: average
 Date: 2007-7-8
 WritingInProfession: yes, but limited

.PEN_DOWN
2376 6584 0
2375 6587 0
2375 6592 0
2375 6599 0
2375 6608 0
2375 6621 0
2375 6638 0
2375 6657 0
2375 6679 0
2375 6701 0
2376 6724 0
2377 6745 0
2378 6760 0
2379 6770 0
2380 6775 0
2380 6778 0
2381 6775 0
2380 6769 0
2380 6759 0
2380 6747 0
2379 6732 0
.PEN_UP
.PEN_DOWN
2208 6620 0
2204 6620 0
2201 6619 0
2198 6619 0
2196 6622 0
2196 6625 0
2199 6629 0
2203 6632 0
2210 6636 0
2219 6641 0
2230 6646 0
2246 6651 0
2262 6655 0
2282 6658 0
2303 6661 0
2322 6663 0
2340 6663 0
2356 6663 0
2367 6663 0
2373 6662 0
2376 6662 0
2373 6664 0
2370 6665 0
2366 6668 0
2362 6671 0
2358 6675 0
2351 6683 0
2342 6693 0
2333 6704 0
2321 6719 0
2307 6735 0
2290 6751 0
2272 6767 0
2253 6782 0
2234 6796 0
2217 6808 0
2202 6818 0
2189 6826 0
2181 6831 0
2175 6835 0
2172 6837 0
2173 6833 0
2179 6825 0
.PEN_UP
.PEN_DOWN
2217 6579 0
2214 6578 0
2211 6577 0
2208 6576 0
2205 6575 0
2202 6574 0
2199 6573 0
2196 6573 0
2199 6574 0
2206 6575 0
2219 6576 0
2242 6575 0
2275 6573 0
2314 6571 0
2351 6570 0
2380 6569 0
2405 6568 0
2426 6568 0
2440 6567 0
2448 6567 0
2451 6566 0
2453 6563 0
2452 6550 0
.PEN_UP
