.VERSION 1.0 
.HIERARCHY CHARACTER
.COORD X Y T
.SEGMENT CHARACTER 0-3 OK "1"
.H_LINE 1374 2249
.V_LINE 1999 2749
.X_DIM 749
.Y_DIM 874
.X_POINTS_PER_INCH 1000
.Y_POINTS_PER_INCH 1000
.POINTS_PER_SECOND 125
.COMMENT CALIB X: 22 Y: -81

.WRITER_INFO
 Name: K GUNARANJAN
 WriterId: 24
 Hand: right
 EducationLevel: post graduate
 Gender: male
 Profession: student
 Region: hyderabad
 Age: 23
 DeviceType: digimemo a402
 SkillDevice: poor
 Language: hindi
 Script: indic
 Native: false
 Style: discrete
 UsageFreq: rarely
 Proficiency: average
 Date: 2007-6-14
 WritingInProfession: no

.PEN_DOWN
2173 1696 0
2174 1693 0
2177 1691 0
2181 1689 0
2188 1687 0
2197 1685 0
2205 1683 0
2214 1682 0
2222 1682 0
2230 1682 0
2238 1684 0
2246 1686 0
2252 1689 0
2256 1693 0
2258 1697 0
2260 1702 0
2262 1709 0
2263 1716 0
2262 1723 0
2260 1730 0
2258 1736 0
2255 1744 0
2250 1752 0
2243 1759 0
2236 1765 0
2227 1772 0
2217 1778 0
2209 1782 0
2203 1784 0
2199 1785 0
2204 1783 0
2210 1782 0
2218 1781 0
2226 1780 0
2233 1781 0
2239 1782 0
2244 1784 0
2249 1787 0
2253 1790 0
2258 1793 0
2262 1797 0
2266 1802 0
2270 1808 0
2272 1814 0
2273 1820 0
2274 1826 0
2273 1832 0
2272 1838 0
2270 1843 0
2266 1849 0
2261 1854 0
2257 1859 0
2251 1865 0
2243 1869 0
2234 1872 0
2226 1876 0
2218 1878 0
2211 1879 0
2203 1879 0
2194 1878 0
2187 1876 0
2176 1873 0
2162 1868 0
2151 1862 0
2142 1856 0
2134 1850 0
2128 1842 0
.PEN_UP
.PEN_DOWN
2227 1778 0
2231 1776 0
2234 1775 0
2237 1774 0
2240 1773 0
2243 1772 0
2246 1772 0
2249 1772 0
2253 1773 0
2260 1774 0
2266 1775 0
2273 1776 0
2281 1777 0
2288 1777 0
2295 1778 0
2302 1778 0
2308 1778 0
2313 1778 0
2316 1777 0
2320 1773 0
2325 1771 0
.PEN_UP
.PEN_DOWN
2345 1690 0
2344 1693 0
2342 1696 0
2341 1700 0
2340 1706 0
2339 1712 0
2338 1720 0
2337 1729 0
2336 1739 0
2335 1749 0
2333 1760 0
2331 1771 0
2329 1782 0
2328 1792 0
2327 1804 0
2326 1815 0
2326 1825 0
2326 1832 0
2326 1838 0
2326 1845 0
2326 1851 0
2326 1855 0
2326 1861 0
2325 1867 0
2324 1871 0
2323 1875 0
2322 1878 0
2321 1882 0
2321 1885 0
2321 1885 0
.PEN_UP
.PEN_DOWN
2306 1686 0
2310 1684 0
2315 1682 0
2323 1679 0
2333 1677 0
2345 1675 0
2359 1672 0
2374 1669 0
2390 1666 0
.PEN_UP
