.VERSION 1.0 
.HIERARCHY CHARACTER
.COORD X Y T
.SEGMENT CHARACTER 0-4 OK "2"
.H_LINE 1374 2249
.V_LINE 3500 4250
.X_DIM 750
.Y_DIM 874
.X_POINTS_PER_INCH 1000
.Y_POINTS_PER_INCH 1000
.POINTS_PER_SECOND 125
.COMMENT CALIB X: 39 Y: -93

.WRITER_INFO
 Name: K GUNARANJAN
 WriterId: 24
 Hand: right
 EducationLevel: post graduate
 Gender: male
 Profession: student
 Region: hyderabad
 Age: 23
 DeviceType: digimemo a402
 SkillDevice: poor
 Language: hindi
 Script: indic
 Native: false
 Style: discrete
 UsageFreq: rarely
 Proficiency: average
 Date: 2007-6-14
 WritingInProfession: no

.PEN_DOWN
3684 1755 0
3681 1753 0
3680 1750 0
3682 1747 0
3686 1745 0
3691 1743 0
3698 1741 0
3708 1739 0
3719 1738 0
3730 1738 0
3741 1739 0
3750 1741 0
3756 1744 0
3759 1748 0
3761 1753 0
3761 1758 0
3760 1764 0
3756 1771 0
3751 1779 0
3746 1786 0
3739 1792 0
3729 1797 0
3719 1802 0
3707 1806 0
3695 1810 0
3686 1812 0
3680 1813 0
3684 1810 0
3692 1807 0
3704 1805 0
3715 1804 0
3725 1805 0
3734 1807 0
3742 1810 0
3749 1814 0
3754 1820 0
3758 1826 0
3761 1832 0
3762 1839 0
3761 1847 0
3759 1855 0
3755 1864 0
3751 1872 0
3745 1878 0
3737 1884 0
3727 1889 0
3715 1891 0
3703 1892 0
3688 1891 0
3674 1889 0
3662 1885 0
3650 1879 0
3641 1872 0
3635 1864 0
3632 1855 0
3635 1847 0
.PEN_UP
.PEN_DOWN
3733 1801 0
3736 1801 0
3739 1801 0
3744 1801 0
3752 1801 0
3761 1800 0
3772 1799 0
3785 1798 0
3796 1797 0
3806 1795 0
3816 1793 0
3825 1790 0
3834 1789 0
.PEN_UP
.PEN_DOWN
3840 1738 0
3838 1735 0
3836 1740 0
3834 1748 0
3833 1760 0
3832 1773 0
3830 1786 0
3827 1800 0
3825 1813 0
3823 1825 0
3821 1838 0
3820 1850 0
3819 1861 0
3819 1871 0
3819 1878 0
3819 1882 0
3819 1879 0
.PEN_UP
.PEN_DOWN
3897 1741 0
3896 1745 0
3895 1752 0
3895 1760 0
3895 1771 0
3894 1783 0
3892 1796 0
3890 1809 0
3888 1821 0
3886 1833 0
3884 1845 0
3884 1856 0
3883 1867 0
3883 1874 0
3884 1879 0
3888 1871 0
.PEN_UP
.PEN_DOWN
3788 1737 0
3792 1733 0
3796 1730 0
3803 1728 0
3811 1727 0
3820 1727 0
3833 1726 0
3851 1725 0
3872 1723 0
3892 1721 0
3910 1719 0
3927 1717 0
3938 1716 0
3944 1711 0
.PEN_UP
