.VERSION 1.0 
.HIERARCHY CHARACTER
.COORD X Y T
.SEGMENT CHARACTER 0-2 OK "20"
.H_LINE 7874 8750
.V_LINE 499 1250
.X_DIM 750
.Y_DIM 875
.X_POINTS_PER_INCH 1000
.Y_POINTS_PER_INCH 1000
.POINTS_PER_SECOND 125
.COMMENT CALIB X: -46 Y: -59

.WRITER_INFO
 Name: K GUNARANJAN
 WriterId: 24
 Hand: right
 EducationLevel: post graduate
 Gender: male
 Profession: student
 Region: hyderabad
 Age: 23
 DeviceType: digimemo a402
 SkillDevice: poor
 Language: hindi
 Script: indic
 Native: false
 Style: discrete
 UsageFreq: rarely
 Proficiency: average
 Date: 2007-6-14
 WritingInProfession: no

.PEN_DOWN
815 8274 0
814 8277 0
814 8281 0
815 8287 0
817 8294 0
821 8301 0
824 8306 0
827 8309 0
823 8313 0
813 8317 0
800 8321 0
784 8325 0
768 8330 0
754 8335 0
742 8339 0
734 8343 0
730 8347 0
730 8350 0
731 8354 0
734 8357 0
741 8361 0
752 8366 0
766 8371 0
782 8376 0
798 8384 0
810 8392 0
817 8402 0
820 8412 0
819 8423 0
813 8435 0
803 8445 0
793 8453 0
782 8459 0
771 8462 0
762 8462 0
756 8460 0
750 8455 0
745 8450 0
742 8444 0
741 8437 0
743 8432 0
745 8429 0
750 8428 0
758 8431 0
768 8435 0
780 8441 0
790 8447 0
800 8454 0
810 8463 0
820 8471 0
829 8478 0
837 8484 0
843 8487 0
850 8486 0
.PEN_UP
.PEN_DOWN
827 8386 0
833 8389 0
843 8392 0
857 8393 0
874 8394 0
892 8392 0
908 8389 0
920 8386 0
929 8381 0
937 8374 0
943 8364 0
948 8353 0
952 8340 0
953 8326 0
953 8314 0
952 8305 0
950 8299 0
949 8295 0
948 8298 0
947 8305 0
946 8316 0
945 8330 0
944 8346 0
942 8363 0
940 8382 0
938 8403 0
937 8423 0
937 8442 0
938 8459 0
940 8472 0
942 8481 0
944 8485 0
947 8482 0
.PEN_UP
.PEN_DOWN
755 8291 0
760 8289 0
772 8287 0
791 8285 0
813 8284 0
844 8282 0
879 8279 0
915 8275 0
945 8270 0
972 8265 0
996 8261 0
1016 8258 0
1028 8256 0
1034 8255 0
.PEN_UP
