.VERSION 1.0 
.HIERARCHY CHARACTER
.COORD X Y T
.SEGMENT CHARACTER 0-1 OK "82"
.H_LINE 7874 8750
.V_LINE 3500 4250
.X_DIM 750
.Y_DIM 875
.X_POINTS_PER_INCH 1000
.Y_POINTS_PER_INCH 1000
.POINTS_PER_SECOND 125
.COMMENT CALIB X: -78 Y: -51

.WRITER_INFO
 Name: K GUNARANJAN
 WriterId: 24
 Hand: right
 EducationLevel: post graduate
 Gender: male
 Profession: student
 Region: hyderabad
 Age: 23
 DeviceType: digimemo a402
 SkillDevice: poor
 Language: hindi
 Script: indic
 Native: false
 Style: discrete
 UsageFreq: rarely
 Proficiency: average
 Date: 2007-6-14
 WritingInProfession: no

.PEN_DOWN
3793 8264 0
3800 8264 0
3813 8264 0
3830 8264 0
3850 8265 0
3874 8266 0
3897 8268 0
3915 8270 0
3929 8273 0
3938 8275 0
3945 8276 0
3949 8277 0
3943 8279 0
.PEN_UP
.PEN_DOWN
3852 8356 0
3852 8359 0
3849 8362 0
3845 8364 0
3840 8365 0
3835 8366 0
3829 8367 0
3822 8366 0
3815 8365 0
3809 8363 0
3804 8361 0
3800 8358 0
3798 8355 0
3797 8352 0
3798 8348 0
3801 8344 0
3809 8339 0
3818 8336 0
3827 8333 0
3835 8332 0
3843 8331 0
3852 8331 0
3860 8332 0
3867 8335 0
3875 8338 0
3880 8342 0
3883 8347 0
3885 8353 0
3886 8359 0
3887 8365 0
3887 8370 0
3885 8376 0
3882 8382 0
3879 8387 0
3876 8395 0
3872 8402 0
3868 8409 0
3863 8417 0
3857 8423 0
3852 8429 0
3847 8433 0
3843 8436 0
3839 8439 0
3835 8440 0
3831 8441 0
3828 8442 0
3825 8442 0
3821 8442 0
3817 8442 0
3814 8442 0
3810 8441 0
3806 8439 0
3801 8437 0
3798 8434 0
3795 8431 0
3793 8426 0
3792 8422 0
3792 8418 0
3793 8415 0
3798 8415 0
3810 8416 0
3824 8419 0
3840 8421 0
3854 8422 0
3868 8423 0
3883 8424 0
3894 8425 0
3905 8425 0
3913 8424 0
3919 8422 0
3924 8421 0
3928 8419 0
3931 8416 0
3934 8412 0
3937 8403 0
.PEN_UP
