.VERSION 1.0 
.HIERARCHY CHARACTER
.COORD X Y T
.SEGMENT CHARACTER 0-3 OK "103"
.H_LINE 4624 5499
.V_LINE 5000 5750
.X_DIM 750
.Y_DIM 874
.X_POINTS_PER_INCH 1000
.Y_POINTS_PER_INCH 1000
.POINTS_PER_SECOND 125
.COMMENT CALIB X: 22 Y: -57

.WRITER_INFO
 Name: K GUNARANJAN
 WriterId: 24
 Hand: right
 EducationLevel: post graduate
 Gender: male
 Profession: student
 Region: hyderabad
 Age: 23
 DeviceType: digimemo a402
 SkillDevice: poor
 Language: hindi
 Script: indic
 Native: false
 Style: discrete
 UsageFreq: rarely
 Proficiency: average
 Date: 2007-6-14
 WritingInProfession: no

.PEN_DOWN
5241 5110 0
5242 5114 0
5243 5117 0
5241 5120 0
5237 5124 0
5231 5126 0
5224 5128 0
5217 5129 0
5207 5129 0
5197 5129 0
5189 5128 0
5184 5127 0
5182 5124 0
5183 5119 0
5188 5115 0
5198 5111 0
5212 5109 0
5229 5108 0
5246 5108 0
5263 5108 0
5279 5109 0
5295 5108 0
5311 5106 0
5324 5104 0
5334 5102 0
5340 5099 0
5343 5095 0
5345 5090 0
5347 5082 0
5348 5073 0
5350 5063 0
5351 5055 0
5350 5049 0
5350 5046 0
5347 5048 0
5345 5055 0
5343 5067 0
5341 5081 0
5339 5095 0
5336 5108 0
5333 5123 0
5330 5137 0
5329 5151 0
5329 5163 0
5329 5172 0
5329 5178 0
5330 5181 0
5331 5176 0
.PEN_UP
.PEN_DOWN
5233 5051 0
5239 5049 0
5249 5047 0
5262 5045 0
5277 5044 0
5295 5043 0
5320 5042 0
5348 5041 0
5378 5041 0
5406 5041 0
5430 5041 0
5447 5043 0
5456 5048 0
5458 5056 0
.PEN_UP
.PEN_DOWN
5237 5204 0
5237 5194 0
5234 5161 0
.PEN_UP
.PEN_DOWN
5250 5196 0
5249 5199 0
5248 5202 0
5246 5206 0
5244 5211 0
5241 5216 0
5237 5220 0
5234 5223 0
5229 5225 0
5225 5227 0
5221 5227 0
5216 5227 0
5211 5226 0
5207 5223 0
5203 5218 0
5200 5212 0
5199 5206 0
5200 5198 0
5205 5189 0
5212 5180 0
5223 5170 0
5236 5161 0
5251 5152 0
5266 5144 0
5281 5136 0
5296 5130 0
5311 5125 0
5327 5119 0
.PEN_UP
