246.0,100.0
249.0,97.0
252.0,96.0
256.0,94.0
259.0,92.0
261.0,89.0
263.0,88.0
264.0,86.0
264.0,84.0
266.0,83.0
266.0,82.0
266.0,81.0
266.0,80.0
263.0,79.0
261.0,77.0
259.0,77.0
256.0,77.0
253.0,77.0
250.0,77.0
247.0,77.0
245.0,77.0
243.0,77.0
240.0,77.0
239.0,77.0
238.0,77.0
236.0,77.0
235.0,77.0
233.0,77.0
233.0,79.0
232.0,80.0
231.0,80.0
231.0,81.0
228.0,82.0
228.0,83.0
226.0,84.0
226.0,86.0
225.0,87.0
225.0,88.0
223.0,89.0
223.0,90.0
222.0,93.0
222.0,95.0
222.0,99.0
222.0,100.0
222.0,103.0
222.0,104.0
222.0,108.0
222.0,109.0
222.0,113.0
222.0,115.0
222.0,117.0
223.0,119.0
225.0,120.0
225.0,121.0
226.0,121.0
228.0,121.0
228.0,122.0
229.0,122.0
231.0,122.0
229.0,122.0
228.0,122.0
226.0,122.0
225.0,122.0
223.0,122.0
222.0,122.0
221.0,122.0
219.0,123.0
219.0,124.0
218.0,124.0
218.0,126.0
216.0,127.0
216.0,128.0
215.0,131.0
215.0,134.0
215.0,137.0
215.0,140.0
215.0,143.0
215.0,146.0
215.0,149.0
215.0,151.0
218.0,155.0
219.0,156.0
222.0,158.0
223.0,160.0
225.0,161.0
226.0,162.0
228.0,162.0
232.0,163.0
233.0,163.0
238.0,164.0
242.0,164.0
246.0,164.0
250.0,164.0
256.0,164.0
259.0,164.0
264.0,163.0
267.0,162.0
273.0,160.0
276.0,158.0
280.0,155.0
283.0,153.0
285.0,151.0
287.0,149.0
290.0,147.0
298.0,137.0
309.0,122.0
329.0,101.0
335.0,91.0
343.0,81.0
346.0,74.0
351.0,66.0
354.0,59.0
356.0,54.0
357.0,50.0
357.0,48.0
357.0,47.0
357.0,45.0
357.0,44.0
357.0,43.0
357.0,42.0
357.0,43.0
357.0,44.0
357.0,45.0
357.0,47.0
356.0,49.0
356.0,51.0
354.0,55.0
353.0,57.0
351.0,61.0
351.0,62.0
350.0,65.0
349.0,69.0
347.0,72.0
346.0,74.0
346.0,77.0
346.0,80.0
344.0,83.0
344.0,85.0
344.0,88.0
344.0,90.0
343.0,94.0
343.0,96.0
343.0,97.0
343.0,99.0
343.0,102.0
343.0,107.0
343.0,110.0
343.0,116.0
343.0,118.0
344.0,124.0
344.0,128.0
346.0,135.0
347.0,139.0
349.0,145.0
349.0,149.0
350.0,153.0
350.0,157.0
350.0,160.0
351.0,163.0
351.0,165.0
351.0,166.0
351.0,168.0
351.0,169.0
-1.0,-1.0
264.0,96.0
264.0,99.0
264.0,103.0
264.0,107.0
264.0,115.0
264.0,120.0
262.0,127.0
262.0,130.0
262.0,135.0
261.0,137.0
261.0,140.0
261.0,142.0
261.0,145.0
261.0,149.0
261.0,153.0
259.0,156.0
259.0,157.0
259.0,161.0
259.0,162.0
259.0,165.0
259.0,167.0
259.0,169.0
259.0,170.0
259.0,172.0
259.0,174.0
259.0,176.0
259.0,177.0
259.0,178.0
259.0,180.0
259.0,181.0
-1.0,-1.0
202.0,106.0
200.0,104.0
199.0,104.0
196.0,103.0
195.0,103.0
193.0,103.0
192.0,103.0
190.0,103.0
189.0,103.0
188.0,103.0
185.0,103.0
183.0,104.0
182.0,104.0
181.0,106.0
181.0,107.0
178.0,109.0
176.0,111.0
175.0,114.0
174.0,115.0
174.0,117.0
172.0,120.0
172.0,121.0
172.0,122.0
172.0,124.0
172.0,126.0
172.0,128.0
172.0,129.0
172.0,130.0
172.0,131.0
174.0,133.0
175.0,134.0
178.0,135.0
179.0,136.0
182.0,137.0
183.0,137.0
186.0,138.0
188.0,138.0
190.0,140.0
192.0,140.0
193.0,140.0
195.0,140.0
196.0,140.0
195.0,140.0
193.0,140.0
190.0,141.0
189.0,142.0
188.0,142.0
186.0,143.0
185.0,143.0
183.0,144.0
183.0,145.0
182.0,147.0
182.0,148.0
181.0,149.0
181.0,150.0
179.0,150.0
179.0,151.0
179.0,153.0
179.0,155.0
179.0,156.0
178.0,158.0
178.0,161.0
178.0,164.0
178.0,165.0
178.0,168.0
178.0,169.0
179.0,170.0
182.0,172.0
183.0,174.0
185.0,175.0
188.0,176.0
189.0,177.0
190.0,178.0
192.0,178.0
195.0,180.0
198.0,180.0
199.0,180.0
202.0,180.0
203.0,180.0
206.0,180.0
209.0,180.0
210.0,180.0
212.0,178.0
213.0,177.0
217.0,175.0
220.0,174.0
224.0,171.0
226.0,169.0
228.0,168.0
230.0,165.0
233.0,164.0
234.0,163.0
237.0,161.0
237.0,160.0
240.0,157.0
241.0,156.0
243.0,154.0
244.0,154.0
245.0,151.0
247.0,150.0
247.0,149.0
248.0,148.0
248.0,147.0
250.0,145.0
251.0,144.0
251.0,143.0
251.0,142.0
252.0,142.0
252.0,141.0
254.0,140.0
254.0,138.0
255.0,137.0
257.0,136.0
257.0,135.0
257.0,134.0
258.0,134.0
258.0,133.0
-1.0,-1.0
224.0,97.0
226.0,97.0
227.0,97.0
230.0,96.0
233.0,96.0
234.0,96.0
237.0,96.0
238.0,96.0
241.0,96.0
243.0,96.0
244.0,96.0
247.0,96.0
248.0,96.0
250.0,96.0
251.0,96.0
252.0,96.0
254.0,96.0
258.0,95.0
261.0,95.0
265.0,95.0
267.0,95.0
269.0,95.0
271.0,95.0
274.0,95.0
275.0,95.0
278.0,95.0
281.0,95.0
283.0,95.0
285.0,95.0
288.0,95.0
289.0,95.0
292.0,94.0
295.0,94.0
296.0,94.0
297.0,94.0
299.0,94.0
300.0,94.0
-1.0,-1.0
137.0,103.0
139.0,103.0
141.0,103.0
143.0,103.0
144.0,103.0
146.0,103.0
148.0,103.0
150.0,103.0
151.0,103.0
153.0,103.0
154.0,103.0
156.0,103.0
157.0,103.0
158.0,103.0
160.0,103.0
161.0,103.0
163.0,103.0
164.0,103.0
165.0,103.0
167.0,103.0
167.0,102.0
168.0,102.0
170.0,102.0
171.0,102.0
172.0,102.0
174.0,102.0
175.0,102.0
177.0,102.0
178.0,102.0
179.0,102.0
181.0,102.0
182.0,102.0
-1.0,-1.0
 
