273.0,108.0
272.0,107.0
271.0,107.0
269.0,107.0
268.0,107.0
265.0,107.0
262.0,107.0
261.0,107.0
259.0,107.0
258.0,107.0
257.0,107.0
255.0,107.0
254.0,107.0
252.0,107.0
251.0,107.0
249.0,107.0
248.0,107.0
247.0,108.0
247.0,109.0
245.0,112.0
244.0,112.0
242.0,114.0
242.0,115.0
241.0,118.0
241.0,120.0
241.0,122.0
241.0,124.0
241.0,127.0
241.0,129.0
242.0,133.0
244.0,135.0
247.0,139.0
248.0,140.0
251.0,142.0
254.0,144.0
257.0,145.0
258.0,145.0
261.0,146.0
262.0,146.0
265.0,146.0
266.0,146.0
269.0,146.0
271.0,146.0
271.0,145.0
269.0,144.0
268.0,144.0
266.0,144.0
265.0,144.0
264.0,144.0
262.0,144.0
261.0,144.0
259.0,144.0
259.0,145.0
258.0,146.0
258.0,148.0
257.0,151.0
255.0,154.0
255.0,156.0
255.0,161.0
254.0,163.0
254.0,167.0
254.0,171.0
254.0,174.0
254.0,176.0
254.0,180.0
254.0,182.0
255.0,186.0
257.0,187.0
259.0,190.0
261.0,192.0
264.0,194.0
265.0,195.0
268.0,196.0
269.0,197.0
272.0,197.0
275.0,199.0
278.0,199.0
280.0,199.0
285.0,199.0
286.0,199.0
290.0,199.0
293.0,199.0
297.0,199.0
299.0,199.0
303.0,199.0
306.0,199.0
310.0,197.0
311.0,196.0
316.0,194.0
317.0,193.0
321.0,190.0
323.0,188.0
325.0,186.0
328.0,183.0
330.0,181.0
331.0,179.0
334.0,175.0
335.0,173.0
338.0,169.0
340.0,167.0
341.0,166.0
342.0,165.0
342.0,162.0
345.0,156.0
347.0,153.0
349.0,147.0
351.0,145.0
352.0,141.0
352.0,139.0
354.0,136.0
354.0,135.0
354.0,132.0
354.0,131.0
355.0,127.0
355.0,124.0
355.0,120.0
355.0,117.0
355.0,113.0
355.0,112.0
355.0,109.0
355.0,108.0
355.0,109.0
355.0,111.0
355.0,113.0
355.0,115.0
355.0,120.0
354.0,124.0
354.0,133.0
354.0,141.0
351.0,159.0
351.0,168.0
351.0,178.0
351.0,181.0
351.0,186.0
350.0,188.0
350.0,193.0
350.0,195.0
350.0,200.0
350.0,202.0
350.0,206.0
350.0,208.0
350.0,209.0
350.0,212.0
350.0,213.0
350.0,216.0
350.0,220.0
350.0,223.0
350.0,225.0
350.0,228.0
350.0,229.0
350.0,232.0
350.0,234.0
350.0,235.0
350.0,236.0
350.0,237.0
350.0,239.0
-1.0,-1.0
320.0,106.0
323.0,106.0
325.0,106.0
329.0,106.0
333.0,106.0
337.0,106.0
340.0,106.0
344.0,106.0
349.0,106.0
351.0,106.0
354.0,106.0
357.0,106.0
360.0,106.0
363.0,106.0
365.0,106.0
367.0,106.0
370.0,106.0
372.0,106.0
377.0,106.0
381.0,106.0
385.0,106.0
387.0,106.0
389.0,106.0
392.0,106.0
394.0,106.0
395.0,106.0
396.0,106.0
398.0,106.0
399.0,106.0
401.0,106.0
402.0,106.0
-1.0,-1.0
273.0,106.0
274.0,106.0
275.0,106.0
277.0,106.0
278.0,106.0
280.0,106.0
281.0,106.0
281.0,107.0
282.0,108.0
282.0,110.0
282.0,111.0
284.0,111.0
284.0,112.0
284.0,113.0
284.0,114.0
284.0,115.0
284.0,117.0
284.0,118.0
284.0,119.0
284.0,120.0
284.0,121.0
284.0,122.0
284.0,124.0
282.0,124.0
281.0,125.0
280.0,125.0
278.0,125.0
277.0,125.0
275.0,126.0
274.0,126.0
273.0,126.0
271.0,126.0
270.0,126.0
268.0,126.0
267.0,126.0
267.0,125.0
267.0,124.0
267.0,122.0
268.0,122.0
270.0,122.0
270.0,121.0
-1.0,-1.0
 
