217.0,94.0
218.0,94.0
220.0,94.0
221.0,94.0
223.0,94.0
224.0,94.0
225.0,94.0
227.0,94.0
228.0,94.0
230.0,94.0
232.0,94.0
234.0,93.0
235.0,91.0
237.0,90.0
237.0,89.0
238.0,87.0
239.0,86.0
239.0,83.0
241.0,82.0
241.0,81.0
241.0,80.0
241.0,77.0
241.0,76.0
241.0,75.0
241.0,74.0
241.0,73.0
241.0,71.0
241.0,70.0
241.0,69.0
239.0,68.0
237.0,67.0
235.0,66.0
234.0,64.0
231.0,64.0
228.0,63.0
225.0,63.0
221.0,63.0
218.0,63.0
215.0,63.0
214.0,63.0
211.0,63.0
210.0,63.0
207.0,63.0
206.0,64.0
206.0,66.0
204.0,67.0
203.0,68.0
203.0,69.0
201.0,71.0
201.0,73.0
200.0,74.0
199.0,76.0
199.0,79.0
199.0,80.0
199.0,81.0
197.0,82.0
197.0,84.0
197.0,86.0
197.0,87.0
197.0,88.0
197.0,90.0
197.0,93.0
197.0,95.0
197.0,98.0
200.0,102.0
203.0,104.0
206.0,108.0
207.0,109.0
210.0,111.0
211.0,113.0
213.0,113.0
213.0,114.0
214.0,114.0
213.0,113.0
211.0,113.0
210.0,111.0
208.0,111.0
207.0,111.0
204.0,111.0
203.0,111.0
201.0,111.0
200.0,111.0
199.0,111.0
197.0,111.0
196.0,111.0
194.0,113.0
193.0,114.0
192.0,116.0
192.0,118.0
190.0,120.0
190.0,122.0
189.0,124.0
189.0,127.0
189.0,128.0
189.0,131.0
189.0,133.0
190.0,136.0
193.0,138.0
197.0,142.0
203.0,144.0
208.0,148.0
211.0,148.0
215.0,149.0
218.0,149.0
223.0,149.0
225.0,149.0
227.0,149.0
228.0,149.0
232.0,149.0
237.0,147.0
241.0,144.0
246.0,140.0
249.0,137.0
252.0,134.0
255.0,131.0
258.0,127.0
259.0,124.0
262.0,122.0
262.0,121.0
265.0,118.0
266.0,116.0
268.0,114.0
270.0,111.0
272.0,109.0
273.0,107.0
273.0,104.0
275.0,101.0
276.0,100.0
277.0,97.0
277.0,95.0
277.0,93.0
279.0,91.0
279.0,89.0
279.0,88.0
280.0,88.0
280.0,87.0
280.0,84.0
280.0,83.0
282.0,81.0
282.0,79.0
282.0,76.0
283.0,74.0
283.0,71.0
284.0,70.0
284.0,69.0
284.0,68.0
286.0,67.0
286.0,66.0
286.0,64.0
286.0,63.0
287.0,62.0
287.0,61.0
287.0,60.0
287.0,61.0
287.0,62.0
287.0,64.0
287.0,67.0
287.0,71.0
287.0,75.0
287.0,80.0
287.0,83.0
287.0,88.0
287.0,91.0
287.0,95.0
287.0,97.0
287.0,100.0
287.0,102.0
287.0,104.0
289.0,107.0
289.0,110.0
289.0,113.0
289.0,116.0
289.0,117.0
289.0,121.0
289.0,123.0
290.0,125.0
290.0,128.0
290.0,130.0
290.0,133.0
290.0,135.0
290.0,136.0
290.0,137.0
290.0,138.0
290.0,140.0
292.0,140.0
292.0,141.0
292.0,142.0
-1.0,-1.0
250.0,55.0
249.0,56.0
248.0,56.0
246.0,56.0
248.0,56.0
249.0,56.0
250.0,56.0
253.0,56.0
256.0,56.0
259.0,56.0
265.0,56.0
267.0,56.0
269.0,56.0
272.0,56.0
274.0,56.0
279.0,56.0
281.0,56.0
284.0,56.0
287.0,56.0
291.0,56.0
293.0,56.0
297.0,56.0
298.0,56.0
301.0,56.0
304.0,56.0
307.0,56.0
310.0,56.0
312.0,56.0
314.0,56.0
317.0,56.0
318.0,56.0
321.0,56.0
322.0,56.0
325.0,56.0
326.0,56.0
329.0,56.0
332.0,56.0
335.0,56.0
336.0,56.0
339.0,56.0
341.0,56.0
343.0,55.0
345.0,55.0
346.0,55.0
348.0,55.0
-1.0,-1.0
 
