248.0,112.0
249.0,112.0
251.0,112.0
253.0,112.0
255.0,112.0
258.0,112.0
259.0,112.0
260.0,112.0
262.0,112.0
263.0,112.0
265.0,112.0
266.0,112.0
266.0,111.0
267.0,111.0
267.0,110.0
267.0,109.0
267.0,108.0
267.0,106.0
267.0,105.0
266.0,104.0
263.0,104.0
262.0,103.0
260.0,103.0
259.0,103.0
256.0,102.0
255.0,102.0
252.0,102.0
251.0,102.0
249.0,102.0
248.0,102.0
248.0,103.0
246.0,104.0
246.0,105.0
245.0,108.0
245.0,109.0
243.0,110.0
243.0,111.0
243.0,113.0
242.0,113.0
242.0,115.0
242.0,116.0
242.0,117.0
241.0,118.0
241.0,119.0
241.0,120.0
241.0,123.0
241.0,125.0
241.0,128.0
241.0,130.0
241.0,132.0
241.0,135.0
241.0,137.0
241.0,140.0
241.0,142.0
241.0,145.0
241.0,146.0
242.0,149.0
243.0,150.0
245.0,152.0
245.0,153.0
246.0,155.0
248.0,157.0
249.0,158.0
251.0,159.0
252.0,160.0
253.0,162.0
255.0,163.0
258.0,163.0
259.0,163.0
260.0,163.0
262.0,163.0
265.0,163.0
266.0,163.0
267.0,163.0
270.0,163.0
272.0,162.0
273.0,160.0
273.0,159.0
273.0,158.0
273.0,157.0
272.0,157.0
270.0,157.0
267.0,156.0
266.0,156.0
265.0,156.0
263.0,156.0
262.0,156.0
260.0,156.0
259.0,156.0
258.0,156.0
256.0,156.0
255.0,156.0
252.0,156.0
251.0,157.0
249.0,157.0
248.0,158.0
248.0,159.0
246.0,159.0
245.0,160.0
245.0,162.0
243.0,163.0
243.0,164.0
242.0,165.0
241.0,166.0
241.0,167.0
241.0,169.0
241.0,170.0
239.0,171.0
239.0,172.0
239.0,173.0
238.0,176.0
238.0,178.0
238.0,180.0
238.0,183.0
238.0,185.0
238.0,186.0
238.0,189.0
238.0,191.0
239.0,192.0
241.0,193.0
242.0,196.0
243.0,197.0
245.0,198.0
246.0,199.0
249.0,200.0
251.0,201.0
252.0,201.0
253.0,203.0
255.0,203.0
256.0,203.0
258.0,204.0
260.0,204.0
263.0,204.0
265.0,204.0
266.0,204.0
269.0,204.0
273.0,204.0
276.0,204.0
280.0,204.0
283.0,204.0
286.0,204.0
289.0,204.0
291.0,203.0
294.0,201.0
298.0,199.0
301.0,198.0
305.0,194.0
308.0,193.0
311.0,190.0
312.0,189.0
317.0,185.0
320.0,183.0
322.0,179.0
324.0,178.0
325.0,174.0
325.0,173.0
328.0,170.0
328.0,167.0
329.0,164.0
331.0,162.0
331.0,160.0
331.0,159.0
332.0,157.0
332.0,156.0
332.0,155.0
332.0,153.0
332.0,152.0
-1.0,-1.0
328.0,101.0
328.0,103.0
328.0,108.0
328.0,111.0
328.0,116.0
328.0,119.0
328.0,123.0
328.0,125.0
328.0,128.0
328.0,129.0
328.0,131.0
328.0,136.0
328.0,138.0
329.0,142.0
329.0,144.0
329.0,146.0
329.0,147.0
329.0,151.0
329.0,155.0
329.0,156.0
329.0,159.0
329.0,162.0
329.0,164.0
331.0,166.0
331.0,169.0
331.0,170.0
331.0,172.0
331.0,173.0
331.0,176.0
331.0,177.0
331.0,179.0
331.0,182.0
331.0,184.0
331.0,186.0
331.0,190.0
332.0,193.0
332.0,197.0
332.0,199.0
332.0,201.0
332.0,203.0
332.0,204.0
334.0,205.0
334.0,206.0
334.0,207.0
334.0,208.0
334.0,210.0
334.0,211.0
334.0,212.0
-1.0,-1.0
286.0,102.0
289.0,102.0
290.0,102.0
294.0,101.0
296.0,101.0
300.0,99.0
303.0,98.0
305.0,98.0
308.0,97.0
311.0,97.0
314.0,97.0
318.0,96.0
320.0,96.0
324.0,96.0
325.0,96.0
329.0,95.0
332.0,95.0
335.0,93.0
338.0,93.0
341.0,93.0
342.0,93.0
346.0,92.0
348.0,92.0
350.0,92.0
352.0,92.0
355.0,91.0
356.0,91.0
358.0,91.0
359.0,91.0
362.0,91.0
363.0,91.0
366.0,91.0
367.0,91.0
-1.0,-1.0
 
