.VERSION 1.0 
.HIERARCHY CHARACTER
.COORD X Y T
.SEGMENT CHARACTER 0-3 OK "2"
.H_LINE 1374 2249
.V_LINE 3500 4250
.X_DIM 750
.Y_DIM 874
.X_POINTS_PER_INCH 1000
.Y_POINTS_PER_INCH 1000
.POINTS_PER_SECOND 125
.COMMENT CALIB X: 1 Y: -36

.WRITER_INFO
 Name: B PAVAN
 WriterId: 74
 Hand: right
 EducationLevel: college graduate
 Gender: male
 Profession: student
 Region: visakhapatnam
 Age: 21
 DeviceType: digimemo a402
 SkillDevice: average
 Language: hindi
 Script: indic
 Native: false
 Style: discrete
 UsageFreq: once a month
 Proficiency: average
 Date: 2007-6-30
 WritingInProfession: no

.PEN_DOWN
3672 1692 0
3679 1689 0
3693 1685 0
3707 1680 0
3722 1682 0
3736 1685 0
3746 1691 0
3751 1697 0
3754 1705 0
3756 1714 0
3755 1723 0
3747 1737 0
3736 1746 0
3724 1756 0
3715 1762 0
3707 1766 0
3702 1768 0
3699 1769 0
3701 1766 0
3706 1766 0
3715 1766 0
3723 1768 0
3732 1772 0
3742 1778 0
3756 1787 0
3767 1793 0
3778 1800 0
3788 1806 0
3793 1813 0
3795 1819 0
3792 1826 0
3789 1835 0
3781 1841 0
3772 1848 0
3763 1854 0
3749 1860 0
3737 1862 0
3726 1863 0
3715 1862 0
3704 1859 0
3698 1850 0
3693 1837 0
3692 1825 0
3695 1804 0
3703 1792 0
.PEN_UP
.PEN_DOWN
3751 1732 0
3754 1736 0
3758 1736 0
3767 1738 0
3780 1739 0
3792 1740 0
3807 1740 0
3822 1739 0
3839 1736 0
3855 1728 0
3871 1721 0
3884 1712 0
3892 1704 0
3897 1696 0
3899 1686 0
3900 1679 0
3900 1673 0
3899 1679 0
3898 1688 0
3898 1702 0
3898 1718 0
3898 1738 0
3897 1757 0
3895 1776 0
3895 1794 0
3893 1804 0
3892 1811 0
3892 1814 0
3893 1817 0
3902 1812 0
.PEN_UP
.PEN_DOWN
3985 1685 0
3985 1680 0
3981 1677 0
3978 1675 0
3977 1679 0
3979 1690 0
3981 1702 0
3982 1717 0
3981 1735 0
3979 1754 0
3979 1770 0
3978 1784 0
3978 1799 0
3977 1809 0
3978 1819 0
3977 1826 0
3975 1832 0
3977 1829 0
.PEN_UP
.PEN_DOWN
3824 1645 0
3824 1642 0
3834 1640 0
3852 1636 0
3880 1634 0
3908 1632 0
3938 1633 0
3964 1635 0
3985 1637 0
4002 1640 0
4015 1639 0
4025 1639 0
4033 1639 0
4038 1640 0
4039 1643 0
.PEN_UP
