.VERSION 1.0 
.HIERARCHY CHARACTER
.COORD X Y T
.SEGMENT CHARACTER 0-2 OK "13"
.H_LINE 4624 5499
.V_LINE 5000 5750
.X_DIM 750
.Y_DIM 874
.X_POINTS_PER_INCH 1000
.Y_POINTS_PER_INCH 1000
.POINTS_PER_SECOND 125
.COMMENT CALIB X: 30 Y: -53

.WRITER_INFO
 Name: B PAVAN
 WriterId: 74
 Hand: right
 EducationLevel: college graduate
 Gender: male
 Profession: student
 Region: visakhapatnam
 Age: 21
 DeviceType: digimemo a402
 SkillDevice: average
 Language: hindi
 Script: indic
 Native: false
 Style: discrete
 UsageFreq: once a month
 Proficiency: average
 Date: 2007-6-30
 WritingInProfession: no

.PEN_DOWN
5269 4971 0
5273 4969 0
5277 4969 0
5282 4969 0
5285 4972 0
5290 4978 0
5294 4984 0
5298 4993 0
5302 5003 0
5302 5015 0
5301 5026 0
5297 5037 0
5291 5046 0
5278 5055 0
5263 5062 0
5246 5064 0
5230 5066 0
5218 5064 0
5211 5062 0
5207 5061 0
5207 5058 0
5208 5055 0
5211 5055 0
5217 5055 0
5223 5059 0
5231 5065 0
5239 5069 0
5248 5076 0
5258 5083 0
5269 5091 0
5281 5097 0
5294 5104 0
5311 5109 0
5331 5111 0
5353 5113 0
5372 5112 0
5390 5110 0
5403 5106 0
5412 5101 0
5422 5095 0
5429 5085 0
5437 5074 0
5445 5061 0
5453 5045 0
5462 5029 0
5470 5017 0
5475 5008 0
5476 5002 0
5478 4998 0
5478 4994 0
5477 4998 0
5475 5005 0
5473 5014 0
5469 5025 0
5464 5038 0
5458 5050 0
5451 5064 0
5447 5076 0
5443 5084 0
5442 5090 0
5441 5093 0
5441 5096 0
5441 5096 0
.PEN_UP
.PEN_DOWN
5436 5033 0
5429 5032 0
5421 5029 0
5411 5027 0
5403 5026 0
5397 5025 0
5392 5028 0
5387 5031 0
5380 5035 0
5375 5041 0
5370 5044 0
5369 5049 0
5369 5052 0
5372 5055 0
5377 5057 0
5384 5059 0
5399 5060 0
5414 5058 0
5431 5056 0
5445 5052 0
5458 5045 0
.PEN_UP
.PEN_DOWN
5233 4963 0
5238 4963 0
5247 4962 0
5260 4962 0
5282 4961 0
5309 4960 0
5345 4959 0
5386 4958 0
5427 4958 0
5460 4957 0
5484 4957 0
5502 4956 0
5514 4955 0
5522 4955 0
.PEN_UP
