.VERSION 1.0 
.HIERARCHY CHARACTER
.COORD X Y T
.SEGMENT CHARACTER 0-2 OK "16"
.H_LINE 6249 7124
.V_LINE 1999 2749
.X_DIM 749
.Y_DIM 875
.X_POINTS_PER_INCH 1000
.Y_POINTS_PER_INCH 1000
.POINTS_PER_SECOND 125
.COMMENT CALIB X: -52 Y: -24

.WRITER_INFO
 Name: B PAVAN
 WriterId: 74
 Hand: right
 EducationLevel: college graduate
 Gender: male
 Profession: student
 Region: visakhapatnam
 Age: 21
 DeviceType: digimemo a402
 SkillDevice: average
 Language: hindi
 Script: indic
 Native: false
 Style: discrete
 UsageFreq: once a month
 Proficiency: average
 Date: 2007-6-30
 WritingInProfession: no

.PEN_DOWN
2318 6593 0
2322 6592 0
2325 6590 0
2323 6593 0
2325 6596 0
2326 6601 0
2328 6610 0
2331 6620 0
2332 6631 0
2333 6643 0
2332 6654 0
2333 6663 0
2332 6670 0
2332 6677 0
2333 6681 0
2332 6686 0
2331 6690 0
2331 6687 0
2331 6684 0
2331 6679 0
2328 6674 0
2325 6669 0
2319 6663 0
2313 6659 0
2305 6655 0
2296 6654 0
2282 6655 0
2264 6658 0
2250 6664 0
2238 6668 0
2229 6674 0
2223 6678 0
2218 6683 0
2214 6689 0
2212 6698 0
2212 6705 0
2213 6709 0
2216 6717 0
2222 6723 0
2227 6730 0
2233 6737 0
2240 6746 0
2248 6753 0
2256 6758 0
2265 6765 0
2273 6770 0
2278 6775 0
2283 6780 0
2286 6785 0
2289 6790 0
2290 6793 0
2288 6796 0
2287 6801 0
2283 6805 0
2280 6808 0
2277 6809 0
2271 6812 0
2264 6814 0
2254 6816 0
2247 6819 0
2237 6818 0
2229 6817 0
2223 6815 0
2217 6814 0
2212 6812 0
2207 6811 0
2203 6806 0
2201 6803 0
2201 6799 0
2199 6796 0
2198 6793 0
2203 6783 0
.PEN_UP
.PEN_DOWN
2401 6689 0
2400 6693 0
2399 6700 0
2396 6707 0
2393 6714 0
2393 6720 0
2395 6724 0
2398 6725 0
2401 6725 0
2405 6721 0
2407 6716 0
2409 6712 0
2411 6705 0
2409 6702 0
2406 6698 0
2404 6695 0
2400 6692 0
2397 6693 0
2395 6698 0
2391 6700 0
.PEN_UP
.PEN_DOWN
2172 6588 0
2175 6587 0
2185 6587 0
2198 6586 0
2221 6583 0
2249 6579 0
2296 6574 0
2344 6571 0
2382 6571 0
2407 6568 0
2423 6566 0
2434 6564 0
2440 6565 0
2437 6567 0
2435 6573 0
.PEN_UP
