.VERSION 1.0 
.HIERARCHY CHARACTER
.COORD X Y T
.SEGMENT CHARACTER 0-1 OK "25"
.H_LINE 9500 10374
.V_LINE 499 1250
.X_DIM 750
.Y_DIM 874
.X_POINTS_PER_INCH 1000
.Y_POINTS_PER_INCH 1000
.POINTS_PER_SECOND 125
.COMMENT CALIB X: -104 Y: -23

.WRITER_INFO
 Name: B PAVAN
 WriterId: 74
 Hand: right
 EducationLevel: college graduate
 Gender: male
 Profession: student
 Region: visakhapatnam
 Age: 21
 DeviceType: digimemo a402
 SkillDevice: average
 Language: hindi
 Script: indic
 Native: false
 Style: discrete
 UsageFreq: once a month
 Proficiency: average
 Date: 2007-6-30
 WritingInProfession: no

.PEN_DOWN
747 9771 0
746 9774 0
746 9777 0
746 9780 0
746 9787 0
745 9796 0
741 9807 0
738 9819 0
734 9831 0
732 9841 0
730 9848 0
730 9854 0
731 9857 0
730 9860 0
726 9856 0
724 9853 0
721 9848 0
716 9844 0
712 9842 0
706 9838 0
700 9835 0
694 9832 0
686 9832 0
676 9832 0
665 9835 0
657 9841 0
646 9847 0
638 9853 0
630 9859 0
622 9869 0
614 9878 0
607 9889 0
599 9902 0
590 9917 0
584 9928 0
580 9936 0
578 9948 0
578 9958 0
580 9968 0
581 9977 0
582 9984 0
586 9990 0
591 9993 0
599 9997 0
612 9998 0
623 9999 0
634 9999 0
643 9999 0
653 10000 0
663 9997 0
672 9995 0
680 9992 0
684 9989 0
688 9986 0
693 9983 0
699 9980 0
704 9975 0
709 9972 0
714 9969 0
716 9965 0
719 9962 0
721 9957 0
721 9953 0
722 9949 0
723 9946 0
724 9943 0
722 9940 0
718 9937 0
716 9933 0
712 9926 0
709 9923 0
708 9919 0
705 9918 0
701 9917 0
696 9917 0
692 9917 0
685 9917 0
679 9920 0
675 9923 0
669 9928 0
664 9933 0
661 9937 0
661 9940 0
661 9944 0
669 9942 0
.PEN_UP
.PEN_DOWN
589 9759 0
586 9756 0
594 9754 0
610 9754 0
633 9752 0
668 9750 0
713 9745 0
763 9742 0
808 9737 0
841 9733 0
862 9730 0
875 9727 0
884 9725 0
888 9722 0
888 9722 0
.PEN_UP
