.VERSION 1.0 
.HIERARCHY CHARACTER
.COORD X Y T
.SEGMENT CHARACTER 0-1 OK "27"
.H_LINE 9500 10374
.V_LINE 3500 4250
.X_DIM 750
.Y_DIM 874
.X_POINTS_PER_INCH 1000
.Y_POINTS_PER_INCH 1000
.POINTS_PER_SECOND 125
.COMMENT CALIB X: -221 Y: -15

.WRITER_INFO
 Name: B PAVAN
 WriterId: 74
 Hand: right
 EducationLevel: college graduate
 Gender: male
 Profession: student
 Region: visakhapatnam
 Age: 21
 DeviceType: digimemo a402
 SkillDevice: average
 Language: hindi
 Script: indic
 Native: false
 Style: discrete
 UsageFreq: once a month
 Proficiency: average
 Date: 2007-6-30
 WritingInProfession: no

.PEN_DOWN
3806 9816 0
3806 9819 0
3806 9823 0
3805 9830 0
3805 9842 0
3804 9854 0
3804 9868 0
3804 9885 0
3805 9907 0
3805 9927 0
3803 9949 0
3803 9971 0
3802 9989 0
3802 10002 0
3802 10011 0
3801 10019 0
3800 10023 0
3799 10026 0
3800 10021 0
3799 10015 0
3798 10009 0
3797 10002 0
3796 9993 0
3794 9981 0
3792 9971 0
3789 9960 0
3783 9950 0
3775 9937 0
3765 9928 0
3756 9922 0
3746 9916 0
3738 9912 0
3731 9910 0
3724 9910 0
3716 9911 0
3705 9916 0
3694 9924 0
3682 9933 0
3671 9945 0
3660 9958 0
3649 9973 0
3639 9988 0
3631 10002 0
3626 10015 0
3622 10025 0
3620 10034 0
3620 10040 0
3620 10047 0
3621 10052 0
3623 10057 0
3627 10060 0
3632 10063 0
3636 10064 0
3639 10065 0
3642 10066 0
3653 10062 0
.PEN_UP
.PEN_DOWN
3595 9817 0
3598 9818 0
3604 9819 0
3617 9820 0
3642 9820 0
3679 9817 0
3718 9812 0
3755 9810 0
3794 9808 0
3832 9807 0
3870 9804 0
3899 9803 0
3920 9802 0
3932 9799 0
3941 9798 0
3945 9797 0
3942 9797 0
3938 9795 0
3931 9793 0
.PEN_UP
