.VERSION 1.0 
.HIERARCHY CHARACTER
.COORD X Y T
.SEGMENT CHARACTER 0-1 OK "46"
.H_LINE 6249 7124
.V_LINE 1999 2749
.X_DIM 749
.Y_DIM 875
.X_POINTS_PER_INCH 1000
.Y_POINTS_PER_INCH 1000
.POINTS_PER_SECOND 125
.COMMENT CALIB X: -52 Y: -24

.WRITER_INFO
 Name: B PAVAN
 WriterId: 74
 Hand: right
 EducationLevel: college graduate
 Gender: male
 Profession: student
 Region: visakhapatnam
 Age: 21
 DeviceType: digimemo a402
 SkillDevice: average
 Language: hindi
 Script: indic
 Native: false
 Style: discrete
 UsageFreq: once a month
 Proficiency: average
 Date: 2007-6-30
 WritingInProfession: no

.PEN_DOWN
2406 6594 0
2406 6590 0
2404 6587 0
2406 6595 0
2408 6608 0
2408 6625 0
2410 6644 0
2410 6665 0
2411 6692 0
2414 6717 0
2413 6739 0
2414 6760 0
2414 6776 0
2415 6788 0
2415 6794 0
2416 6800 0
2416 6804 0
2416 6801 0
2416 6798 0
2416 6795 0
2414 6788 0
2413 6783 0
2413 6776 0
2411 6769 0
2406 6760 0
2398 6750 0
2390 6737 0
2378 6720 0
2363 6705 0
2346 6689 0
2327 6679 0
2313 6673 0
2301 6667 0
2290 6662 0
2280 6657 0
2274 6656 0
2269 6655 0
2265 6656 0
2269 6657 0
2276 6660 0
2285 6663 0
2295 6667 0
2310 6670 0
2322 6670 0
2334 6672 0
2345 6672 0
2352 6673 0
2356 6674 0
2359 6676 0
2359 6680 0
2357 6685 0
2352 6695 0
2344 6705 0
2334 6717 0
2322 6730 0
2308 6740 0
2293 6753 0
2278 6761 0
2263 6771 0
2251 6779 0
2239 6786 0
2228 6789 0
2221 6790 0
2217 6792 0
2214 6791 0
2211 6791 0
2215 6787 0
2227 6783 0
.PEN_UP
.PEN_DOWN
2204 6591 0
2208 6588 0
2216 6586 0
2231 6582 0
2252 6578 0
2286 6571 0
2336 6566 0
2380 6560 0
2416 6556 0
2446 6553 0
2469 6550 0
2486 6547 0
2496 6544 0
2499 6544 0
2495 6545 0
2487 6546 0
.PEN_UP
