.VERSION 1.0 
.HIERARCHY CHARACTER
.COORD X Y T
.SEGMENT CHARACTER 0-3 OK "10"
.H_LINE 4624 5499
.V_LINE 499 1250
.X_DIM 750
.Y_DIM 874
.X_POINTS_PER_INCH 1000
.Y_POINTS_PER_INCH 1000
.POINTS_PER_SECOND 125
.COMMENT CALIB X: -45 Y: -118

.WRITER_INFO
 Name: SAI ADITYA
 WriterId: 70
 Hand: right
 EducationLevel: college graduate
 Gender: male
 Profession: student
 Region: guntur
 Age: 22
 DeviceType: digimemo a402
 SkillDevice: average
 Language: hindi
 Script: indic
 Native: false
 Style: discrete
 UsageFreq: rarely
 Proficiency: average
 Date: 2007-6-27
 WritingInProfession: no

.PEN_DOWN
698 4907 0
698 4914 0
697 4918 0
696 4921 0
694 4924 0
693 4921 0
693 4918 0
694 4915 0
696 4911 0
698 4908 0
700 4904 0
704 4899 0
709 4895 0
716 4891 0
723 4888 0
731 4886 0
740 4886 0
748 4887 0
754 4889 0
759 4893 0
763 4898 0
766 4905 0
768 4912 0
768 4919 0
767 4929 0
763 4940 0
758 4951 0
752 4963 0
744 4973 0
737 4982 0
730 4991 0
721 4998 0
714 5003 0
709 5007 0
705 5009 0
705 5006 0
708 5003 0
712 5000 0
716 4997 0
720 4995 0
725 4994 0
731 4993 0
736 4994 0
742 4995 0
748 4997 0
753 4999 0
758 5001 0
764 5003 0
768 5006 0
771 5008 0
773 5011 0
775 5015 0
777 5020 0
778 5025 0
778 5031 0
776 5038 0
772 5045 0
768 5051 0
764 5057 0
759 5063 0
755 5068 0
750 5074 0
744 5079 0
738 5083 0
733 5086 0
728 5087 0
722 5088 0
715 5088 0
708 5087 0
699 5085 0
690 5082 0
682 5079 0
674 5076 0
669 5073 0
664 5071 0
660 5069 0
656 5066 0
652 5064 0
649 5062 0
649 5062 0
.PEN_UP
.PEN_DOWN
727 4971 0
731 4971 0
736 4972 0
740 4973 0
743 4975 0
746 4978 0
749 4981 0
752 4985 0
757 4990 0
764 4994 0
772 4996 0
783 4997 0
798 4997 0
814 4996 0
831 4994 0
848 4990 0
863 4986 0
874 4982 0
883 4976 0
890 4967 0
895 4956 0
900 4943 0
904 4930 0
909 4917 0
913 4906 0
916 4897 0
918 4890 0
919 4886 0
919 4883 0
918 4889 0
916 4899 0
915 4909 0
913 4924 0
911 4938 0
909 4953 0
906 4968 0
903 4983 0
901 5000 0
898 5015 0
896 5030 0
894 5043 0
892 5054 0
891 5064 0
890 5074 0
890 5082 0
890 5087 0
890 5091 0
890 5094 0
890 5091 0
889 5081 0
889 5081 0
.PEN_UP
.PEN_DOWN
985 4899 0
985 4890 0
985 4885 0
986 4892 0
987 4903 0
987 4917 0
986 4933 0
985 4951 0
984 4969 0
983 4987 0
982 5005 0
980 5020 0
978 5034 0
976 5045 0
974 5053 0
973 5058 0
973 5061 0
973 5055 0
974 5047 0
976 5034 0
978 5017 0
981 4996 0
983 4971 0
985 4945 0
986 4919 0
986 4897 0
985 4876 0
984 4857 0
982 4841 0
979 4826 0
976 4812 0
971 4800 0
967 4789 0
965 4781 0
963 4774 0
961 4769 0
959 4765 0
956 4761 0
952 4759 0
948 4758 0
942 4758 0
937 4758 0
933 4758 0
929 4758 0
926 4758 0
923 4758 0
924 4761 0
924 4761 0
.PEN_UP
.PEN_DOWN
839 4893 0
833 4893 0
838 4894 0
848 4895 0
862 4896 0
880 4897 0
902 4897 0
925 4897 0
948 4896 0
969 4893 0
989 4891 0
1014 4889 0
1040 4887 0
1064 4886 0
1084 4885 0
1096 4885 0
1102 4885 0
1102 4885 0
.PEN_UP
