.VERSION 1.0 
.HIERARCHY CHARACTER
.COORD X Y T
.SEGMENT CHARACTER 0-1 OK "24"
.H_LINE 7874 8750
.V_LINE 6500 7250
.X_DIM 750
.Y_DIM 875
.X_POINTS_PER_INCH 1000
.Y_POINTS_PER_INCH 1000
.POINTS_PER_SECOND 125
.COMMENT CALIB X: -27 Y: -35

.WRITER_INFO
 Name: SAI ADITYA
 WriterId: 70
 Hand: right
 EducationLevel: college graduate
 Gender: male
 Profession: student
 Region: guntur
 Age: 22
 DeviceType: digimemo a402
 SkillDevice: average
 Language: hindi
 Script: indic
 Native: false
 Style: discrete
 UsageFreq: rarely
 Proficiency: average
 Date: 2007-6-27
 WritingInProfession: no

.PEN_DOWN
6871 8291 0
6871 8283 0
6871 8278 0
6871 8275 0
6871 8280 0
6871 8289 0
6871 8300 0
6874 8313 0
6879 8323 0
6885 8334 0
6892 8343 0
6898 8350 0
6902 8354 0
6901 8351 0
6898 8348 0
6895 8346 0
6888 8345 0
6877 8344 0
6862 8345 0
6846 8347 0
6833 8350 0
6821 8353 0
6811 8358 0
6802 8363 0
6796 8369 0
6793 8375 0
6794 8380 0
6797 8385 0
6804 8388 0
6814 8391 0
6829 8392 0
6847 8392 0
6864 8393 0
6879 8393 0
6892 8394 0
6902 8395 0
6909 8396 0
6915 8397 0
6920 8398 0
6923 8399 0
6926 8402 0
6928 8405 0
6930 8409 0
6931 8413 0
6931 8418 0
6931 8424 0
6928 8432 0
6924 8440 0
6917 8450 0
6907 8458 0
6895 8465 0
6881 8471 0
6865 8475 0
6850 8477 0
6835 8476 0
6821 8474 0
6806 8470 0
6792 8465 0
6780 8460 0
6770 8456 0
6762 8452 0
6755 8448 0
6750 8445 0
6749 8439 0
6750 8433 0
.PEN_UP
.PEN_DOWN
6752 8281 0
6760 8279 0
6775 8277 0
6799 8275 0
6831 8274 0
6872 8272 0
6913 8271 0
6949 8272 0
6981 8273 0
7009 8273 0
7033 8273 0
7053 8272 0
7071 8271 0
.PEN_UP
