.VERSION 1.0 
.HIERARCHY CHARACTER
.COORD X Y T
.SEGMENT CHARACTER 0-1 OK "28"
.H_LINE 9500 10374
.V_LINE 5000 5750
.X_DIM 750
.Y_DIM 874
.X_POINTS_PER_INCH 1000
.Y_POINTS_PER_INCH 1000
.POINTS_PER_SECOND 125
.COMMENT CALIB X: 9 Y: -120

.WRITER_INFO
 Name: SAI ADITYA
 WriterId: 70
 Hand: right
 EducationLevel: college graduate
 Gender: male
 Profession: student
 Region: guntur
 Age: 22
 DeviceType: digimemo a402
 SkillDevice: average
 Language: hindi
 Script: indic
 Native: false
 Style: discrete
 UsageFreq: rarely
 Proficiency: average
 Date: 2007-6-27
 WritingInProfession: no

.PEN_DOWN
5204 9906 0
5207 9904 0
5209 9912 0
5209 9920 0
5208 9928 0
5206 9935 0
5204 9941 0
5200 9946 0
5196 9949 0
5191 9952 0
5185 9955 0
5179 9957 0
5174 9957 0
5170 9957 0
5165 9955 0
5158 9953 0
5152 9950 0
5147 9947 0
5143 9944 0
5140 9941 0
5139 9938 0
5138 9935 0
5138 9931 0
5139 9925 0
5142 9919 0
5145 9914 0
5148 9909 0
5153 9904 0
5159 9900 0
5165 9896 0
5171 9893 0
5178 9891 0
5185 9889 0
5191 9887 0
5196 9886 0
5201 9885 0
5205 9885 0
5208 9886 0
5210 9890 0
5212 9893 0
5214 9897 0
5216 9902 0
5219 9907 0
5222 9910 0
5225 9912 0
5228 9914 0
5230 9917 0
5231 9921 0
5231 9925 0
5232 9930 0
5232 9938 0
5232 9946 0
5233 9953 0
5234 9960 0
5235 9965 0
5236 9970 0
5236 9975 0
5236 9979 0
5235 9985 0
5233 9992 0
5231 10000 0
5229 10006 0
5227 10010 0
5225 10014 0
5223 10018 0
5220 10022 0
5218 10026 0
5216 10029 0
5212 10033 0
5209 10035 0
5206 10037 0
5203 10039 0
5204 10042 0
5207 10044 0
5212 10045 0
5220 10046 0
5228 10047 0
5237 10048 0
5246 10048 0
5255 10048 0
5264 10048 0
5273 10047 0
5283 10046 0
5292 10044 0
5299 10042 0
5306 10038 0
5314 10033 0
5320 10027 0
5329 10019 0
5338 10010 0
5344 10002 0
5348 9994 0
5350 9987 0
5351 9980 0
5352 9973 0
5352 9964 0
5352 9954 0
5351 9942 0
5350 9930 0
5350 9918 0
5350 9905 0
5351 9891 0
5352 9880 0
5353 9873 0
5353 9869 0
5352 9874 0
5350 9883 0
5348 9896 0
5347 9911 0
5346 9927 0
5346 9944 0
5345 9962 0
5344 9981 0
5343 9999 0
5341 10014 0
5340 10028 0
5339 10040 0
5338 10052 0
5337 10064 0
5336 10074 0
5336 10082 0
5336 10088 0
5336 10091 0
5336 10086 0
5336 10081 0
5335 10071 0
.PEN_UP
.PEN_DOWN
5259 9880 0
5262 9881 0
5265 9873 0
5270 9869 0
5277 9867 0
5287 9867 0
5302 9868 0
5327 9870 0
5355 9872 0
5384 9873 0
5408 9873 0
5431 9872 0
5446 9872 0
5458 9871 0
5467 9870 0
5473 9870 0
5476 9870 0
5476 9865 0
.PEN_UP
