.VERSION 1.0 
.HIERARCHY CHARACTER
.COORD X Y T
.SEGMENT CHARACTER 0-1 OK "36"
.H_LINE 2999 3874
.V_LINE 1999 2749
.X_DIM 749
.Y_DIM 874
.X_POINTS_PER_INCH 1000
.Y_POINTS_PER_INCH 1000
.POINTS_PER_SECOND 125
.COMMENT CALIB X: -35 Y: -76

.WRITER_INFO
 Name: SAI ADITYA
 WriterId: 70
 Hand: right
 EducationLevel: college graduate
 Gender: male
 Profession: student
 Region: guntur
 Age: 22
 DeviceType: digimemo a402
 SkillDevice: average
 Language: hindi
 Script: indic
 Native: false
 Style: discrete
 UsageFreq: rarely
 Proficiency: average
 Date: 2007-6-27
 WritingInProfession: no

.PEN_DOWN
2258 3376 0
2259 3373 0
2260 3376 0
2261 3383 0
2263 3396 0
2263 3410 0
2264 3429 0
2264 3453 0
2263 3476 0
2262 3499 0
2260 3520 0
2257 3537 0
2253 3551 0
2248 3560 0
2243 3566 0
2239 3569 0
2236 3569 0
2233 3566 0
2230 3559 0
2227 3550 0
2225 3540 0
2224 3530 0
2225 3522 0
2226 3514 0
2227 3506 0
2232 3496 0
2242 3486 0
2256 3477 0
2270 3470 0
2287 3465 0
2307 3461 0
2326 3457 0
2344 3454 0
2358 3451 0
2369 3447 0
2376 3443 0
2381 3438 0
2383 3433 0
2384 3427 0
2384 3420 0
2384 3410 0
2383 3401 0
2382 3394 0
2380 3387 0
2378 3382 0
2376 3379 0
2375 3387 0
2375 3400 0
2376 3420 0
2376 3441 0
2376 3466 0
2377 3491 0
2377 3514 0
2376 3534 0
2375 3551 0
2374 3564 0
2372 3572 0
2371 3577 0
2371 3573 0
2370 3568 0
.PEN_UP
.PEN_DOWN
2162 3380 0
2165 3380 0
2171 3379 0
2180 3378 0
2194 3377 0
2211 3376 0
2233 3375 0
2263 3374 0
2304 3373 0
2352 3372 0
2397 3370 0
2434 3368 0
2462 3366 0
2483 3364 0
2498 3363 0
2506 3362 0
2509 3361 0
2505 3360 0
2499 3358 0
.PEN_UP
