.VERSION 1.0 
.HIERARCHY CHARACTER
.COORD X Y T
.SEGMENT CHARACTER 0-1 OK "39"
.H_LINE 2999 3874
.V_LINE 6500 7250
.X_DIM 750
.Y_DIM 874
.X_POINTS_PER_INCH 1000
.Y_POINTS_PER_INCH 1000
.POINTS_PER_SECOND 125
.COMMENT CALIB X: -8 Y: -105

.WRITER_INFO
 Name: SAI ADITYA
 WriterId: 70
 Hand: right
 EducationLevel: college graduate
 Gender: male
 Profession: student
 Region: guntur
 Age: 22
 DeviceType: digimemo a402
 SkillDevice: average
 Language: hindi
 Script: indic
 Native: false
 Style: discrete
 UsageFreq: rarely
 Proficiency: average
 Date: 2007-6-27
 WritingInProfession: no

.PEN_DOWN
6689 3596 0
6684 3597 0
6680 3598 0
6677 3598 0
6675 3594 0
6674 3591 0
6673 3588 0
6673 3584 0
6673 3579 0
6674 3571 0
6676 3564 0
6680 3558 0
6683 3553 0
6687 3548 0
6692 3543 0
6700 3539 0
6710 3535 0
6719 3533 0
6727 3532 0
6733 3533 0
6737 3536 0
6739 3541 0
6741 3548 0
6743 3556 0
6744 3565 0
6744 3573 0
6744 3580 0
6744 3585 0
6745 3581 0
6746 3575 0
6747 3563 0
6749 3552 0
6752 3542 0
6757 3533 0
6761 3527 0
6765 3521 0
6773 3517 0
6782 3515 0
6791 3516 0
6800 3521 0
6809 3527 0
6817 3535 0
6823 3544 0
6828 3552 0
6832 3559 0
6834 3565 0
6836 3570 0
6836 3573 0
6836 3568 0
6835 3560 0
6834 3548 0
6833 3531 0
6834 3508 0
6837 3481 0
6839 3453 0
6841 3428 0
6842 3410 0
6843 3397 0
6843 3388 0
6843 3384 0
6842 3388 0
6841 3395 0
6841 3402 0
6841 3408 0
6840 3415 0
6837 3417 0
.PEN_UP
.PEN_DOWN
6706 3376 0
6711 3378 0
6722 3379 0
6738 3380 0
6762 3382 0
6799 3384 0
6848 3385 0
6900 3385 0
6945 3384 0
6976 3383 0
6996 3383 0
7009 3382 0
7017 3382 0
7020 3382 0
7016 3380 0
7000 3376 0
.PEN_UP
