.VERSION 1.0 
.HIERARCHY CHARACTER
.COORD X Y T
.SEGMENT CHARACTER 0-2 OK "104"
.H_LINE 4624 5499
.V_LINE 6500 7250
.X_DIM 750
.Y_DIM 874
.X_POINTS_PER_INCH 1000
.Y_POINTS_PER_INCH 1000
.POINTS_PER_SECOND 125
.COMMENT CALIB X: -35 Y: -53

.WRITER_INFO
 Name: SAI ADITYA
 WriterId: 70
 Hand: right
 EducationLevel: college graduate
 Gender: male
 Profession: student
 Region: guntur
 Age: 22
 DeviceType: digimemo a402
 SkillDevice: average
 Language: hindi
 Script: indic
 Native: false
 Style: discrete
 UsageFreq: rarely
 Proficiency: average
 Date: 2007-6-27
 WritingInProfession: no

.PEN_DOWN
6655 5204 0
6652 5205 0
6649 5207 0
6653 5204 0
6658 5199 0
6666 5194 0
6674 5189 0
6683 5183 0
6694 5175 0
6705 5166 0
6716 5158 0
6729 5147 0
6742 5137 0
6753 5130 0
6760 5121 0
6767 5114 0
6770 5109 0
6773 5104 0
6774 5100 0
6773 5096 0
6771 5093 0
6768 5090 0
6765 5087 0
6762 5085 0
6758 5084 0
6754 5083 0
6750 5083 0
6745 5084 0
6738 5086 0
6729 5091 0
6722 5096 0
6717 5101 0
6713 5107 0
6709 5113 0
6706 5120 0
6704 5126 0
6704 5132 0
6707 5140 0
6712 5148 0
6718 5155 0
6726 5162 0
6735 5169 0
6747 5174 0
6760 5177 0
6774 5178 0
6791 5178 0
6809 5177 0
6824 5176 0
6834 5175 0
6840 5174 0
6844 5174 0
6840 5176 0
6835 5179 0
6827 5184 0
6818 5191 0
6809 5200 0
6798 5212 0
6785 5224 0
6774 5236 0
6766 5248 0
6759 5260 0
6752 5271 0
6747 5279 0
6744 5284 0
6745 5280 0
6747 5275 0
6751 5273 0
.PEN_UP
.PEN_DOWN
6839 5051 0
6840 5056 0
6841 5064 0
6843 5073 0
6846 5084 0
6849 5096 0
6851 5109 0
6853 5122 0
6853 5137 0
6852 5152 0
6850 5169 0
6848 5185 0
6847 5201 0
6847 5216 0
6846 5230 0
6845 5243 0
6844 5253 0
6843 5261 0
6843 5267 0
6843 5270 0
6844 5267 0
6845 5263 0
6845 5258 0
6845 5252 0
6845 5244 0
6845 5240 0
.PEN_UP
.PEN_DOWN
6743 5022 0
6741 5029 0
6740 5033 0
6739 5036 0
6739 5039 0
6739 5042 0
6740 5045 0
6743 5048 0
6747 5049 0
6755 5050 0
6766 5051 0
6783 5051 0
6806 5051 0
6832 5053 0
6860 5053 0
6887 5053 0
6912 5052 0
6933 5051 0
6949 5050 0
6959 5049 0
6965 5048 0
6961 5049 0
6955 5049 0
.PEN_UP
