.VERSION 1.0 
.HIERARCHY CHARACTER
.COORD X Y T
.SEGMENT CHARACTER 0-2 OK "107"
.H_LINE 6249 7124
.V_LINE 3500 4250
.X_DIM 750
.Y_DIM 875
.X_POINTS_PER_INCH 1000
.Y_POINTS_PER_INCH 1000
.POINTS_PER_SECOND 125
.COMMENT CALIB X: -20 Y: -77

.WRITER_INFO
 Name: SAI ADITYA
 WriterId: 70
 Hand: right
 EducationLevel: college graduate
 Gender: male
 Profession: student
 Region: guntur
 Age: 22
 DeviceType: digimemo a402
 SkillDevice: average
 Language: hindi
 Script: indic
 Native: false
 Style: discrete
 UsageFreq: rarely
 Proficiency: average
 Date: 2007-6-27
 WritingInProfession: no

.PEN_DOWN
3860 6585 0
3860 6582 0
3860 6579 0
3860 6584 0
3860 6592 0
3860 6601 0
3860 6612 0
3860 6622 0
3860 6631 0
3860 6638 0
3860 6643 0
3860 6646 0
3860 6642 0
3860 6639 0
3860 6636 0
3860 6633 0
3852 6630 0
3843 6627 0
3832 6625 0
3819 6624 0
3805 6625 0
3792 6627 0
3780 6632 0
3768 6639 0
3759 6648 0
3753 6659 0
3748 6671 0
3745 6682 0
3745 6693 0
3746 6701 0
3748 6707 0
3752 6712 0
3756 6717 0
3761 6721 0
3769 6723 0
3779 6724 0
3789 6724 0
3799 6723 0
3811 6722 0
3820 6722 0
3828 6722 0
3836 6723 0
3843 6724 0
3850 6725 0
3856 6726 0
3859 6728 0
3861 6732 0
3862 6736 0
3862 6742 0
3861 6749 0
3860 6758 0
3858 6766 0
3856 6772 0
3854 6776 0
3853 6779 0
3850 6781 0
3847 6782 0
3844 6783 0
3841 6783 0
3838 6783 0
3835 6783 0
3832 6783 0
3829 6783 0
3826 6782 0
3827 6779 0
3830 6776 0
3833 6772 0
3836 6767 0
3837 6763 0
3838 6759 0
3838 6755 0
3836 6750 0
3833 6744 0
3829 6738 0
3824 6733 0
3820 6728 0
3813 6725 0
3801 6723 0
3788 6723 0
3776 6725 0
3765 6728 0
3756 6734 0
3747 6747 0
3741 6760 0
3736 6774 0
3734 6788 0
3733 6801 0
3734 6813 0
3737 6823 0
3742 6831 0
3749 6836 0
3761 6840 0
3776 6842 0
3798 6844 0
3822 6844 0
3848 6844 0
3868 6844 0
3885 6844 0
3900 6843 0
3910 6842 0
3916 6841 0
3919 6841 0
3915 6837 0
3908 6832 0
3902 6829 0
.PEN_UP
.PEN_DOWN
3846 6752 0
3842 6752 0
3838 6760 0
3831 6772 0
3820 6788 0
3804 6805 0
3787 6823 0
3770 6839 0
3752 6858 0
3738 6874 0
3726 6889 0
3716 6902 0
3709 6911 0
3705 6915 0
3707 6908 0
3710 6897 0
3715 6884 0
.PEN_UP
.PEN_DOWN
3688 6571 0
3692 6571 0
3700 6571 0
3713 6571 0
3731 6572 0
3760 6574 0
3802 6576 0
3857 6577 0
3911 6578 0
3958 6578 0
3999 6577 0
4036 6576 0
4066 6575 0
4088 6573 0
4101 6572 0
4107 6572 0
4102 6572 0
4092 6573 0
.PEN_UP
