305.0,84.0
302.0,83.0
299.0,83.0
297.0,83.0
296.0,83.0
295.0,83.0
292.0,83.0
290.0,83.0
289.0,83.0
288.0,83.0
286.0,83.0
285.0,83.0
283.0,83.0
282.0,84.0
282.0,85.0
281.0,86.0
281.0,88.0
281.0,90.0
279.0,91.0
279.0,93.0
279.0,94.0
279.0,97.0
279.0,99.0
279.0,101.0
279.0,103.0
279.0,105.0
279.0,106.0
281.0,108.0
282.0,111.0
285.0,113.0
286.0,114.0
289.0,117.0
290.0,117.0
293.0,119.0
295.0,120.0
296.0,122.0
297.0,122.0
299.0,125.0
300.0,126.0
302.0,127.0
302.0,128.0
303.0,129.0
303.0,131.0
305.0,133.0
305.0,134.0
305.0,135.0
305.0,137.0
306.0,139.0
306.0,140.0
306.0,142.0
306.0,144.0
306.0,146.0
306.0,148.0
306.0,151.0
306.0,152.0
306.0,153.0
306.0,154.0
305.0,155.0
305.0,156.0
303.0,158.0
302.0,159.0
299.0,160.0
297.0,160.0
295.0,161.0
293.0,161.0
292.0,161.0
289.0,161.0
288.0,161.0
285.0,161.0
282.0,161.0
281.0,161.0
278.0,161.0
276.0,161.0
275.0,161.0
274.0,161.0
272.0,161.0
271.0,160.0
269.0,160.0
269.0,159.0
268.0,158.0
268.0,156.0
267.0,155.0
267.0,154.0
267.0,153.0
267.0,152.0
267.0,151.0
267.0,149.0
268.0,149.0
269.0,149.0
271.0,149.0
272.0,149.0
275.0,149.0
276.0,149.0
278.0,149.0
279.0,149.0
281.0,149.0
282.0,149.0
283.0,149.0
286.0,151.0
288.0,152.0
289.0,152.0
290.0,153.0
293.0,154.0
295.0,155.0
296.0,156.0
297.0,156.0
299.0,159.0
303.0,160.0
305.0,162.0
309.0,165.0
312.0,166.0
317.0,169.0
320.0,172.0
326.0,174.0
328.0,176.0
333.0,180.0
334.0,181.0
337.0,182.0
338.0,183.0
341.0,185.0
344.0,185.0
347.0,186.0
348.0,187.0
351.0,187.0
354.0,187.0
357.0,188.0
358.0,188.0
361.0,188.0
364.0,188.0
366.0,188.0
368.0,188.0
369.0,188.0
371.0,188.0
-1.0,-1.0
306.0,126.0
309.0,126.0
312.0,125.0
313.0,124.0
317.0,121.0
320.0,120.0
324.0,118.0
327.0,115.0
331.0,113.0
334.0,111.0
337.0,108.0
340.0,107.0
343.0,104.0
344.0,103.0
347.0,100.0
348.0,98.0
350.0,95.0
351.0,94.0
351.0,92.0
351.0,91.0
352.0,90.0
352.0,87.0
352.0,86.0
352.0,85.0
352.0,84.0
352.0,83.0
352.0,81.0
352.0,80.0
352.0,79.0
352.0,78.0
352.0,77.0
352.0,76.0
352.0,77.0
352.0,78.0
352.0,80.0
352.0,81.0
352.0,84.0
352.0,86.0
352.0,90.0
352.0,92.0
352.0,95.0
352.0,98.0
352.0,103.0
352.0,105.0
352.0,110.0
352.0,112.0
352.0,115.0
352.0,118.0
352.0,121.0
352.0,124.0
352.0,126.0
352.0,128.0
352.0,129.0
352.0,131.0
352.0,132.0
352.0,135.0
352.0,137.0
352.0,139.0
352.0,140.0
352.0,141.0
352.0,142.0
352.0,144.0
352.0,145.0
352.0,146.0
352.0,147.0
352.0,148.0
352.0,149.0
352.0,151.0
352.0,152.0
352.0,153.0
352.0,154.0
352.0,155.0
352.0,156.0
352.0,158.0
-1.0,-1.0
269.0,66.0
272.0,66.0
278.0,66.0
282.0,66.0
286.0,66.0
289.0,66.0
293.0,66.0
299.0,66.0
303.0,66.0
307.0,66.0
310.0,66.0
314.0,66.0
326.0,66.0
334.0,66.0
342.0,66.0
345.0,66.0
350.0,66.0
351.0,66.0
354.0,66.0
357.0,66.0
359.0,65.0
361.0,65.0
364.0,65.0
365.0,65.0
368.0,65.0
369.0,64.0
-1.0,-1.0
 
