370.0,34.0
368.0,34.0
367.0,34.0
366.0,34.0
363.0,34.0
361.0,34.0
359.0,34.0
357.0,34.0
356.0,34.0
354.0,34.0
353.0,34.0
352.0,35.0
352.0,37.0
350.0,37.0
350.0,38.0
349.0,39.0
349.0,41.0
347.0,42.0
347.0,44.0
347.0,45.0
347.0,47.0
347.0,48.0
347.0,49.0
347.0,51.0
347.0,52.0
347.0,53.0
347.0,54.0
347.0,55.0
350.0,58.0
352.0,59.0
354.0,60.0
357.0,62.0
361.0,64.0
363.0,65.0
366.0,66.0
368.0,67.0
370.0,68.0
371.0,68.0
374.0,71.0
375.0,72.0
377.0,72.0
378.0,74.0
380.0,75.0
381.0,79.0
381.0,80.0
383.0,82.0
383.0,85.0
384.0,87.0
384.0,88.0
384.0,91.0
384.0,92.0
384.0,94.0
384.0,96.0
384.0,99.0
381.0,102.0
380.0,103.0
377.0,106.0
375.0,108.0
373.0,109.0
370.0,112.0
367.0,113.0
364.0,114.0
360.0,115.0
357.0,115.0
353.0,116.0
349.0,116.0
345.0,116.0
342.0,116.0
337.0,116.0
335.0,116.0
332.0,115.0
329.0,114.0
328.0,112.0
326.0,110.0
325.0,108.0
323.0,106.0
322.0,105.0
322.0,103.0
322.0,101.0
322.0,100.0
322.0,99.0
322.0,98.0
322.0,96.0
322.0,95.0
322.0,94.0
322.0,93.0
323.0,93.0
325.0,92.0
325.0,91.0
326.0,89.0
328.0,88.0
329.0,88.0
330.0,87.0
332.0,87.0
333.0,87.0
335.0,87.0
336.0,87.0
337.0,87.0
339.0,87.0
339.0,88.0
340.0,89.0
342.0,91.0
343.0,92.0
345.0,93.0
347.0,95.0
349.0,98.0
352.0,101.0
353.0,103.0
356.0,107.0
357.0,109.0
359.0,112.0
360.0,114.0
363.0,116.0
363.0,117.0
368.0,125.0
370.0,126.0
373.0,128.0
374.0,129.0
377.0,130.0
378.0,132.0
381.0,133.0
383.0,133.0
384.0,134.0
385.0,134.0
387.0,134.0
387.0,135.0
388.0,135.0
-1.0,-1.0
381.0,75.0
383.0,75.0
385.0,75.0
390.0,75.0
394.0,75.0
397.0,75.0
401.0,75.0
404.0,75.0
408.0,75.0
409.0,75.0
413.0,75.0
415.0,75.0
419.0,75.0
421.0,75.0
422.0,74.0
423.0,73.0
425.0,73.0
426.0,72.0
428.0,71.0
428.0,69.0
429.0,67.0
430.0,66.0
432.0,64.0
432.0,61.0
433.0,59.0
433.0,56.0
433.0,54.0
433.0,53.0
433.0,51.0
433.0,48.0
433.0,46.0
433.0,45.0
433.0,44.0
433.0,42.0
433.0,41.0
433.0,40.0
433.0,39.0
433.0,38.0
433.0,37.0
433.0,35.0
433.0,34.0
433.0,35.0
433.0,37.0
433.0,39.0
433.0,41.0
433.0,45.0
433.0,51.0
433.0,54.0
433.0,61.0
435.0,65.0
435.0,69.0
436.0,73.0
436.0,76.0
437.0,79.0
437.0,82.0
437.0,83.0
439.0,86.0
439.0,87.0
439.0,88.0
439.0,89.0
439.0,91.0
439.0,92.0
439.0,93.0
439.0,94.0
439.0,95.0
439.0,96.0
439.0,98.0
439.0,99.0
-1.0,-1.0
325.0,28.0
328.0,28.0
329.0,28.0
334.0,28.0
336.0,28.0
339.0,28.0
343.0,28.0
345.0,28.0
348.0,28.0
350.0,28.0
356.0,28.0
360.0,28.0
366.0,28.0
370.0,28.0
377.0,28.0
381.0,28.0
386.0,28.0
390.0,28.0
394.0,28.0
395.0,28.0
400.0,28.0
402.0,28.0
407.0,28.0
408.0,28.0
412.0,28.0
414.0,28.0
417.0,28.0
418.0,28.0
421.0,28.0
422.0,28.0
426.0,28.0
428.0,28.0
431.0,28.0
433.0,28.0
436.0,28.0
438.0,28.0
439.0,28.0
440.0,28.0
442.0,29.0
445.0,29.0
446.0,29.0
449.0,29.0
450.0,29.0
453.0,29.0
456.0,29.0
457.0,29.0
459.0,29.0
460.0,29.0
-1.0,-1.0
 
323.0,76.0
323.0,77.0
323.0,79.0
323.0,81.0
323.0,83.0
323.0,84.0
323.0,87.0
323.0,88.0
323.0,89.0
323.0,90.0
323.0,91.0
323.0,92.0
323.0,94.0
323.0,95.0
321.0,95.0
320.0,95.0
317.0,96.0
314.0,96.0
310.0,96.0
307.0,96.0
302.0,97.0
299.0,97.0
295.0,98.0
293.0,98.0
290.0,99.0
288.0,101.0
285.0,101.0
283.0,102.0
282.0,103.0
282.0,104.0
280.0,104.0
280.0,105.0
280.0,106.0
279.0,108.0
279.0,109.0
279.0,110.0
279.0,111.0
279.0,112.0
279.0,114.0
279.0,115.0
279.0,116.0
280.0,117.0
282.0,117.0
286.0,118.0
289.0,119.0
295.0,119.0
299.0,119.0
303.0,119.0
307.0,119.0
313.0,119.0
316.0,119.0
321.0,119.0
324.0,119.0
330.0,119.0
333.0,119.0
337.0,119.0
340.0,119.0
342.0,119.0
344.0,119.0
347.0,119.0
348.0,119.0
349.0,119.0
351.0,119.0
351.0,121.0
352.0,122.0
352.0,123.0
352.0,125.0
354.0,126.0
354.0,129.0
354.0,130.0
354.0,131.0
354.0,132.0
354.0,135.0
354.0,137.0
354.0,138.0
354.0,142.0
352.0,144.0
348.0,149.0
345.0,152.0
340.0,157.0
337.0,158.0
333.0,162.0
330.0,163.0
326.0,164.0
323.0,165.0
318.0,166.0
314.0,167.0
309.0,170.0
306.0,170.0
300.0,171.0
297.0,171.0
292.0,172.0
288.0,172.0
283.0,172.0
282.0,172.0
279.0,171.0
278.0,170.0
276.0,167.0
276.0,166.0
275.0,164.0
273.0,162.0
272.0,159.0
272.0,157.0
271.0,155.0
271.0,153.0
271.0,152.0
271.0,151.0
271.0,150.0
271.0,149.0
271.0,148.0
272.0,148.0
273.0,148.0
275.0,148.0
276.0,148.0
278.0,148.0
279.0,148.0
280.0,148.0
283.0,148.0
286.0,148.0
289.0,148.0
293.0,150.0
296.0,151.0
300.0,155.0
303.0,157.0
307.0,159.0
309.0,162.0
311.0,164.0
314.0,166.0
317.0,170.0
320.0,172.0
324.0,177.0
327.0,179.0
334.0,186.0
338.0,190.0
348.0,197.0
354.0,200.0
372.0,212.0
381.0,219.0
394.0,228.0
401.0,230.0
-1.0,-1.0
362.0,120.0
365.0,120.0
368.0,120.0
369.0,120.0
373.0,120.0
375.0,120.0
376.0,120.0
378.0,120.0
379.0,120.0
380.0,120.0
382.0,120.0
383.0,120.0
385.0,120.0
385.0,118.0
386.0,118.0
387.0,117.0
389.0,117.0
390.0,117.0
392.0,117.0
-1.0,-1.0
 
