283.0,78.0
283.0,80.0
283.0,81.0
283.0,83.0
283.0,85.0
283.0,88.0
283.0,90.0
283.0,94.0
283.0,96.0
283.0,100.0
283.0,101.0
283.0,103.0
283.0,104.0
283.0,105.0
283.0,107.0
283.0,108.0
282.0,108.0
280.0,108.0
278.0,108.0
275.0,108.0
272.0,108.0
268.0,107.0
264.0,107.0
259.0,107.0
255.0,105.0
251.0,105.0
248.0,105.0
244.0,105.0
242.0,105.0
240.0,105.0
238.0,105.0
237.0,105.0
235.0,105.0
234.0,105.0
234.0,107.0
233.0,107.0
233.0,108.0
231.0,111.0
230.0,114.0
228.0,117.0
228.0,118.0
227.0,121.0
227.0,122.0
227.0,123.0
227.0,124.0
227.0,127.0
227.0,128.0
227.0,129.0
227.0,130.0
227.0,131.0
228.0,132.0
230.0,134.0
233.0,136.0
235.0,137.0
238.0,138.0
242.0,138.0
247.0,139.0
249.0,139.0
255.0,139.0
259.0,139.0
265.0,139.0
268.0,139.0
273.0,138.0
276.0,138.0
280.0,137.0
283.0,137.0
287.0,137.0
289.0,136.0
292.0,136.0
293.0,136.0
296.0,136.0
297.0,136.0
299.0,136.0
300.0,136.0
302.0,136.0
303.0,136.0
306.0,136.0
307.0,136.0
309.0,136.0
310.0,137.0
311.0,138.0
311.0,139.0
313.0,141.0
313.0,143.0
314.0,143.0
314.0,146.0
314.0,150.0
314.0,153.0
314.0,156.0
314.0,160.0
314.0,161.0
314.0,163.0
314.0,165.0
313.0,167.0
310.0,170.0
307.0,173.0
304.0,176.0
302.0,177.0
299.0,180.0
297.0,181.0
295.0,183.0
292.0,185.0
289.0,186.0
287.0,186.0
283.0,187.0
282.0,187.0
279.0,187.0
278.0,188.0
275.0,188.0
273.0,188.0
271.0,188.0
269.0,188.0
268.0,188.0
266.0,188.0
265.0,188.0
262.0,187.0
261.0,186.0
259.0,185.0
258.0,185.0
257.0,183.0
255.0,182.0
254.0,181.0
252.0,180.0
251.0,179.0
251.0,177.0
251.0,176.0
251.0,175.0
251.0,174.0
251.0,173.0
251.0,172.0
251.0,170.0
252.0,170.0
254.0,170.0
255.0,170.0
257.0,170.0
259.0,172.0
262.0,173.0
264.0,174.0
266.0,175.0
268.0,176.0
271.0,179.0
272.0,180.0
273.0,181.0
275.0,182.0
276.0,185.0
278.0,186.0
280.0,188.0
282.0,190.0
283.0,193.0
285.0,194.0
286.0,195.0
287.0,196.0
287.0,199.0
290.0,201.0
290.0,202.0
292.0,203.0
293.0,204.0
295.0,206.0
295.0,207.0
296.0,208.0
297.0,209.0
299.0,210.0
300.0,212.0
302.0,212.0
302.0,213.0
304.0,214.0
307.0,214.0
309.0,214.0
310.0,214.0
311.0,214.0
314.0,214.0
316.0,214.0
318.0,214.0
-1.0,-1.0
318.0,135.0
320.0,134.0
321.0,133.0
323.0,132.0
324.0,132.0
327.0,129.0
328.0,128.0
331.0,127.0
333.0,125.0
337.0,122.0
338.0,121.0
341.0,119.0
342.0,118.0
345.0,115.0
347.0,114.0
348.0,112.0
349.0,111.0
351.0,109.0
352.0,108.0
354.0,107.0
355.0,106.0
355.0,104.0
356.0,101.0
358.0,100.0
359.0,98.0
359.0,97.0
361.0,94.0
361.0,93.0
361.0,91.0
361.0,89.0
361.0,88.0
362.0,86.0
362.0,84.0
362.0,82.0
362.0,81.0
362.0,80.0
362.0,78.0
362.0,77.0
362.0,75.0
362.0,74.0
362.0,73.0
362.0,72.0
362.0,70.0
362.0,68.0
362.0,67.0
362.0,66.0
362.0,67.0
362.0,70.0
362.0,72.0
362.0,73.0
362.0,75.0
362.0,79.0
362.0,87.0
362.0,94.0
364.0,112.0
364.0,119.0
366.0,126.0
366.0,131.0
368.0,135.0
368.0,139.0
368.0,142.0
368.0,145.0
368.0,147.0
369.0,148.0
369.0,150.0
369.0,153.0
369.0,154.0
369.0,157.0
369.0,161.0
369.0,165.0
369.0,166.0
369.0,168.0
371.0,170.0
371.0,173.0
371.0,174.0
371.0,176.0
371.0,177.0
371.0,180.0
371.0,181.0
371.0,182.0
371.0,183.0
372.0,184.0
372.0,186.0
372.0,187.0
-1.0,-1.0
246.0,66.0
247.0,66.0
250.0,66.0
253.0,66.0
256.0,66.0
261.0,66.0
264.0,66.0
267.0,66.0
270.0,66.0
274.0,66.0
280.0,65.0
284.0,65.0
290.0,65.0
292.0,65.0
298.0,65.0
301.0,65.0
307.0,65.0
309.0,65.0
312.0,65.0
315.0,65.0
318.0,65.0
322.0,65.0
325.0,65.0
330.0,65.0
333.0,64.0
337.0,64.0
340.0,64.0
346.0,64.0
349.0,64.0
354.0,63.0
357.0,63.0
361.0,63.0
363.0,63.0
367.0,63.0
370.0,61.0
373.0,61.0
375.0,61.0
377.0,61.0
378.0,61.0
381.0,61.0
384.0,60.0
387.0,60.0
390.0,60.0
392.0,60.0
394.0,60.0
395.0,60.0
397.0,60.0
398.0,60.0
-1.0,-1.0
 
