366.0,88.0
363.0,88.0
359.0,88.0
353.0,88.0
349.0,88.0
342.0,89.0
336.0,91.0
332.0,94.0
329.0,95.0
326.0,97.0
325.0,98.0
325.0,100.0
325.0,101.0
325.0,102.0
325.0,103.0
325.0,104.0
325.0,107.0
325.0,108.0
325.0,111.0
326.0,115.0
328.0,117.0
331.0,119.0
332.0,123.0
336.0,128.0
339.0,130.0
346.0,135.0
350.0,138.0
357.0,142.0
360.0,143.0
366.0,146.0
369.0,149.0
371.0,150.0
371.0,151.0
373.0,153.0
374.0,157.0
376.0,158.0
376.0,161.0
376.0,163.0
376.0,165.0
376.0,166.0
376.0,169.0
376.0,170.0
376.0,171.0
374.0,172.0
371.0,173.0
369.0,176.0
364.0,178.0
360.0,180.0
350.0,185.0
345.0,188.0
336.0,190.0
332.0,191.0
326.0,191.0
324.0,191.0
318.0,191.0
315.0,191.0
311.0,191.0
308.0,191.0
304.0,189.0
301.0,186.0
298.0,183.0
295.0,180.0
294.0,178.0
293.0,177.0
293.0,176.0
293.0,175.0
294.0,175.0
297.0,175.0
298.0,175.0
302.0,175.0
305.0,175.0
311.0,176.0
315.0,178.0
319.0,179.0
328.0,184.0
356.0,194.0
399.0,216.0
426.0,232.0
458.0,247.0
468.0,253.0
481.0,258.0
489.0,260.0
497.0,262.0
500.0,264.0
504.0,265.0
506.0,266.0
508.0,266.0
510.0,266.0
-1.0,-1.0
389.0,161.0
391.0,161.0
395.0,160.0
398.0,159.0
401.0,158.0
404.0,157.0
408.0,155.0
415.0,154.0
418.0,152.0
423.0,149.0
426.0,148.0
430.0,146.0
433.0,145.0
437.0,141.0
440.0,138.0
444.0,134.0
447.0,131.0
449.0,128.0
450.0,126.0
451.0,122.0
455.0,113.0
461.0,100.0
461.0,92.0
462.0,90.0
462.0,86.0
462.0,83.0
462.0,81.0
462.0,77.0
461.0,76.0
460.0,76.0
460.0,77.0
460.0,78.0
460.0,79.0
460.0,82.0
460.0,83.0
460.0,86.0
458.0,90.0
458.0,96.0
458.0,100.0
458.0,111.0
458.0,118.0
458.0,136.0
458.0,144.0
458.0,151.0
458.0,155.0
458.0,158.0
460.0,161.0
460.0,163.0
460.0,164.0
460.0,165.0
461.0,165.0
461.0,166.0
-1.0,-1.0
307.0,67.0
310.0,67.0
316.0,69.0
321.0,69.0
330.0,70.0
335.0,70.0
340.0,70.0
344.0,70.0
353.0,70.0
380.0,70.0
397.0,70.0
435.0,70.0
460.0,70.0
494.0,70.0
505.0,70.0
523.0,70.0
532.0,70.0
542.0,70.0
550.0,70.0
557.0,70.0
559.0,70.0
561.0,70.0
562.0,70.0
565.0,70.0
566.0,70.0
568.0,70.0
-1.0,-1.0
 
