332.0,137.0
329.0,136.0
326.0,135.0
322.0,134.0
319.0,133.0
315.0,131.0
312.0,131.0
308.0,130.0
305.0,130.0
302.0,130.0
301.0,130.0
298.0,130.0
296.0,130.0
295.0,130.0
294.0,131.0
292.0,133.0
292.0,134.0
291.0,134.0
291.0,136.0
291.0,137.0
289.0,140.0
288.0,142.0
288.0,143.0
288.0,144.0
287.0,147.0
287.0,149.0
287.0,150.0
285.0,151.0
285.0,153.0
285.0,154.0
285.0,155.0
285.0,156.0
287.0,157.0
288.0,160.0
289.0,161.0
292.0,162.0
294.0,162.0
298.0,163.0
299.0,164.0
303.0,165.0
308.0,167.0
312.0,168.0
315.0,168.0
319.0,169.0
320.0,170.0
323.0,171.0
325.0,171.0
326.0,173.0
327.0,174.0
329.0,176.0
329.0,177.0
330.0,180.0
330.0,182.0
330.0,185.0
330.0,187.0
330.0,189.0
330.0,190.0
330.0,194.0
330.0,197.0
329.0,199.0
327.0,203.0
326.0,204.0
323.0,207.0
320.0,208.0
316.0,210.0
313.0,211.0
309.0,212.0
306.0,212.0
302.0,214.0
301.0,214.0
296.0,214.0
295.0,214.0
292.0,214.0
289.0,214.0
287.0,214.0
284.0,212.0
282.0,210.0
281.0,209.0
280.0,208.0
278.0,207.0
277.0,204.0
277.0,203.0
277.0,202.0
277.0,201.0
277.0,199.0
277.0,198.0
278.0,198.0
280.0,198.0
281.0,198.0
282.0,198.0
284.0,198.0
285.0,199.0
287.0,201.0
287.0,202.0
288.0,203.0
291.0,205.0
292.0,207.0
294.0,210.0
295.0,212.0
298.0,216.0
298.0,218.0
299.0,221.0
301.0,223.0
302.0,225.0
303.0,228.0
305.0,230.0
306.0,231.0
308.0,234.0
309.0,235.0
310.0,236.0
312.0,237.0
312.0,238.0
313.0,239.0
315.0,239.0
315.0,241.0
316.0,241.0
-1.0,-1.0
336.0,182.0
340.0,181.0
344.0,180.0
348.0,178.0
351.0,177.0
356.0,175.0
358.0,174.0
360.0,173.0
361.0,173.0
364.0,171.0
367.0,169.0
368.0,167.0
371.0,164.0
372.0,163.0
374.0,161.0
374.0,160.0
375.0,158.0
377.0,157.0
378.0,155.0
378.0,153.0
379.0,151.0
379.0,149.0
379.0,148.0
379.0,147.0
379.0,144.0
379.0,142.0
379.0,140.0
379.0,138.0
379.0,137.0
379.0,136.0
379.0,135.0
379.0,133.0
379.0,130.0
379.0,129.0
379.0,127.0
379.0,124.0
378.0,123.0
378.0,122.0
377.0,122.0
377.0,124.0
377.0,126.0
377.0,129.0
377.0,131.0
377.0,134.0
377.0,136.0
377.0,140.0
377.0,146.0
378.0,149.0
378.0,154.0
379.0,156.0
379.0,162.0
379.0,164.0
381.0,169.0
381.0,173.0
381.0,177.0
381.0,180.0
382.0,184.0
382.0,188.0
382.0,191.0
382.0,194.0
382.0,197.0
382.0,199.0
382.0,202.0
382.0,204.0
382.0,205.0
382.0,207.0
382.0,208.0
382.0,209.0
-1.0,-1.0
282.0,124.0
286.0,124.0
289.0,124.0
296.0,124.0
302.0,124.0
305.0,124.0
308.0,124.0
312.0,124.0
319.0,124.0
323.0,124.0
329.0,124.0
331.0,124.0
336.0,124.0
338.0,124.0
344.0,124.0
347.0,124.0
351.0,124.0
354.0,124.0
357.0,124.0
360.0,124.0
362.0,124.0
364.0,124.0
367.0,124.0
369.0,124.0
372.0,124.0
374.0,124.0
376.0,124.0
378.0,124.0
379.0,124.0
381.0,124.0
382.0,124.0
385.0,124.0
386.0,124.0
389.0,124.0
392.0,124.0
395.0,124.0
396.0,124.0
399.0,124.0
400.0,124.0
402.0,124.0
403.0,124.0
-1.0,-1.0
 
