349.0,45.0
350.0,45.0
352.0,46.0
353.0,47.0
353.0,48.0
355.0,51.0
355.0,52.0
355.0,53.0
356.0,53.0
356.0,54.0
356.0,56.0
356.0,57.0
356.0,58.0
356.0,59.0
356.0,61.0
355.0,63.0
352.0,65.0
350.0,66.0
348.0,70.0
345.0,71.0
342.0,74.0
341.0,75.0
339.0,78.0
338.0,79.0
336.0,81.0
336.0,82.0
335.0,85.0
334.0,87.0
334.0,88.0
334.0,90.0
334.0,91.0
334.0,92.0
334.0,93.0
335.0,93.0
338.0,93.0
341.0,93.0
343.0,93.0
345.0,93.0
348.0,93.0
350.0,93.0
353.0,93.0
355.0,93.0
357.0,93.0
359.0,93.0
360.0,93.0
362.0,93.0
363.0,93.0
365.0,93.0
367.0,94.0
370.0,97.0
370.0,99.0
372.0,101.0
373.0,102.0
373.0,106.0
373.0,109.0
373.0,111.0
373.0,113.0
373.0,117.0
373.0,122.0
373.0,127.0
372.0,133.0
370.0,136.0
367.0,140.0
365.0,142.0
362.0,146.0
360.0,148.0
357.0,151.0
355.0,152.0
350.0,154.0
348.0,156.0
343.0,158.0
341.0,158.0
336.0,159.0
334.0,159.0
329.0,159.0
326.0,158.0
324.0,155.0
322.0,154.0
321.0,151.0
321.0,149.0
319.0,147.0
319.0,145.0
319.0,144.0
319.0,141.0
319.0,140.0
319.0,139.0
319.0,136.0
319.0,135.0
319.0,134.0
321.0,133.0
321.0,132.0
322.0,132.0
324.0,131.0
325.0,129.0
328.0,129.0
329.0,128.0
334.0,128.0
338.0,128.0
345.0,129.0
349.0,132.0
356.0,136.0
359.0,139.0
363.0,143.0
364.0,148.0
367.0,152.0
368.0,155.0
371.0,158.0
373.0,161.0
375.0,165.0
377.0,169.0
380.0,172.0
381.0,175.0
383.0,177.0
384.0,179.0
385.0,181.0
-1.0,-1.0
381.0,98.0
384.0,98.0
388.0,98.0
391.0,97.0
397.0,96.0
399.0,96.0
402.0,95.0
405.0,95.0
406.0,95.0
408.0,95.0
409.0,95.0
411.0,95.0
412.0,95.0
-1.0,-1.0
412.0,36.0
412.0,37.0
412.0,42.0
412.0,46.0
412.0,53.0
412.0,57.0
412.0,66.0
412.0,69.0
413.0,74.0
413.0,76.0
413.0,81.0
413.0,82.0
413.0,86.0
415.0,88.0
415.0,90.0
415.0,93.0
415.0,96.0
415.0,98.0
416.0,102.0
416.0,104.0
416.0,108.0
416.0,109.0
416.0,111.0
416.0,114.0
416.0,116.0
416.0,117.0
416.0,121.0
416.0,123.0
416.0,125.0
418.0,128.0
418.0,130.0
418.0,132.0
418.0,134.0
418.0,135.0
418.0,136.0
-1.0,-1.0
330.0,43.0
335.0,42.0
337.0,42.0
342.0,42.0
346.0,41.0
352.0,41.0
356.0,41.0
363.0,40.0
367.0,40.0
374.0,40.0
378.0,39.0
385.0,39.0
390.0,37.0
394.0,37.0
397.0,37.0
401.0,37.0
405.0,37.0
408.0,37.0
412.0,37.0
415.0,37.0
419.0,37.0
422.0,37.0
426.0,36.0
428.0,36.0
430.0,36.0
432.0,36.0
435.0,36.0
436.0,36.0
437.0,36.0
-1.0,-1.0
 
