127.0,116.0
127.0,117.0
127.0,120.0
127.0,122.0
127.0,124.0
127.0,126.0
127.0,127.0
127.0,128.0
127.0,129.0
127.0,130.0
127.0,131.0
127.0,133.0
125.0,134.0
124.0,136.0
122.0,138.0
121.0,141.0
118.0,143.0
117.0,144.0
114.0,147.0
113.0,148.0
110.0,149.0
107.0,150.0
106.0,151.0
106.0,153.0
103.0,154.0
100.0,155.0
99.0,157.0
96.0,158.0
94.0,161.0
92.0,163.0
90.0,164.0
89.0,167.0
87.0,168.0
86.0,169.0
86.0,170.0
84.0,171.0
83.0,174.0
83.0,175.0
83.0,176.0
83.0,177.0
84.0,177.0
86.0,178.0
87.0,179.0
89.0,179.0
90.0,179.0
93.0,181.0
94.0,181.0
97.0,181.0
100.0,181.0
104.0,182.0
108.0,183.0
114.0,183.0
115.0,184.0
120.0,185.0
121.0,185.0
122.0,185.0
124.0,187.0
125.0,188.0
127.0,188.0
127.0,189.0
128.0,189.0
130.0,190.0
131.0,194.0
132.0,196.0
132.0,199.0
134.0,202.0
134.0,206.0
134.0,209.0
134.0,212.0
134.0,215.0
134.0,218.0
134.0,222.0
134.0,225.0
134.0,226.0
134.0,230.0
132.0,232.0
131.0,235.0
130.0,237.0
130.0,238.0
128.0,239.0
127.0,241.0
125.0,243.0
124.0,244.0
122.0,245.0
121.0,246.0
120.0,248.0
118.0,248.0
115.0,249.0
114.0,249.0
111.0,249.0
110.0,249.0
107.0,249.0
106.0,249.0
103.0,249.0
101.0,249.0
99.0,248.0
97.0,246.0
96.0,244.0
96.0,243.0
94.0,241.0
93.0,239.0
93.0,238.0
93.0,237.0
93.0,236.0
93.0,235.0
93.0,233.0
93.0,232.0
93.0,231.0
93.0,230.0
93.0,229.0
93.0,228.0
94.0,228.0
96.0,228.0
97.0,228.0
99.0,229.0
100.0,230.0
100.0,231.0
101.0,232.0
103.0,233.0
104.0,236.0
106.0,238.0
107.0,241.0
108.0,243.0
111.0,246.0
113.0,250.0
115.0,253.0
117.0,257.0
118.0,260.0
120.0,264.0
121.0,266.0
121.0,269.0
122.0,270.0
124.0,271.0
124.0,272.0
124.0,273.0
125.0,273.0
125.0,275.0
-1.0,-1.0
135.0,188.0
138.0,188.0
143.0,186.0
146.0,185.0
152.0,184.0
156.0,182.0
160.0,181.0
164.0,180.0
169.0,179.0
171.0,178.0
176.0,177.0
178.0,175.0
181.0,174.0
183.0,173.0
183.0,172.0
183.0,171.0
184.0,170.0
185.0,168.0
187.0,165.0
187.0,163.0
188.0,158.0
190.0,154.0
191.0,148.0
192.0,144.0
192.0,140.0
192.0,138.0
194.0,136.0
194.0,131.0
194.0,127.0
194.0,125.0
194.0,124.0
194.0,123.0
194.0,121.0
194.0,123.0
194.0,124.0
194.0,125.0
194.0,130.0
194.0,133.0
194.0,141.0
194.0,148.0
194.0,173.0
194.0,186.0
194.0,214.0
194.0,230.0
194.0,249.0
194.0,258.0
194.0,266.0
194.0,273.0
194.0,276.0
194.0,277.0
194.0,278.0
-1.0,-1.0
85.0,114.0
89.0,114.0
98.0,114.0
102.0,114.0
117.0,114.0
131.0,114.0
164.0,114.0
180.0,114.0
215.0,116.0
232.0,116.0
240.0,116.0
248.0,116.0
266.0,116.0
289.0,116.0
298.0,116.0
305.0,116.0
312.0,116.0
316.0,116.0
318.0,116.0
321.0,116.0
322.0,116.0
323.0,116.0
-1.0,-1.0
 
