325.0,77.0
325.0,79.0
325.0,81.0
325.0,85.0
325.0,87.0
325.0,89.0
325.0,92.0
326.0,95.0
326.0,98.0
326.0,100.0
326.0,101.0
326.0,104.0
326.0,105.0
326.0,106.0
326.0,107.0
326.0,108.0
325.0,108.0
322.0,108.0
320.0,108.0
318.0,108.0
315.0,108.0
312.0,108.0
309.0,109.0
306.0,109.0
305.0,111.0
302.0,112.0
301.0,113.0
299.0,114.0
299.0,115.0
298.0,116.0
298.0,118.0
298.0,119.0
298.0,120.0
298.0,121.0
298.0,122.0
298.0,125.0
298.0,126.0
298.0,128.0
299.0,129.0
301.0,132.0
302.0,133.0
306.0,135.0
309.0,136.0
312.0,138.0
315.0,138.0
319.0,139.0
320.0,140.0
325.0,140.0
326.0,141.0
330.0,141.0
332.0,142.0
335.0,143.0
336.0,143.0
337.0,145.0
339.0,146.0
339.0,147.0
340.0,147.0
340.0,148.0
342.0,149.0
342.0,150.0
342.0,152.0
342.0,153.0
342.0,154.0
342.0,158.0
342.0,161.0
342.0,166.0
340.0,168.0
337.0,172.0
336.0,173.0
333.0,176.0
330.0,177.0
329.0,179.0
328.0,179.0
325.0,180.0
322.0,181.0
318.0,181.0
313.0,181.0
312.0,181.0
308.0,181.0
306.0,181.0
305.0,180.0
304.0,179.0
302.0,177.0
301.0,176.0
301.0,175.0
301.0,174.0
301.0,173.0
301.0,172.0
302.0,172.0
304.0,172.0
305.0,172.0
306.0,172.0
308.0,172.0
309.0,174.0
312.0,175.0
315.0,179.0
316.0,181.0
319.0,184.0
320.0,188.0
322.0,192.0
323.0,194.0
326.0,199.0
328.0,201.0
329.0,204.0
330.0,207.0
330.0,208.0
332.0,209.0
333.0,211.0
335.0,214.0
337.0,215.0
340.0,217.0
-1.0,-1.0
340.0,141.0
343.0,141.0
346.0,141.0
350.0,140.0
351.0,140.0
356.0,140.0
358.0,140.0
361.0,139.0
364.0,139.0
367.0,139.0
371.0,139.0
374.0,137.0
375.0,137.0
377.0,137.0
378.0,137.0
380.0,137.0
381.0,137.0
-1.0,-1.0
380.0,76.0
380.0,80.0
380.0,82.0
380.0,87.0
380.0,89.0
380.0,94.0
380.0,98.0
380.0,99.0
380.0,101.0
380.0,105.0
380.0,108.0
380.0,109.0
380.0,112.0
380.0,113.0
380.0,115.0
380.0,120.0
380.0,122.0
380.0,126.0
381.0,128.0
381.0,130.0
381.0,132.0
381.0,134.0
381.0,135.0
381.0,137.0
381.0,139.0
381.0,140.0
381.0,141.0
382.0,142.0
382.0,143.0
382.0,144.0
382.0,146.0
382.0,147.0
382.0,148.0
382.0,149.0
382.0,150.0
382.0,151.0
382.0,153.0
382.0,154.0
382.0,155.0
382.0,156.0
382.0,157.0
382.0,160.0
382.0,161.0
382.0,163.0
384.0,164.0
384.0,167.0
-1.0,-1.0
303.0,83.0
304.0,82.0
310.0,82.0
312.0,82.0
318.0,81.0
322.0,81.0
329.0,81.0
334.0,81.0
339.0,80.0
343.0,80.0
349.0,80.0
353.0,80.0
359.0,79.0
362.0,79.0
364.0,79.0
367.0,79.0
370.0,79.0
374.0,79.0
377.0,79.0
381.0,79.0
384.0,79.0
387.0,79.0
390.0,79.0
391.0,79.0
393.0,79.0
394.0,79.0
-1.0,-1.0
 
