.VERSION 1.0 
.HIERARCHY CHARACTER
.COORD X Y T
.SEGMENT CHARACTER 0-2 OK "4"
.H_LINE 1374 2249
.V_LINE 6500 7250
.X_DIM 750
.Y_DIM 874
.X_POINTS_PER_INCH 1000
.Y_POINTS_PER_INCH 1000
.POINTS_PER_SECOND 125
.COMMENT CALIB X: 14 Y: -91

.WRITER_INFO
 Name: SAI HARISH
 WriterId: 29
 Hand: right
 EducationLevel: college graduate
 Gender: male
 Profession: student
 Region: hyderabad
 Age: 22
 DeviceType: digimemo a402
 SkillDevice: average
 Language: hindi
 Script: indic
 Native: false
 Style: discrete
 UsageFreq: rarely
 Proficiency: average
 Date: 2007-6-15
 WritingInProfession: no

.PEN_DOWN
6717 1662 0
6717 1665 0
6717 1670 0
6717 1678 0
6717 1687 0
6717 1697 0
6717 1707 0
6717 1715 0
6718 1722 0
6719 1729 0
6720 1734 0
6715 1731 0
6708 1727 0
6695 1726 0
6680 1726 0
6664 1728 0
6652 1732 0
6646 1737 0
6643 1744 0
6642 1753 0
6643 1762 0
6646 1771 0
6652 1781 0
6662 1790 0
6676 1797 0
6693 1805 0
6710 1812 0
6724 1819 0
6735 1825 0
6740 1831 0
6741 1838 0
6738 1847 0
6729 1855 0
6716 1861 0
6698 1867 0
6676 1872 0
6655 1875 0
6635 1876 0
6620 1876 0
6610 1874 0
6604 1871 0
6604 1866 0
6609 1859 0
6619 1852 0
6630 1847 0
6638 1844 0
6645 1843 0
6651 1843 0
6659 1845 0
6666 1850 0
6674 1858 0
6684 1866 0
6695 1876 0
6703 1885 0
6710 1893 0
6716 1900 0
6720 1905 0
6721 1908 0
.PEN_UP
.PEN_DOWN
6664 1632 0
6663 1623 0
6665 1611 0
6673 1599 0
6686 1585 0
6706 1574 0
6722 1565 0
6737 1558 0
6749 1552 0
6759 1549 0
6766 1548 0
6771 1549 0
6774 1551 0
6777 1556 0
6780 1562 0
6781 1569 0
6782 1578 0
6781 1587 0
.PEN_UP
.PEN_DOWN
6595 1665 0
6603 1665 0
6618 1665 0
6644 1664 0
6679 1663 0
6716 1662 0
6752 1661 0
6792 1661 0
6838 1661 0
6886 1661 0
6928 1661 0
6954 1660 0
6960 1659 0
.PEN_UP
