.VERSION 1.0 
.HIERARCHY CHARACTER
.COORD X Y T
.SEGMENT CHARACTER 0-3 OK "7"
.H_LINE 2999 3874
.V_LINE 3500 4250
.X_DIM 750
.Y_DIM 874
.X_POINTS_PER_INCH 1000
.Y_POINTS_PER_INCH 1000
.POINTS_PER_SECOND 125
.COMMENT CALIB X: 10 Y: -105

.WRITER_INFO
 Name: SAI HARISH
 WriterId: 29
 Hand: right
 EducationLevel: college graduate
 Gender: male
 Profession: student
 Region: hyderabad
 Age: 22
 DeviceType: digimemo a402
 SkillDevice: average
 Language: hindi
 Script: indic
 Native: false
 Style: discrete
 UsageFreq: rarely
 Proficiency: average
 Date: 2007-6-15
 WritingInProfession: no

.PEN_DOWN
3864 3284 0
3863 3289 0
3863 3298 0
3863 3310 0
3864 3326 0
3864 3347 0
3863 3375 0
3862 3407 0
3860 3440 0
3857 3470 0
3857 3493 0
3858 3509 0
3860 3522 0
3861 3531 0
3862 3537 0
3863 3540 0
3867 3535 0
.PEN_UP
.PEN_DOWN
3736 3377 0
3740 3378 0
3747 3381 0
3757 3384 0
3769 3388 0
3785 3391 0
3806 3393 0
3832 3395 0
3858 3396 0
3882 3396 0
3897 3396 0
3904 3397 0
3899 3400 0
3888 3405 0
3871 3412 0
3854 3420 0
3835 3430 0
3817 3442 0
3799 3453 0
3781 3465 0
3767 3476 0
3755 3485 0
3746 3492 0
3739 3499 0
3736 3503 0
3735 3507 0
3739 3510 0
.PEN_UP
.PEN_DOWN
3921 3392 0
3921 3388 0
3928 3383 0
3941 3378 0
3958 3373 0
3975 3367 0
3991 3360 0
4004 3351 0
4013 3342 0
4019 3334 0
4022 3327 0
4021 3320 0
4016 3316 0
4007 3315 0
3994 3316 0
3978 3319 0
3960 3325 0
3945 3333 0
3934 3342 0
3929 3352 0
3930 3363 0
3938 3372 0
3949 3382 0
3962 3392 0
3977 3402 0
3991 3412 0
4004 3422 0
4013 3432 0
4018 3440 0
4020 3448 0
4019 3455 0
4015 3463 0
4009 3471 0
4001 3479 0
3992 3486 0
3982 3493 0
3973 3499 0
3967 3505 0
3964 3510 0
3962 3515 0
3963 3521 0
3965 3526 0
3967 3529 0
3971 3531 0
3977 3531 0
3984 3530 0
3992 3528 0
4003 3526 0
4011 3523 0
4017 3520 0
4020 3518 0
4021 3514 0
4021 3510 0
4020 3506 0
4019 3500 0
.PEN_UP
.PEN_DOWN
3703 3280 0
3702 3277 0
3706 3273 0
3716 3268 0
3733 3264 0
3755 3260 0
3782 3256 0
3819 3252 0
3866 3249 0
3914 3246 0
3955 3243 0
3986 3239 0
4008 3236 0
4020 3234 0
4027 3233 0
4030 3232 0
4030 3232 0
.PEN_UP
