.VERSION 1.0 
.HIERARCHY CHARACTER
.COORD X Y T
.SEGMENT CHARACTER 0-2 OK "20"
.H_LINE 7874 8750
.V_LINE 499 1250
.X_DIM 750
.Y_DIM 875
.X_POINTS_PER_INCH 1000
.Y_POINTS_PER_INCH 1000
.POINTS_PER_SECOND 125
.COMMENT CALIB X: -5 Y: -123

.WRITER_INFO
 Name: SAI HARISH
 WriterId: 29
 Hand: right
 EducationLevel: college graduate
 Gender: male
 Profession: student
 Region: hyderabad
 Age: 22
 DeviceType: digimemo a402
 SkillDevice: average
 Language: hindi
 Script: indic
 Native: false
 Style: discrete
 UsageFreq: rarely
 Proficiency: average
 Date: 2007-6-15
 WritingInProfession: no

.PEN_DOWN
732 8185 0
731 8190 0
732 8196 0
733 8204 0
734 8212 0
735 8221 0
736 8229 0
737 8237 0
738 8245 0
739 8252 0
740 8257 0
741 8261 0
739 8258 0
737 8255 0
735 8252 0
731 8247 0
726 8242 0
721 8239 0
715 8237 0
706 8237 0
695 8240 0
678 8245 0
659 8251 0
639 8258 0
620 8265 0
605 8272 0
594 8279 0
588 8286 0
585 8294 0
586 8300 0
590 8305 0
597 8310 0
606 8316 0
617 8320 0
633 8323 0
651 8325 0
670 8327 0
691 8329 0
709 8330 0
724 8331 0
736 8333 0
744 8335 0
749 8337 0
751 8340 0
753 8346 0
754 8353 0
754 8362 0
752 8371 0
750 8380 0
746 8389 0
739 8399 0
729 8408 0
717 8417 0
704 8425 0
690 8432 0
671 8436 0
654 8438 0
639 8439 0
628 8438 0
622 8437 0
618 8435 0
617 8432 0
617 8429 0
620 8430 0
625 8433 0
634 8436 0
641 8439 0
648 8442 0
657 8446 0
664 8451 0
671 8456 0
677 8461 0
681 8465 0
684 8468 0
686 8472 0
689 8476 0
692 8480 0
694 8483 0
696 8486 0
698 8489 0
700 8485 0
701 8478 0
709 8468 0
.PEN_UP
.PEN_DOWN
726 8331 0
730 8330 0
733 8330 0
736 8330 0
740 8331 0
745 8332 0
753 8330 0
761 8326 0
773 8322 0
786 8318 0
801 8313 0
816 8308 0
828 8301 0
837 8294 0
843 8285 0
847 8275 0
848 8262 0
845 8248 0
840 8235 0
835 8225 0
830 8217 0
827 8212 0
825 8208 0
824 8212 0
823 8220 0
823 8229 0
823 8240 0
823 8251 0
823 8264 0
824 8282 0
825 8299 0
827 8317 0
828 8337 0
828 8358 0
826 8379 0
824 8398 0
823 8418 0
821 8435 0
820 8447 0
820 8454 0
820 8459 0
820 8455 0
820 8447 0
819 8440 0
816 8421 0
.PEN_UP
.PEN_DOWN
645 8119 0
642 8119 0
649 8120 0
662 8121 0
680 8122 0
704 8123 0
730 8124 0
756 8126 0
784 8128 0
816 8130 0
849 8131 0
884 8130 0
916 8128 0
941 8126 0
958 8124 0
970 8121 0
978 8119 0
982 8118 0
985 8117 0
988 8115 0
988 8115 0
.PEN_UP
