.VERSION 1.0 
.HIERARCHY CHARACTER
.COORD X Y T
.SEGMENT CHARACTER 0-2 OK "106"
.H_LINE 6249 7124
.V_LINE 1999 2749
.X_DIM 749
.Y_DIM 875
.X_POINTS_PER_INCH 1000
.Y_POINTS_PER_INCH 1000
.POINTS_PER_SECOND 125
.COMMENT CALIB X: -29 Y: -134

.WRITER_INFO
 Name: SAI HARISH
 WriterId: 29
 Hand: right
 EducationLevel: college graduate
 Gender: male
 Profession: student
 Region: hyderabad
 Age: 22
 DeviceType: digimemo a402
 SkillDevice: average
 Language: hindi
 Script: indic
 Native: false
 Style: discrete
 UsageFreq: rarely
 Proficiency: average
 Date: 2007-6-15
 WritingInProfession: no

.PEN_DOWN
2268 6550 0
2266 6553 0
2266 6559 0
2267 6567 0
2268 6577 0
2269 6586 0
2270 6598 0
2271 6611 0
2273 6625 0
2274 6636 0
2274 6643 0
2275 6648 0
2275 6651 0
2274 6648 0
2273 6644 0
2272 6637 0
2270 6630 0
2266 6624 0
2260 6619 0
2252 6616 0
2240 6615 0
2228 6616 0
2216 6618 0
2205 6622 0
2195 6627 0
2188 6632 0
2184 6638 0
2181 6646 0
2180 6656 0
2179 6667 0
2179 6679 0
2179 6690 0
2179 6700 0
2180 6709 0
2182 6717 0
2186 6724 0
2190 6729 0
2195 6733 0
2200 6736 0
2207 6740 0
2215 6743 0
2222 6746 0
2228 6748 0
2234 6749 0
2241 6750 0
2252 6750 0
2260 6750 0
2266 6750 0
2270 6750 0
2273 6751 0
2277 6752 0
2282 6753 0
2286 6754 0
2290 6754 0
2297 6754 0
2303 6754 0
2308 6754 0
2312 6755 0
2315 6756 0
2318 6757 0
2321 6759 0
2323 6762 0
2326 6764 0
2328 6767 0
2330 6770 0
2331 6773 0
2333 6777 0
2335 6780 0
2337 6783 0
2340 6786 0
2343 6788 0
2347 6790 0
2353 6791 0
2361 6791 0
2371 6789 0
2384 6787 0
2394 6785 0
2401 6783 0
2406 6781 0
2409 6779 0
2411 6773 0
2412 6765 0
2414 6755 0
2417 6741 0
2420 6723 0
2423 6702 0
2427 6679 0
2430 6659 0
2433 6643 0
2435 6631 0
2436 6622 0
2436 6614 0
2435 6608 0
2435 6605 0
2435 6602 0
2434 6597 0
2434 6590 0
2433 6584 0
2433 6579 0
2432 6575 0
2431 6569 0
2430 6562 0
2428 6556 0
2426 6552 0
2425 6549 0
2424 6554 0
2424 6563 0
2425 6578 0
2427 6595 0
2429 6615 0
2431 6637 0
2431 6661 0
2430 6687 0
2428 6710 0
2426 6732 0
2423 6752 0
2420 6768 0
2418 6782 0
2418 6795 0
2418 6806 0
2420 6817 0
2422 6829 0
2424 6839 0
2425 6846 0
2425 6851 0
2425 6855 0
2426 6850 0
2429 6845 0
.PEN_UP
.PEN_DOWN
2237 6747 0
2234 6747 0
2231 6747 0
2226 6750 0
2221 6753 0
2216 6758 0
2210 6765 0
2205 6772 0
2201 6779 0
2198 6788 0
2197 6796 0
2198 6806 0
2201 6816 0
2205 6826 0
2210 6837 0
2216 6849 0
2222 6861 0
2228 6873 0
2235 6885 0
2240 6895 0
2245 6905 0
2249 6912 0
2253 6918 0
2257 6922 0
2261 6924 0
2264 6925 0
2264 6922 0
2262 6917 0
2258 6914 0
.PEN_UP
.PEN_DOWN
2204 6531 0
2201 6531 0
2198 6531 0
2195 6531 0
2192 6531 0
2189 6531 0
2186 6531 0
2192 6534 0
2205 6535 0
2222 6536 0
2247 6536 0
2276 6535 0
2312 6534 0
2352 6532 0
2387 6531 0
2416 6530 0
2438 6529 0
2454 6528 0
2464 6526 0
2470 6525 0
2473 6525 0
2476 6524 0
2479 6522 0
.PEN_UP
