.VERSION 1.0 
.HIERARCHY CHARACTER
.COORD X Y T
.SEGMENT CHARACTER 0-2 OK "4"
.H_LINE 1374 2249
.V_LINE 6500 7250
.X_DIM 750
.Y_DIM 874
.X_POINTS_PER_INCH 1000
.Y_POINTS_PER_INCH 1000
.POINTS_PER_SECOND 125
.COMMENT CALIB X: 78 Y: -112

.WRITER_INFO
 Name: RAMAKRISHNA
 WriterId: 39
 Hand: right
 EducationLevel: post graduate
 Gender: male
 Profession: research scholar
 Region: visakhapatnam
 Age: 24
 DeviceType: digimemo a402
 SkillDevice: average
 Language: hindi
 Script: indic
 Native: false
 Style: discrete
 UsageFreq: rarely
 Proficiency: average
 Date: 2007-6-18
 WritingInProfession: no

.PEN_DOWN
6845 1786 0
6844 1789 0
6845 1796 0
6848 1803 0
6850 1810 0
6852 1816 0
6854 1824 0
6857 1832 0
6860 1840 0
6862 1848 0
6864 1855 0
6865 1859 0
6866 1862 0
6865 1858 0
6863 1855 0
6860 1852 0
6855 1850 0
6849 1848 0
6839 1849 0
6829 1850 0
6819 1852 0
6811 1855 0
6804 1859 0
6797 1863 0
6791 1868 0
6786 1873 0
6784 1878 0
6783 1882 0
6785 1886 0
6790 1891 0
6796 1895 0
6803 1899 0
6812 1903 0
6822 1907 0
6832 1912 0
6841 1917 0
6851 1921 0
6859 1926 0
6865 1932 0
6869 1940 0
6870 1946 0
6870 1953 0
6868 1961 0
6865 1969 0
6859 1976 0
6854 1982 0
6845 1986 0
6838 1989 0
6830 1991 0
6821 1993 0
6811 1994 0
6800 1994 0
6793 1993 0
6788 1992 0
6790 1988 0
6795 1984 0
6802 1981 0
6810 1980 0
6819 1981 0
6828 1985 0
6838 1989 0
6849 1995 0
6861 2002 0
6871 2011 0
6878 2018 0
6884 2024 0
6888 2029 0
6891 2033 0
6894 2036 0
6897 2038 0
6901 2037 0
6904 2030 0
.PEN_UP
.PEN_DOWN
6787 1801 0
6793 1799 0
6802 1797 0
6815 1795 0
6830 1793 0
6847 1791 0
6862 1789 0
6876 1788 0
6886 1787 0
6893 1786 0
6896 1785 0
6891 1787 0
.PEN_UP
.PEN_DOWN
6835 1776 0
6833 1773 0
6832 1769 0
6831 1763 0
6830 1756 0
6830 1747 0
6830 1738 0
6831 1728 0
6833 1716 0
6836 1705 0
6840 1694 0
6847 1684 0
6857 1678 0
6867 1675 0
6879 1674 0
6889 1676 0
6898 1680 0
6903 1685 0
6906 1692 0
6907 1703 0
6903 1708 0
.PEN_UP
