.VERSION 1.0 
.HIERARCHY CHARACTER
.COORD X Y T
.SEGMENT CHARACTER 0-3 OK "7"
.H_LINE 2999 3874
.V_LINE 3500 4250
.X_DIM 750
.Y_DIM 874
.X_POINTS_PER_INCH 1000
.Y_POINTS_PER_INCH 1000
.POINTS_PER_SECOND 125
.COMMENT CALIB X: 58 Y: -87

.WRITER_INFO
 Name: RAMAKRISHNA
 WriterId: 39
 Hand: right
 EducationLevel: post graduate
 Gender: male
 Profession: research scholar
 Region: visakhapatnam
 Age: 24
 DeviceType: digimemo a402
 SkillDevice: average
 Language: hindi
 Script: indic
 Native: false
 Style: discrete
 UsageFreq: rarely
 Proficiency: average
 Date: 2007-6-18
 WritingInProfession: no

.PEN_DOWN
3880 3388 0
3877 3386 0
3876 3392 0
3877 3399 0
3878 3408 0
3878 3420 0
3879 3436 0
3879 3454 0
3880 3473 0
3881 3492 0
3881 3509 0
3882 3525 0
3883 3537 0
3883 3547 0
3884 3555 0
3885 3561 0
3885 3565 0
3881 3566 0
.PEN_UP
.PEN_DOWN
3810 3465 0
3810 3468 0
3812 3471 0
3818 3474 0
3825 3477 0
3835 3480 0
3847 3483 0
3859 3486 0
3872 3488 0
3883 3490 0
3889 3491 0
3892 3491 0
3888 3495 0
3883 3498 0
3879 3500 0
3873 3505 0
3865 3510 0
3858 3516 0
3849 3524 0
3839 3531 0
3831 3539 0
3821 3547 0
3813 3553 0
3806 3558 0
3800 3562 0
3796 3564 0
3796 3564 0
.PEN_UP
.PEN_DOWN
3882 3507 0
3885 3501 0
3891 3496 0
3900 3492 0
3912 3487 0
3927 3482 0
3941 3477 0
3953 3470 0
3963 3463 0
3972 3457 0
3978 3452 0
3981 3449 0
3977 3451 0
3972 3455 0
3967 3461 0
3962 3467 0
3958 3472 0
3954 3479 0
3951 3486 0
3950 3495 0
3952 3504 0
3955 3513 0
3960 3522 0
3966 3530 0
3973 3538 0
3980 3545 0
3985 3551 0
3989 3556 0
3991 3559 0
3990 3562 0
3986 3564 0
3981 3565 0
3974 3566 0
3966 3567 0
3956 3568 0
3946 3568 0
.PEN_UP
.PEN_DOWN
3838 3393 0
3835 3392 0
3832 3391 0
3836 3388 0
3845 3385 0
3859 3382 0
3877 3379 0
3901 3376 0
3928 3373 0
3951 3372 0
3970 3371 0
3983 3370 0
3992 3370 0
3996 3369 0
.PEN_UP
