.VERSION 1.0 
.HIERARCHY CHARACTER
.COORD X Y T
.SEGMENT CHARACTER 0-2 OK "102"
.H_LINE 4624 5499
.V_LINE 3500 4250
.X_DIM 750
.Y_DIM 874
.X_POINTS_PER_INCH 1000
.Y_POINTS_PER_INCH 1000
.POINTS_PER_SECOND 125
.COMMENT CALIB X: 27 Y: -119

.WRITER_INFO
 Name: RAMAKRISHNA
 WriterId: 39
 Hand: right
 EducationLevel: post graduate
 Gender: male
 Profession: research scholar
 Region: visakhapatnam
 Age: 24
 DeviceType: digimemo a402
 SkillDevice: average
 Language: hindi
 Script: indic
 Native: false
 Style: discrete
 UsageFreq: rarely
 Proficiency: average
 Date: 2007-6-18
 WritingInProfession: no

.PEN_DOWN
3864 5003 0
3861 5003 0
3859 5007 0
3858 5013 0
3859 5022 0
3861 5031 0
3862 5039 0
3864 5046 0
3867 5053 0
3870 5058 0
3872 5061 0
3874 5064 0
3870 5062 0
3865 5061 0
3858 5060 0
3846 5061 0
3834 5064 0
3822 5068 0
3813 5075 0
3805 5082 0
3799 5092 0
3793 5104 0
3790 5115 0
3789 5125 0
3791 5135 0
3794 5144 0
3799 5152 0
3808 5159 0
3821 5164 0
3836 5166 0
3851 5166 0
3865 5164 0
3877 5160 0
3887 5154 0
3894 5149 0
3898 5145 0
3897 5148 0
3896 5153 0
3894 5162 0
3892 5176 0
3890 5191 0
3888 5206 0
3887 5220 0
3887 5233 0
3887 5243 0
3887 5251 0
3888 5257 0
3889 5260 0
3888 5255 0
.PEN_UP
.PEN_DOWN
3787 5184 0
3790 5184 0
3792 5177 0
3793 5172 0
3792 5169 0
3788 5168 0
3782 5169 0
3774 5172 0
3766 5176 0
3758 5182 0
3752 5186 0
3749 5189 0
3748 5192 0
3751 5196 0
3755 5201 0
3763 5205 0
3772 5209 0
3780 5213 0
3786 5216 0
3792 5218 0
3795 5219 0
3798 5220 0
3798 5224 0
3797 5228 0
3795 5231 0
3794 5236 0
3793 5242 0
3793 5247 0
3793 5251 0
3795 5254 0
3799 5255 0
3805 5255 0
3814 5254 0
3826 5252 0
3838 5249 0
3848 5245 0
3855 5241 0
3860 5237 0
3862 5234 0
3863 5231 0
3865 5228 0
3867 5225 0
3871 5222 0
3876 5219 0
3883 5216 0
3887 5214 0
3890 5212 0
3890 5212 0
.PEN_UP
.PEN_DOWN
3770 5033 0
3764 5031 0
3758 5029 0
3752 5027 0
3748 5026 0
3756 5023 0
3769 5021 0
3788 5020 0
3812 5021 0
3840 5021 0
3872 5022 0
3904 5022 0
3934 5022 0
3956 5023 0
3971 5023 0
3980 5023 0
3983 5023 0
3983 5023 0
.PEN_UP
