.VERSION 1.0 
.HIERARCHY CHARACTER
.COORD X Y T
.SEGMENT CHARACTER 0-2 OK "108"
.H_LINE 6249 7124
.V_LINE 5000 5750
.X_DIM 750
.Y_DIM 875
.X_POINTS_PER_INCH 1000
.Y_POINTS_PER_INCH 1000
.POINTS_PER_SECOND 125
.COMMENT CALIB X: 59 Y: -118

.WRITER_INFO
 Name: RAMAKRISHNA
 WriterId: 39
 Hand: right
 EducationLevel: post graduate
 Gender: male
 Profession: research scholar
 Region: visakhapatnam
 Age: 24
 DeviceType: digimemo a402
 SkillDevice: average
 Language: hindi
 Script: indic
 Native: false
 Style: discrete
 UsageFreq: rarely
 Proficiency: average
 Date: 2007-6-18
 WritingInProfession: no

.PEN_DOWN
5393 6542 0
5391 6545 0
5390 6548 0
5390 6553 0
5391 6560 0
5391 6569 0
5391 6579 0
5391 6591 0
5392 6604 0
5392 6615 0
5392 6624 0
5393 6631 0
5393 6636 0
5391 6633 0
5386 6631 0
5379 6629 0
5371 6627 0
5365 6627 0
5359 6628 0
5352 6629 0
5347 6631 0
5341 6634 0
5337 6640 0
5332 6646 0
5329 6650 0
5328 6655 0
5327 6662 0
5327 6668 0
5329 6676 0
5332 6683 0
5336 6689 0
5341 6693 0
5349 6696 0
5359 6698 0
5369 6699 0
5378 6700 0
5386 6700 0
5393 6699 0
5400 6699 0
5404 6698 0
5401 6698 0
5398 6698 0
5391 6698 0
5382 6698 0
5373 6697 0
5364 6696 0
5354 6696 0
5344 6696 0
5336 6697 0
5328 6700 0
5321 6705 0
5316 6712 0
5311 6719 0
5307 6728 0
5305 6739 0
5305 6750 0
5306 6762 0
5309 6774 0
5313 6785 0
5319 6794 0
5325 6801 0
5331 6806 0
5336 6809 0
5340 6811 0
5343 6812 0
5346 6813 0
5349 6812 0
5352 6810 0
5355 6809 0
5359 6808 0
5362 6804 0
.PEN_UP
.PEN_DOWN
5395 6713 0
5391 6708 0
5388 6705 0
5386 6702 0
5389 6700 0
5394 6699 0
5402 6698 0
5410 6699 0
5418 6702 0
5425 6707 0
5430 6715 0
5433 6724 0
5434 6735 0
5431 6747 0
5426 6758 0
5420 6767 0
5415 6775 0
5412 6781 0
5410 6786 0
5411 6790 0
5414 6793 0
5420 6795 0
5430 6795 0
5445 6793 0
5462 6790 0
5478 6785 0
5491 6779 0
5501 6771 0
5508 6764 0
5512 6757 0
5514 6751 0
5515 6747 0
5515 6743 0
5515 6740 0
5515 6740 0
.PEN_UP
.PEN_DOWN
5310 6543 0
5306 6541 0
5301 6540 0
5297 6539 0
5301 6540 0
5311 6540 0
5327 6539 0
5352 6541 0
5386 6542 0
5427 6544 0
5467 6546 0
5502 6548 0
5531 6550 0
5551 6551 0
5567 6552 0
5578 6550 0
5585 6554 0
.PEN_UP
