.VERSION 1.0 
.HIERARCHY CHARACTER
.COORD X Y T
.SEGMENT CHARACTER 0-3 OK "7"
.H_LINE 2999 3874
.V_LINE 3500 4250
.X_DIM 750
.Y_DIM 874
.X_POINTS_PER_INCH 1000
.Y_POINTS_PER_INCH 1000
.POINTS_PER_SECOND 125
.COMMENT CALIB X: -24 Y: -98

.WRITER_INFO
 Name: VIVEK THACKER
 WriterId: 97
 Hand: right
 EducationLevel: college graduate
 Gender: male
 Profession: student
 Region: orissa
 Age: 22
 DeviceType: digimemo a402
 SkillDevice: average
 Language: hindi
 Script: indic
 Native: true
 Style: discrete
 UsageFreq: once a month
 Proficiency: average
 Date: 2007-8-16
 WritingInProfession: no

.PEN_DOWN
3809 3340 0
3810 3343 0
3812 3348 0
3813 3354 0
3815 3361 0
3816 3371 0
3818 3383 0
3821 3396 0
3823 3411 0
3826 3428 0
3829 3445 0
3832 3462 0
3834 3479 0
3836 3493 0
3839 3505 0
3842 3517 0
3844 3528 0
3846 3537 0
3847 3544 0
3848 3549 0
3848 3554 0
3849 3557 0
3849 3554 0
3849 3549 0
.PEN_UP
.PEN_DOWN
3730 3403 0
3733 3404 0
3737 3406 0
3741 3410 0
3747 3414 0
3753 3418 0
3762 3423 0
3771 3428 0
3778 3432 0
3787 3436 0
3798 3439 0
3809 3443 0
3820 3446 0
3827 3448 0
3832 3449 0
3835 3450 0
3832 3453 0
3829 3456 0
3825 3460 0
3819 3465 0
3812 3472 0
3804 3481 0
3793 3491 0
3782 3501 0
3772 3511 0
3762 3520 0
3755 3528 0
3749 3535 0
3744 3541 0
3740 3545 0
3738 3548 0
3737 3545 0
.PEN_UP
.PEN_DOWN
3841 3429 0
3848 3429 0
3857 3429 0
3867 3430 0
3874 3430 0
3882 3430 0
3890 3430 0
3897 3430 0
3903 3430 0
3907 3430 0
3910 3425 0
3913 3422 0
3916 3419 0
3919 3416 0
3922 3413 0
3925 3410 0
3928 3407 0
3931 3403 0
3933 3399 0
3935 3394 0
3936 3390 0
3937 3386 0
3937 3382 0
3937 3378 0
3937 3375 0
3933 3373 0
3929 3371 0
3926 3372 0
3923 3373 0
3920 3375 0
3917 3377 0
3914 3379 0
3911 3382 0
3908 3386 0
3906 3391 0
3905 3395 0
3905 3399 0
3904 3403 0
3905 3407 0
3906 3412 0
3907 3416 0
3908 3420 0
3910 3425 0
3912 3429 0
3915 3433 0
3918 3437 0
3920 3440 0
3923 3443 0
3926 3447 0
3930 3451 0
3934 3455 0
3937 3458 0
3941 3461 0
3945 3464 0
3948 3467 0
3950 3470 0
3953 3472 0
3955 3475 0
3957 3478 0
3959 3481 0
3961 3484 0
3963 3487 0
3965 3490 0
3967 3493 0
3968 3496 0
3968 3496 0
.PEN_UP
.PEN_DOWN
3968 3494 0
3967 3491 0
3966 3488 0
3964 3485 0
3961 3484 0
3957 3485 0
3953 3488 0
3949 3492 0
3944 3497 0
3940 3503 0
3937 3509 0
3935 3517 0
3934 3524 0
3934 3530 0
3935 3534 0
3936 3538 0
3939 3542 0
3944 3546 0
3949 3549 0
3954 3551 0
3959 3553 0
3965 3554 0
3972 3554 0
3980 3554 0
3987 3554 0
3993 3554 0
3997 3554 0
4000 3553 0
4002 3550 0
4003 3547 0
4033 3546 0
.PEN_UP
