.VERSION 1.0 
.HIERARCHY CHARACTER
.COORD X Y T
.SEGMENT CHARACTER 0-1 OK "28"
.H_LINE 9500 10374
.V_LINE 5000 5750
.X_DIM 750
.Y_DIM 874
.X_POINTS_PER_INCH 1000
.Y_POINTS_PER_INCH 1000
.POINTS_PER_SECOND 125
.COMMENT CALIB X: -38 Y: -126

.WRITER_INFO
 Name: VIVEK THACKER
 WriterId: 97
 Hand: right
 EducationLevel: college graduate
 Gender: male
 Profession: student
 Region: orissa
 Age: 22
 DeviceType: digimemo a402
 SkillDevice: average
 Language: hindi
 Script: indic
 Native: true
 Style: discrete
 UsageFreq: once a month
 Proficiency: average
 Date: 2007-8-16
 WritingInProfession: no

.PEN_DOWN
5266 9824 0
5263 9826 0
5259 9830 0
5256 9832 0
5253 9833 0
5250 9833 0
5247 9832 0
5244 9830 0
5242 9827 0
5240 9822 0
5239 9816 0
5237 9810 0
5236 9805 0
5236 9802 0
5237 9799 0
5239 9796 0
5243 9794 0
5250 9793 0
5257 9794 0
5266 9795 0
5274 9797 0
5282 9800 0
5289 9805 0
5295 9810 0
5299 9817 0
5302 9824 0
5302 9834 0
5300 9845 0
5297 9856 0
5291 9869 0
5285 9882 0
5277 9895 0
5270 9909 0
5264 9923 0
5258 9935 0
5254 9946 0
5251 9958 0
5249 9967 0
5247 9976 0
5247 9984 0
5247 9990 0
5249 9996 0
5253 10001 0
5258 10004 0
5266 10005 0
5277 10005 0
5292 10002 0
5310 9997 0
5331 9989 0
5351 9979 0
5370 9966 0
5385 9950 0
5397 9929 0
5405 9908 0
5410 9888 0
5413 9872 0
5413 9860 0
5412 9853 0
5410 9848 0
5408 9852 0
5407 9857 0
5407 9863 0
5407 9872 0
5409 9885 0
5411 9898 0
5414 9914 0
5416 9930 0
5419 9944 0
5421 9957 0
5425 9969 0
5429 9981 0
5432 9991 0
5434 9999 0
5436 10005 0
5437 10009 0
5437 10012 0
5436 10008 0
.PEN_UP
.PEN_DOWN
5361 9809 0
5365 9808 0
5373 9807 0
5383 9806 0
5396 9806 0
5410 9807 0
5423 9809 0
5435 9811 0
5446 9814 0
5455 9817 0
5463 9819 0
5470 9820 0
.PEN_UP
