.VERSION 1.0 
.HIERARCHY CHARACTER
.COORD X Y T
.SEGMENT CHARACTER 0-1 OK "30"
.H_LINE 1374 2249
.V_LINE 499 1250
.X_DIM 750
.Y_DIM 874
.X_POINTS_PER_INCH 1000
.Y_POINTS_PER_INCH 1000
.POINTS_PER_SECOND 125
.COMMENT CALIB X: -32 Y: -130

.WRITER_INFO
 Name: VIVEK THACKER
 WriterId: 97
 Hand: right
 EducationLevel: college graduate
 Gender: male
 Profession: student
 Region: orissa
 Age: 22
 DeviceType: digimemo a402
 SkillDevice: average
 Language: hindi
 Script: indic
 Native: true
 Style: discrete
 UsageFreq: once a month
 Proficiency: average
 Date: 2007-8-16
 WritingInProfession: no

.PEN_DOWN
796 1686 0
797 1689 0
800 1692 0
803 1694 0
807 1695 0
812 1695 0
817 1694 0
821 1693 0
825 1691 0
828 1689 0
830 1685 0
831 1680 0
830 1674 0
826 1670 0
821 1666 0
814 1663 0
806 1663 0
795 1666 0
783 1673 0
772 1680 0
762 1688 0
755 1697 0
750 1706 0
749 1716 0
749 1727 0
752 1737 0
757 1746 0
762 1754 0
770 1760 0
780 1764 0
792 1766 0
802 1767 0
809 1767 0
813 1766 0
809 1764 0
802 1764 0
792 1766 0
783 1770 0
774 1775 0
767 1780 0
761 1785 0
758 1791 0
757 1797 0
758 1803 0
763 1810 0
771 1816 0
783 1821 0
800 1823 0
821 1823 0
845 1819 0
869 1814 0
890 1808 0
907 1801 0
922 1790 0
934 1778 0
942 1765 0
946 1751 0
947 1737 0
947 1726 0
946 1719 0
945 1715 0
944 1712 0
942 1715 0
942 1719 0
942 1726 0
944 1736 0
945 1745 0
947 1754 0
949 1764 0
951 1775 0
952 1785 0
954 1794 0
957 1804 0
959 1812 0
960 1819 0
962 1826 0
963 1831 0
963 1835 0
963 1832 0
963 1824 0
.PEN_UP
.PEN_DOWN
871 1694 0
876 1692 0
884 1690 0
894 1688 0
907 1688 0
922 1688 0
934 1689 0
944 1690 0
952 1691 0
961 1692 0
967 1694 0
972 1696 0
976 1698 0
978 1704 0
979 1707 0
.PEN_UP
