.VERSION 1.0 
.HIERARCHY CHARACTER
.COORD X Y T
.SEGMENT CHARACTER 0-2 OK "33"
.H_LINE 1374 2249
.V_LINE 5000 5750
.X_DIM 750
.Y_DIM 874
.X_POINTS_PER_INCH 1000
.Y_POINTS_PER_INCH 1000
.POINTS_PER_SECOND 125
.COMMENT CALIB X: -26 Y: -116

.WRITER_INFO
 Name: VIVEK THACKER
 WriterId: 97
 Hand: right
 EducationLevel: college graduate
 Gender: male
 Profession: student
 Region: orissa
 Age: 22
 DeviceType: digimemo a402
 SkillDevice: average
 Language: hindi
 Script: indic
 Native: true
 Style: discrete
 UsageFreq: once a month
 Proficiency: average
 Date: 2007-8-16
 WritingInProfession: no

.PEN_DOWN
5265 1729 0
5265 1726 0
5265 1729 0
5265 1734 0
5264 1742 0
5263 1753 0
5263 1764 0
5262 1776 0
5263 1788 0
5265 1799 0
5266 1810 0
5268 1820 0
5271 1830 0
5274 1840 0
5278 1849 0
5283 1855 0
5288 1860 0
5294 1863 0
5300 1865 0
5307 1865 0
5314 1863 0
5321 1859 0
5327 1853 0
5332 1846 0
5337 1838 0
5341 1828 0
5344 1819 0
5347 1807 0
5350 1795 0
5352 1787 0
5353 1781 0
5353 1777 0
5353 1780 0
5353 1785 0
5354 1791 0
5356 1797 0
5358 1803 0
5360 1809 0
5363 1816 0
5365 1824 0
5368 1833 0
5370 1842 0
5373 1852 0
5375 1861 0
5377 1871 0
5379 1879 0
5381 1886 0
5382 1894 0
5383 1901 0
5384 1906 0
5385 1909 0
5391 1907 0
.PEN_UP
.PEN_DOWN
5377 1841 0
5380 1835 0
5386 1830 0
5394 1826 0
5401 1823 0
5405 1823 0
5410 1823 0
5415 1823 0
5419 1823 0
5422 1825 0
5426 1828 0
5431 1832 0
5437 1836 0
5444 1840 0
5449 1845 0
5453 1850 0
5455 1854 0
5457 1858 0
5458 1862 0
5459 1865 0
5460 1868 0
5460 1868 0
.PEN_UP
.PEN_DOWN
5189 1739 0
5189 1736 0
5193 1733 0
5198 1731 0
5207 1729 0
5220 1728 0
5238 1728 0
5261 1729 0
5287 1730 0
5318 1732 0
5352 1734 0
5384 1735 0
5411 1736 0
5431 1737 0
5442 1738 0
5448 1738 0
5451 1738 0
5451 1742 0
5451 1742 0
.PEN_UP
