.VERSION 1.0 
.HIERARCHY CHARACTER
.COORD X Y T
.SEGMENT CHARACTER 0-2 OK "36"
.H_LINE 2999 3874
.V_LINE 1999 2749
.X_DIM 749
.Y_DIM 874
.X_POINTS_PER_INCH 1000
.Y_POINTS_PER_INCH 1000
.POINTS_PER_SECOND 125
.COMMENT CALIB X: -29 Y: -66

.WRITER_INFO
 Name: VIVEK THACKER
 WriterId: 97
 Hand: right
 EducationLevel: college graduate
 Gender: male
 Profession: student
 Region: orissa
 Age: 22
 DeviceType: digimemo a402
 SkillDevice: average
 Language: hindi
 Script: indic
 Native: true
 Style: discrete
 UsageFreq: once a month
 Proficiency: average
 Date: 2007-8-16
 WritingInProfession: no

.PEN_DOWN
2304 3387 0
2302 3384 0
2304 3388 0
2307 3395 0
2311 3405 0
2315 3417 0
2321 3433 0
2327 3451 0
2332 3470 0
2337 3488 0
2341 3507 0
2345 3523 0
2348 3538 0
2349 3550 0
2349 3559 0
2347 3566 0
2342 3571 0
2333 3573 0
2321 3573 0
2307 3571 0
2292 3568 0
2279 3561 0
2266 3553 0
2256 3544 0
2250 3535 0
2246 3526 0
2244 3516 0
2245 3507 0
2249 3497 0
2258 3487 0
2272 3478 0
2289 3470 0
2312 3463 0
2336 3456 0
2359 3450 0
2380 3444 0
2396 3438 0
2407 3433 0
2415 3430 0
2420 3427 0
2423 3426 0
2426 3428 0
2428 3433 0
2431 3441 0
2435 3451 0
2439 3462 0
2443 3477 0
2447 3490 0
2450 3502 0
2453 3514 0
2457 3526 0
2461 3537 0
2464 3546 0
2466 3553 0
2468 3559 0
2470 3563 0
2471 3567 0
2472 3561 0
.PEN_UP
.PEN_DOWN
2255 3382 0
2251 3380 0
2255 3377 0
2265 3376 0
2281 3376 0
2301 3377 0
2328 3377 0
2361 3378 0
2392 3379 0
2421 3381 0
2445 3382 0
2463 3383 0
2475 3385 0
2483 3386 0
2487 3387 0
2491 3385 0
.PEN_UP
.PEN_DOWN
2417 3390 0
2417 3395 0
2418 3401 0
2419 3408 0
2421 3417 0
2424 3425 0
2427 3433 0
2430 3440 0
2433 3447 0
2436 3453 0
2441 3454 0
.PEN_UP
