.VERSION 1.0 
.HIERARCHY CHARACTER
.COORD X Y T
.SEGMENT CHARACTER 0-2 OK "45"
.H_LINE 6249 7124
.V_LINE 499 1250
.X_DIM 750
.Y_DIM 875
.X_POINTS_PER_INCH 1000
.Y_POINTS_PER_INCH 1000
.POINTS_PER_SECOND 125
.COMMENT CALIB X: -3 Y: -64

.WRITER_INFO
 Name: VIVEK THACKER
 WriterId: 97
 Hand: right
 EducationLevel: college graduate
 Gender: male
 Profession: student
 Region: orissa
 Age: 22
 DeviceType: digimemo a402
 SkillDevice: average
 Language: hindi
 Script: indic
 Native: true
 Style: discrete
 UsageFreq: once a month
 Proficiency: average
 Date: 2007-8-16
 WritingInProfession: no

.PEN_DOWN
966 6611 0
968 6616 0
970 6624 0
972 6635 0
974 6649 0
976 6663 0
978 6681 0
980 6700 0
982 6718 0
983 6736 0
985 6751 0
986 6766 0
987 6778 0
989 6787 0
991 6793 0
992 6796 0
991 6788 0
.PEN_UP
.PEN_DOWN
981 6680 0
981 6683 0
981 6686 0
981 6689 0
981 6692 0
981 6695 0
971 6697 0
963 6698 0
957 6699 0
949 6700 0
940 6701 0
928 6701 0
916 6700 0
908 6698 0
899 6694 0
888 6690 0
880 6685 0
872 6677 0
864 6668 0
859 6660 0
855 6652 0
852 6645 0
852 6639 0
853 6634 0
856 6629 0
862 6624 0
868 6619 0
874 6616 0
880 6614 0
883 6613 0
880 6615 0
876 6618 0
871 6621 0
866 6626 0
860 6633 0
853 6640 0
847 6647 0
841 6655 0
834 6665 0
828 6673 0
822 6682 0
817 6694 0
811 6706 0
808 6718 0
807 6731 0
806 6744 0
805 6756 0
806 6765 0
808 6773 0
811 6781 0
816 6788 0
821 6793 0
827 6797 0
833 6799 0
840 6800 0
849 6798 0
859 6794 0
867 6790 0
875 6784 0
881 6777 0
885 6769 0
887 6759 0
887 6750 0
885 6743 0
882 6739 0
879 6736 0
876 6741 0
875 6747 0
874 6754 0
873 6762 0
874 6770 0
876 6778 0
879 6784 0
882 6790 0
887 6795 0
892 6798 0
898 6800 0
907 6800 0
920 6798 0
.PEN_UP
.PEN_DOWN
938 6595 0
943 6595 0
951 6596 0
961 6597 0
970 6598 0
979 6598 0
988 6599 0
995 6599 0
1001 6599 0
1007 6600 0
1011 6601 0
1014 6601 0
1017 6602 0
.PEN_UP
