.VERSION 1.0 
.HIERARCHY CHARACTER
.COORD X Y T
.SEGMENT CHARACTER 0-1 OK "61"
.H_LINE 1374 2249
.V_LINE 1999 2749
.X_DIM 749
.Y_DIM 874
.X_POINTS_PER_INCH 1000
.Y_POINTS_PER_INCH 1000
.POINTS_PER_SECOND 125
.COMMENT CALIB X: -27 Y: -79

.WRITER_INFO
 Name: VIVEK THACKER
 WriterId: 97
 Hand: right
 EducationLevel: college graduate
 Gender: male
 Profession: student
 Region: orissa
 Age: 22
 DeviceType: digimemo a402
 SkillDevice: average
 Language: hindi
 Script: indic
 Native: true
 Style: discrete
 UsageFreq: once a month
 Proficiency: average
 Date: 2007-8-16
 WritingInProfession: no

.PEN_DOWN
2610 1800 0
2603 1800 0
2598 1800 0
2594 1800 0
2591 1802 0
2587 1805 0
2583 1808 0
2580 1811 0
2578 1815 0
2576 1819 0
2576 1823 0
2576 1827 0
2577 1831 0
2579 1834 0
2581 1837 0
2584 1840 0
2588 1843 0
2593 1845 0
2599 1846 0
2606 1846 0
2613 1847 0
2619 1847 0
2625 1846 0
2631 1844 0
2637 1842 0
2642 1839 0
2646 1836 0
2649 1833 0
2652 1830 0
2654 1827 0
2655 1824 0
2654 1821 0
2653 1817 0
2652 1814 0
2650 1811 0
2647 1808 0
2644 1804 0
2640 1799 0
2636 1795 0
2632 1792 0
2627 1790 0
2620 1788 0
2613 1786 0
2607 1785 0
2603 1785 0
2602 1782 0
2607 1780 0
.PEN_UP
.PEN_DOWN
2618 1883 0
2609 1882 0
2604 1881 0
2600 1881 0
2597 1882 0
2594 1884 0
2591 1887 0
2588 1892 0
2586 1897 0
2584 1902 0
2583 1906 0
2583 1911 0
2584 1916 0
2585 1921 0
2587 1926 0
2589 1930 0
2592 1933 0
2596 1937 0
2601 1940 0
2607 1943 0
2614 1944 0
2620 1945 0
2626 1945 0
2631 1944 0
2637 1942 0
2642 1940 0
2646 1937 0
2649 1934 0
2651 1930 0
2653 1926 0
2654 1922 0
2655 1917 0
2656 1912 0
2656 1906 0
2656 1901 0
2655 1897 0
2654 1893 0
2653 1890 0
2651 1887 0
2648 1884 0
2644 1882 0
2641 1880 0
2637 1878 0
2633 1877 0
2630 1875 0
2627 1874 0
2624 1873 0
2624 1873 0
.PEN_UP
