.VERSION 1.0 
.HIERARCHY CHARACTER
.COORD X Y T
.SEGMENT CHARACTER 0-2 OK "66"
.H_LINE 2999 3874
.V_LINE 1999 2749
.X_DIM 749
.Y_DIM 874
.X_POINTS_PER_INCH 1000
.Y_POINTS_PER_INCH 1000
.POINTS_PER_SECOND 125
.COMMENT CALIB X: -40 Y: -136

.WRITER_INFO
 Name: VIVEK THACKER
 WriterId: 97
 Hand: right
 EducationLevel: college graduate
 Gender: male
 Profession: student
 Region: orissa
 Age: 22
 DeviceType: digimemo a402
 SkillDevice: average
 Language: hindi
 Script: indic
 Native: true
 Style: discrete
 UsageFreq: once a month
 Proficiency: average
 Date: 2007-8-16
 WritingInProfession: no

.PEN_DOWN
2251 3297 0
2255 3294 0
2262 3290 0
2270 3287 0
2280 3286 0
2290 3286 0
2300 3288 0
2311 3290 0
2319 3293 0
2326 3298 0
2331 3304 0
2334 3312 0
2335 3321 0
2333 3331 0
2329 3342 0
2323 3355 0
2315 3370 0
2305 3385 0
2294 3403 0
2285 3420 0
2278 3434 0
2274 3446 0
2271 3454 0
2270 3461 0
2270 3466 0
2272 3470 0
2275 3473 0
2280 3475 0
2288 3476 0
2296 3476 0
2307 3476 0
2320 3475 0
2333 3473 0
2344 3471 0
2352 3469 0
2357 3468 0
2360 3467 0
2361 3464 0
2362 3460 0
2362 3457 0
2362 3449 0
.PEN_UP
.PEN_DOWN
2373 3337 0
2373 3343 0
2366 3350 0
2362 3358 0
2360 3365 0
2360 3374 0
2361 3382 0
2364 3391 0
2368 3399 0
2373 3406 0
2378 3412 0
2383 3416 0
2389 3418 0
2396 3418 0
2404 3415 0
2411 3412 0
2416 3407 0
2419 3402 0
2421 3397 0
2422 3389 0
2421 3380 0
2419 3370 0
2415 3360 0
2411 3352 0
2407 3346 0
2402 3342 0
2397 3339 0
2394 3338 0
2391 3337 0
.PEN_UP
.PEN_DOWN
2213 3273 0
2217 3273 0
2225 3273 0
2237 3273 0
2251 3273 0
2270 3272 0
2289 3272 0
2310 3272 0
2331 3271 0
2349 3270 0
2363 3269 0
2373 3269 0
2378 3269 0
2381 3268 0
2381 3268 0
.PEN_UP
