.VERSION 1.0 
.HIERARCHY CHARACTER
.COORD X Y T
.SEGMENT CHARACTER 0-2 OK "102"
.H_LINE 4624 5499
.V_LINE 3500 4250
.X_DIM 750
.Y_DIM 874
.X_POINTS_PER_INCH 1000
.Y_POINTS_PER_INCH 1000
.POINTS_PER_SECOND 125
.COMMENT CALIB X: -13 Y: -86

.WRITER_INFO
 Name: VIVEK THACKER
 WriterId: 97
 Hand: right
 EducationLevel: college graduate
 Gender: male
 Profession: student
 Region: orissa
 Age: 22
 DeviceType: digimemo a402
 SkillDevice: average
 Language: hindi
 Script: indic
 Native: true
 Style: discrete
 UsageFreq: once a month
 Proficiency: average
 Date: 2007-8-16
 WritingInProfession: no

.PEN_DOWN
3831 4979 0
3833 4983 0
3835 4990 0
3838 4998 0
3841 5006 0
3843 5014 0
3845 5023 0
3847 5032 0
3850 5041 0
3851 5048 0
3853 5053 0
3854 5058 0
3855 5061 0
3855 5057 0
3854 5054 0
3852 5051 0
3849 5050 0
3844 5050 0
3837 5051 0
3829 5052 0
3822 5054 0
3813 5058 0
3806 5063 0
3800 5070 0
3796 5077 0
3793 5085 0
3791 5092 0
3790 5100 0
3790 5109 0
3792 5118 0
3796 5127 0
3801 5136 0
3807 5145 0
3815 5152 0
3824 5158 0
3833 5162 0
3842 5164 0
3851 5165 0
3859 5164 0
3865 5162 0
3870 5160 0
3873 5157 0
3876 5153 0
3878 5149 0
3879 5146 0
3879 5143 0
3878 5140 0
3875 5138 0
3872 5136 0
3868 5137 0
3863 5140 0
3859 5143 0
3855 5149 0
3852 5155 0
3850 5160 0
3849 5166 0
3849 5172 0
3850 5179 0
3853 5186 0
3856 5192 0
3859 5198 0
3862 5205 0
3864 5210 0
3867 5216 0
3870 5220 0
3873 5224 0
3876 5227 0
3880 5230 0
3883 5232 0
3886 5233 0
3889 5233 0
3892 5233 0
3896 5233 0
3898 5228 0
.PEN_UP
.PEN_DOWN
3739 5115 0
3742 5114 0
3745 5113 0
3748 5112 0
3751 5110 0
3754 5106 0
3755 5103 0
3756 5100 0
3755 5097 0
3752 5095 0
3748 5093 0
3743 5092 0
3738 5092 0
3732 5095 0
3726 5097 0
3720 5100 0
3715 5105 0
3711 5112 0
3709 5119 0
3709 5127 0
3711 5135 0
3715 5143 0
3720 5150 0
3727 5156 0
3735 5161 0
3743 5165 0
3750 5168 0
3756 5169 0
3761 5169 0
3765 5168 0
3768 5165 0
3769 5162 0
3766 5160 0
3762 5161 0
3758 5163 0
3755 5166 0
3750 5172 0
3748 5178 0
3747 5185 0
3747 5191 0
3748 5197 0
3752 5204 0
3757 5211 0
3765 5217 0
3775 5221 0
3787 5224 0
3799 5227 0
3812 5227 0
3824 5227 0
3835 5225 0
3847 5222 0
3857 5218 0
3863 5216 0
3866 5214 0
3868 5211 0
3868 5208 0
3868 5205 0
3868 5202 0
3867 5199 0
3867 5199 0
.PEN_UP
.PEN_DOWN
3740 4994 0
3743 4989 0
3750 4986 0
3761 4984 0
3776 4985 0
3794 4986 0
3814 4987 0
3836 4988 0
3855 4988 0
3870 4989 0
3881 4989 0
3888 4988 0
3892 4988 0
3892 4988 0
.PEN_UP
