.VERSION 1.0 
.HIERARCHY CHARACTER
.COORD X Y T
.SEGMENT CHARACTER 0-3 OK "104"
.H_LINE 4624 5499
.V_LINE 6500 7250
.X_DIM 750
.Y_DIM 874
.X_POINTS_PER_INCH 1000
.Y_POINTS_PER_INCH 1000
.POINTS_PER_SECOND 125
.COMMENT CALIB X: -1 Y: -132

.WRITER_INFO
 Name: VIVEK THACKER
 WriterId: 97
 Hand: right
 EducationLevel: college graduate
 Gender: male
 Profession: student
 Region: orissa
 Age: 22
 DeviceType: digimemo a402
 SkillDevice: average
 Language: hindi
 Script: indic
 Native: true
 Style: discrete
 UsageFreq: once a month
 Proficiency: average
 Date: 2007-8-16
 WritingInProfession: no

.PEN_DOWN
6697 5024 0
6703 5023 0
6709 5020 0
6716 5017 0
6723 5013 0
6731 5009 0
6741 5004 0
6750 4998 0
6759 4992 0
6767 4985 0
6774 4978 0
6780 4971 0
6785 4963 0
6789 4955 0
6792 4946 0
6794 4937 0
6794 4928 0
6793 4922 0
6790 4917 0
6787 4914 0
6783 4914 0
6776 4917 0
6766 4923 0
6758 4929 0
6750 4938 0
6741 4948 0
6734 4959 0
6728 4970 0
6724 4979 0
6722 4989 0
6723 4998 0
6726 5005 0
6730 5010 0
6735 5015 0
6744 5019 0
6753 5023 0
6764 5026 0
6778 5028 0
6794 5029 0
6812 5029 0
6830 5029 0
6847 5028 0
6860 5026 0
6869 5025 0
6874 5025 0
6877 5025 0
6875 5028 0
6873 5032 0
6870 5038 0
6866 5043 0
6862 5049 0
6857 5056 0
6852 5065 0
6847 5075 0
6843 5085 0
6840 5095 0
6838 5104 0
6836 5110 0
6835 5115 0
6834 5119 0
6833 5122 0
6837 5119 0
6833 5109 0
.PEN_UP
.PEN_DOWN
6872 4947 0
6872 4951 0
6872 4956 0
6872 4963 0
6873 4972 0
6874 4982 0
6875 4994 0
6877 5007 0
6878 5018 0
6879 5028 0
6880 5037 0
6881 5046 0
6883 5055 0
6884 5062 0
6886 5068 0
6887 5073 0
6888 5076 0
6889 5079 0
6890 5074 0
6891 5068 0
.PEN_UP
.PEN_DOWN
6883 5071 0
6886 5074 0
6888 5078 0
6889 5081 0
6890 5085 0
6891 5089 0
6892 5094 0
6892 5099 0
6893 5104 0
6894 5107 0
6894 5110 0
6900 5108 0
.PEN_UP
.PEN_DOWN
6817 4925 0
6820 4921 0
6823 4919 0
6828 4917 0
6835 4916 0
6847 4915 0
6861 4916 0
6873 4916 0
6885 4918 0
6896 4920 0
6906 4923 0
6915 4925 0
6922 4926 0
6928 4926 0
6931 4926 0
6931 4926 0
.PEN_UP
