.VERSION 1.0 
.HIERARCHY CHARACTER
.COORD X Y T
.SEGMENT CHARACTER 0-3 OK "7"
.H_LINE 2999 3874
.V_LINE 3500 4250
.X_DIM 750
.Y_DIM 874
.X_POINTS_PER_INCH 1000
.Y_POINTS_PER_INCH 1000
.POINTS_PER_SECOND 125
.COMMENT CALIB X: 7 Y: -113

.WRITER_INFO
 Name: GMBS SUNEEL KUMAR
 WriterId: 26
 Hand: right
 EducationLevel: post graduate
 Gender: male
 Profession: student
 Region: anakapalli
 Age: 22
 DeviceType: digimemo a402
 SkillDevice: good
 Language: hindi
 Script: indic
 Native: false
 Style: discrete
 UsageFreq: once a month
 Proficiency: good
 Date: 2007-6-14
 WritingInProfession: no

.PEN_DOWN
3879 3341 0
3877 3338 0
3876 3344 0
3877 3355 0
3878 3371 0
3879 3389 0
3879 3411 0
3878 3435 0
3878 3458 0
3877 3478 0
3875 3494 0
3873 3508 0
3870 3518 0
3867 3524 0
3862 3526 0
3854 3527 0
.PEN_UP
.PEN_DOWN
3767 3392 0
3767 3389 0
3770 3387 0
3777 3387 0
3789 3389 0
3807 3392 0
3828 3398 0
3850 3406 0
3867 3415 0
3876 3426 0
3879 3437 0
3877 3446 0
3869 3456 0
3855 3465 0
3837 3472 0
3820 3478 0
3804 3482 0
3791 3485 0
3782 3488 0
3774 3491 0
.PEN_UP
.PEN_DOWN
3911 3446 0
3914 3442 0
3921 3435 0
3933 3428 0
3947 3421 0
3963 3413 0
3979 3404 0
3992 3395 0
4001 3385 0
4006 3376 0
4009 3369 0
4008 3363 0
4005 3359 0
4001 3357 0
3997 3356 0
3993 3357 0
3988 3360 0
3983 3365 0
3978 3371 0
3975 3379 0
3973 3389 0
3973 3399 0
3976 3409 0
3982 3420 0
3991 3433 0
4001 3445 0
4012 3458 0
4021 3470 0
4027 3482 0
4032 3493 0
4035 3504 0
4034 3512 0
4031 3521 0
4023 3530 0
4013 3536 0
4002 3541 0
3989 3544 0
3977 3545 0
3967 3543 0
3960 3541 0
3957 3537 0
3958 3533 0
3962 3530 0
3967 3528 0
3974 3527 0
3982 3529 0
3991 3533 0
3998 3538 0
4003 3545 0
4008 3552 0
4011 3559 0
4013 3564 0
4015 3568 0
4016 3572 0
4016 3572 0
.PEN_UP
.PEN_DOWN
3788 3315 0
3791 3314 0
3799 3314 0
3815 3315 0
3839 3316 0
3873 3318 0
3907 3320 0
3940 3321 0
.PEN_UP
