511.0,79.0
511.0,80.0
513.0,83.0
513.0,87.0
514.0,92.0
516.0,96.0
517.0,102.0
517.0,105.0
519.0,109.0
519.0,113.0
520.0,119.0
521.0,122.0
523.0,129.0
523.0,133.0
524.0,141.0
524.0,146.0
524.0,151.0
526.0,155.0
526.0,157.0
526.0,158.0
526.0,160.0
526.0,162.0
527.0,163.0
527.0,164.0
527.0,166.0
527.0,167.0
527.0,168.0
527.0,169.0
527.0,170.0
527.0,171.0
527.0,173.0
527.0,174.0
527.0,175.0
527.0,176.0
527.0,177.0
527.0,176.0
527.0,175.0
527.0,174.0
527.0,170.0
527.0,167.0
527.0,163.0
526.0,161.0
526.0,158.0
526.0,157.0
526.0,156.0
524.0,155.0
524.0,154.0
524.0,153.0
523.0,151.0
523.0,149.0
521.0,147.0
519.0,144.0
517.0,142.0
516.0,141.0
514.0,140.0
514.0,139.0
513.0,139.0
510.0,137.0
509.0,137.0
507.0,137.0
504.0,137.0
502.0,137.0
499.0,137.0
495.0,137.0
490.0,137.0
485.0,137.0
482.0,137.0
476.0,137.0
472.0,139.0
468.0,140.0
465.0,141.0
459.0,143.0
457.0,144.0
452.0,147.0
450.0,149.0
447.0,151.0
444.0,153.0
442.0,155.0
441.0,156.0
440.0,157.0
437.0,161.0
435.0,162.0
434.0,166.0
433.0,167.0
431.0,170.0
431.0,173.0
430.0,175.0
430.0,177.0
428.0,180.0
428.0,182.0
428.0,184.0
428.0,185.0
428.0,188.0
428.0,189.0
428.0,190.0
-1.0,-1.0
518.0,149.0
515.0,152.0
514.0,153.0
511.0,156.0
508.0,158.0
506.0,159.0
504.0,161.0
501.0,163.0
497.0,166.0
494.0,168.0
492.0,170.0
489.0,173.0
486.0,176.0
484.0,177.0
482.0,181.0
480.0,183.0
477.0,186.0
476.0,188.0
473.0,190.0
472.0,193.0
470.0,194.0
469.0,195.0
468.0,195.0
468.0,196.0
466.0,196.0
-1.0,-1.0
447.0,80.0
449.0,80.0
452.0,80.0
456.0,80.0
459.0,80.0
463.0,79.0
468.0,79.0
473.0,79.0
476.0,79.0
483.0,79.0
486.0,79.0
492.0,79.0
494.0,79.0
499.0,79.0
501.0,79.0
506.0,79.0
507.0,79.0
510.0,79.0
511.0,79.0
514.0,79.0
516.0,79.0
517.0,79.0
520.0,77.0
521.0,77.0
523.0,77.0
525.0,77.0
527.0,77.0
528.0,76.0
531.0,76.0
532.0,76.0
535.0,76.0
537.0,75.0
539.0,75.0
541.0,75.0
542.0,75.0
544.0,75.0
545.0,75.0
547.0,75.0
-1.0,-1.0
 
