469.0,60.0
471.0,60.0
472.0,60.0
474.0,60.0
475.0,60.0
476.0,60.0
478.0,61.0
479.0,63.0
479.0,67.0
481.0,70.0
482.0,72.0
483.0,77.0
483.0,80.0
485.0,85.0
486.0,89.0
488.0,95.0
488.0,98.0
489.0,103.0
489.0,105.0
491.0,110.0
491.0,114.0
491.0,117.0
492.0,121.0
492.0,125.0
493.0,129.0
493.0,133.0
493.0,136.0
493.0,141.0
493.0,144.0
495.0,149.0
495.0,151.0
495.0,155.0
496.0,157.0
496.0,159.0
496.0,160.0
498.0,163.0
498.0,164.0
498.0,165.0
498.0,166.0
498.0,165.0
498.0,164.0
498.0,163.0
498.0,162.0
498.0,160.0
498.0,159.0
498.0,158.0
498.0,156.0
498.0,155.0
498.0,151.0
498.0,148.0
495.0,143.0
493.0,139.0
491.0,133.0
489.0,131.0
486.0,126.0
485.0,125.0
483.0,123.0
482.0,122.0
481.0,119.0
479.0,118.0
478.0,117.0
476.0,117.0
475.0,116.0
474.0,115.0
471.0,115.0
469.0,114.0
468.0,114.0
467.0,112.0
464.0,112.0
460.0,111.0
455.0,111.0
450.0,110.0
445.0,110.0
440.0,110.0
436.0,110.0
429.0,110.0
424.0,111.0
419.0,114.0
416.0,115.0
409.0,119.0
406.0,122.0
400.0,128.0
398.0,131.0
395.0,136.0
392.0,138.0
389.0,143.0
388.0,146.0
386.0,151.0
385.0,153.0
384.0,158.0
382.0,159.0
382.0,163.0
382.0,165.0
382.0,169.0
382.0,171.0
382.0,176.0
382.0,178.0
382.0,180.0
382.0,183.0
382.0,184.0
382.0,185.0
382.0,186.0
384.0,186.0
-1.0,-1.0
484.0,131.0
480.0,135.0
477.0,138.0
471.0,143.0
467.0,147.0
460.0,155.0
455.0,163.0
448.0,172.0
443.0,179.0
440.0,182.0
438.0,184.0
438.0,186.0
437.0,186.0
435.0,187.0
435.0,188.0
434.0,189.0
-1.0,-1.0
400.0,65.0
404.0,64.0
407.0,63.0
413.0,62.0
417.0,62.0
426.0,61.0
431.0,60.0
440.0,58.0
442.0,58.0
448.0,57.0
451.0,57.0
458.0,57.0
462.0,56.0
471.0,56.0
475.0,56.0
482.0,56.0
485.0,56.0
490.0,56.0
493.0,56.0
496.0,56.0
499.0,56.0
502.0,56.0
503.0,56.0
504.0,56.0
506.0,56.0
507.0,57.0
509.0,58.0
510.0,58.0
511.0,60.0
513.0,61.0
514.0,61.0
516.0,62.0
517.0,63.0
517.0,64.0
518.0,64.0
520.0,65.0
-1.0,-1.0
 
