476.0,70.0
476.0,71.0
476.0,72.0
476.0,73.0
476.0,77.0
476.0,79.0
476.0,84.0
476.0,87.0
476.0,92.0
476.0,94.0
476.0,99.0
476.0,102.0
476.0,107.0
476.0,110.0
476.0,114.0
476.0,118.0
476.0,122.0
476.0,125.0
477.0,128.0
477.0,131.0
477.0,134.0
477.0,135.0
477.0,138.0
477.0,140.0
479.0,142.0
479.0,145.0
479.0,147.0
479.0,148.0
479.0,151.0
479.0,153.0
479.0,156.0
479.0,160.0
479.0,163.0
479.0,165.0
479.0,166.0
479.0,167.0
479.0,166.0
479.0,165.0
479.0,163.0
479.0,161.0
479.0,159.0
477.0,156.0
476.0,154.0
473.0,151.0
470.0,148.0
466.0,146.0
463.0,144.0
459.0,140.0
456.0,139.0
455.0,138.0
454.0,137.0
451.0,135.0
446.0,133.0
442.0,131.0
438.0,128.0
437.0,128.0
434.0,127.0
432.0,127.0
430.0,126.0
427.0,126.0
424.0,126.0
423.0,126.0
421.0,126.0
420.0,126.0
418.0,126.0
414.0,126.0
413.0,126.0
408.0,126.0
406.0,126.0
401.0,126.0
399.0,127.0
394.0,129.0
392.0,131.0
387.0,133.0
385.0,134.0
382.0,137.0
379.0,139.0
376.0,142.0
375.0,146.0
372.0,149.0
370.0,152.0
369.0,153.0
369.0,155.0
369.0,158.0
368.0,161.0
368.0,165.0
368.0,168.0
368.0,169.0
366.0,173.0
366.0,176.0
366.0,180.0
366.0,182.0
366.0,183.0
366.0,186.0
366.0,187.0
366.0,190.0
366.0,192.0
366.0,193.0
366.0,194.0
366.0,195.0
-1.0,-1.0
466.0,151.0
465.0,153.0
461.0,155.0
458.0,156.0
454.0,160.0
451.0,162.0
446.0,165.0
445.0,167.0
441.0,169.0
439.0,172.0
438.0,173.0
437.0,174.0
435.0,175.0
434.0,178.0
432.0,179.0
431.0,181.0
428.0,183.0
427.0,186.0
424.0,187.0
421.0,190.0
420.0,192.0
417.0,195.0
416.0,196.0
414.0,198.0
414.0,199.0
413.0,199.0
413.0,200.0
411.0,200.0
-1.0,-1.0
370.0,84.0
375.0,84.0
377.0,84.0
380.0,84.0
385.0,83.0
389.0,83.0
410.0,80.0
428.0,78.0
458.0,76.0
469.0,74.0
485.0,72.0
496.0,72.0
507.0,70.0
518.0,70.0
528.0,70.0
533.0,70.0
539.0,70.0
542.0,70.0
546.0,70.0
547.0,70.0
550.0,70.0
552.0,70.0
553.0,70.0
554.0,70.0
556.0,70.0
557.0,70.0
559.0,70.0
560.0,70.0
561.0,70.0
-1.0,-1.0
 
