487.0,77.0
487.0,80.0
487.0,85.0
489.0,90.0
489.0,92.0
490.0,94.0
490.0,98.0
490.0,103.0
492.0,106.0
493.0,111.0
493.0,114.0
495.0,120.0
495.0,125.0
497.0,132.0
497.0,137.0
499.0,140.0
499.0,143.0
500.0,146.0
500.0,150.0
502.0,151.0
502.0,153.0
502.0,152.0
502.0,151.0
502.0,150.0
502.0,148.0
502.0,147.0
500.0,146.0
499.0,145.0
496.0,140.0
493.0,138.0
489.0,133.0
487.0,130.0
485.0,126.0
482.0,124.0
479.0,121.0
478.0,120.0
475.0,119.0
473.0,118.0
472.0,117.0
471.0,116.0
469.0,114.0
468.0,114.0
465.0,113.0
464.0,112.0
462.0,112.0
461.0,111.0
459.0,111.0
458.0,110.0
457.0,110.0
455.0,110.0
454.0,110.0
452.0,110.0
449.0,110.0
447.0,110.0
442.0,110.0
440.0,110.0
437.0,110.0
434.0,112.0
430.0,114.0
426.0,116.0
421.0,119.0
418.0,121.0
414.0,125.0
411.0,127.0
404.0,134.0
400.0,138.0
397.0,140.0
395.0,143.0
392.0,146.0
388.0,151.0
385.0,153.0
383.0,155.0
383.0,157.0
382.0,158.0
382.0,159.0
380.0,160.0
380.0,161.0
380.0,162.0
380.0,164.0
380.0,165.0
380.0,166.0
380.0,167.0
380.0,170.0
380.0,172.0
380.0,173.0
380.0,175.0
382.0,177.0
382.0,179.0
383.0,180.0
385.0,180.0
-1.0,-1.0
482.0,132.0
478.0,136.0
476.0,138.0
471.0,143.0
468.0,146.0
464.0,150.0
461.0,153.0
458.0,157.0
455.0,158.0
452.0,161.0
449.0,162.0
448.0,166.0
445.0,167.0
444.0,170.0
442.0,171.0
441.0,172.0
-1.0,-1.0
400.0,95.0
401.0,95.0
403.0,94.0
407.0,91.0
409.0,90.0
414.0,89.0
417.0,88.0
424.0,85.0
428.0,84.0
435.0,82.0
438.0,82.0
444.0,81.0
448.0,81.0
451.0,81.0
452.0,80.0
455.0,80.0
459.0,80.0
462.0,80.0
465.0,80.0
466.0,80.0
468.0,80.0
469.0,80.0
470.0,80.0
472.0,78.0
473.0,78.0
475.0,78.0
476.0,78.0
477.0,78.0
479.0,77.0
480.0,77.0
482.0,77.0
485.0,76.0
486.0,76.0
489.0,76.0
492.0,75.0
494.0,75.0
497.0,74.0
500.0,74.0
503.0,72.0
504.0,72.0
506.0,71.0
507.0,71.0
508.0,71.0
510.0,71.0
511.0,71.0
513.0,71.0
-1.0,-1.0
525.0,71.0
527.0,71.0
528.0,71.0
530.0,71.0
531.0,71.0
532.0,71.0
532.0,72.0
532.0,74.0
532.0,75.0
532.0,76.0
532.0,77.0
532.0,78.0
532.0,80.0
-1.0,-1.0
 
