451.0,31.0
452.0,34.0
452.0,38.0
454.0,45.0
455.0,50.0
457.0,61.0
459.0,71.0
461.0,88.0
463.0,96.0
465.0,108.0
465.0,116.0
465.0,119.0
467.0,122.0
467.0,126.0
469.0,132.0
469.0,137.0
469.0,140.0
469.0,141.0
470.0,144.0
470.0,145.0
470.0,144.0
470.0,142.0
470.0,141.0
470.0,140.0
470.0,139.0
470.0,138.0
470.0,137.0
470.0,135.0
470.0,134.0
470.0,133.0
470.0,131.0
470.0,130.0
468.0,126.0
466.0,124.0
463.0,119.0
462.0,118.0
461.0,114.0
459.0,113.0
456.0,111.0
455.0,110.0
454.0,107.0
452.0,106.0
451.0,106.0
449.0,105.0
448.0,105.0
447.0,104.0
444.0,103.0
442.0,101.0
441.0,101.0
440.0,101.0
438.0,100.0
437.0,100.0
435.0,100.0
434.0,100.0
432.0,101.0
431.0,103.0
430.0,104.0
428.0,105.0
425.0,106.0
421.0,107.0
418.0,110.0
416.0,110.0
410.0,113.0
405.0,117.0
395.0,126.0
384.0,135.0
374.0,148.0
368.0,153.0
367.0,156.0
365.0,159.0
364.0,161.0
364.0,163.0
364.0,166.0
363.0,167.0
363.0,169.0
363.0,170.0
363.0,173.0
363.0,175.0
363.0,179.0
363.0,180.0
363.0,183.0
363.0,184.0
363.0,187.0
363.0,188.0
363.0,189.0
-1.0,-1.0
453.0,115.0
451.0,119.0
450.0,122.0
447.0,131.0
445.0,141.0
440.0,156.0
438.0,165.0
434.0,176.0
433.0,181.0
431.0,185.0
430.0,188.0
429.0,191.0
429.0,192.0
429.0,195.0
427.0,196.0
-1.0,-1.0
368.0,39.0
372.0,39.0
376.0,39.0
382.0,39.0
387.0,39.0
394.0,40.0
400.0,40.0
403.0,40.0
406.0,40.0
410.0,41.0
421.0,41.0
428.0,42.0
438.0,44.0
441.0,44.0
446.0,45.0
449.0,45.0
453.0,45.0
455.0,46.0
459.0,46.0
461.0,46.0
462.0,46.0
463.0,47.0
465.0,47.0
466.0,47.0
468.0,48.0
469.0,48.0
470.0,48.0
473.0,48.0
475.0,48.0
477.0,48.0
480.0,48.0
482.0,48.0
484.0,48.0
487.0,48.0
490.0,48.0
493.0,48.0
496.0,48.0
499.0,48.0
500.0,48.0
501.0,48.0
503.0,48.0
504.0,48.0
-1.0,-1.0
 
