.VERSION 1.0 
.HIERARCHY CHARACTER
.COORD X Y T
.SEGMENT CHARACTER 0-3 OK "2"
.H_LINE 1374 2249
.V_LINE 3500 4250
.X_DIM 750
.Y_DIM 874
.X_POINTS_PER_INCH 1000
.Y_POINTS_PER_INCH 1000
.POINTS_PER_SECOND 125
.COMMENT CALIB X: 116 Y: -105

.WRITER_INFO
 Name: T. V. SIVA KUMAR
 WriterId: 12
 Hand: right
 EducationLevel: post graduate
 Gender: male
 Profession: student
 Region: tanuku
 Age: 23
 DeviceType: digimemo a402
 SkillDevice: average
 Language: hindi
 Script: indic
 Native: false
 Style: discrete
 UsageFreq: rarely
 Proficiency: average
 Date: 2007-6-11
 WritingInProfession: no

.PEN_DOWN
3669 1706 0
3672 1705 0
3678 1703 0
3689 1702 0
3703 1704 0
3718 1708 0
3731 1714 0
3743 1721 0
3750 1728 0
3753 1737 0
3751 1749 0
3745 1759 0
3738 1768 0
3729 1778 0
3718 1787 0
3710 1795 0
3705 1802 0
3703 1808 0
3703 1814 0
3709 1819 0
3718 1825 0
3732 1831 0
3748 1838 0
3761 1846 0
3771 1852 0
3774 1858 0
3773 1864 0
3768 1869 0
3757 1874 0
3741 1879 0
3722 1883 0
3703 1885 0
3688 1885 0
3678 1882 0
3673 1879 0
3670 1876 0
.PEN_UP
.PEN_DOWN
3729 1801 0
3734 1801 0
3744 1801 0
3758 1801 0
3776 1800 0
3796 1799 0
3815 1798 0
3832 1796 0
3847 1793 0
3858 1789 0
3865 1784 0
3869 1778 0
3872 1770 0
3873 1761 0
3873 1752 0
3873 1743 0
3871 1734 0
3870 1728 0
3869 1724 0
3868 1731 0
3867 1743 0
3867 1760 0
3867 1775 0
3866 1789 0
3865 1803 0
3864 1815 0
3864 1825 0
3865 1834 0
3866 1843 0
3867 1850 0
3869 1855 0
3871 1860 0
3876 1858 0
.PEN_UP
.PEN_DOWN
3948 1727 0
3944 1724 0
3943 1729 0
3942 1736 0
3942 1748 0
3942 1762 0
3941 1776 0
3940 1792 0
3939 1806 0
3939 1817 0
3940 1828 0
3940 1838 0
3941 1846 0
3943 1851 0
3946 1853 0
3949 1853 0
.PEN_UP
.PEN_DOWN
3838 1717 0
3835 1716 0
3839 1713 0
3849 1709 0
3866 1706 0
3890 1704 0
3925 1701 0
3968 1699 0
4008 1697 0
4037 1695 0
4054 1694 0
4062 1694 0
4065 1694 0
4057 1697 0
4047 1701 0
4040 1703 0
.PEN_UP
