.VERSION 1.0 
.HIERARCHY CHARACTER
.COORD X Y T
.SEGMENT CHARACTER 0-1 OK "3"
.H_LINE 1374 2249
.V_LINE 5000 5750
.X_DIM 750
.Y_DIM 874
.X_POINTS_PER_INCH 1000
.Y_POINTS_PER_INCH 1000
.POINTS_PER_SECOND 125
.COMMENT CALIB X: 9 Y: -129

.WRITER_INFO
 Name: T. V. SIVA KUMAR
 WriterId: 12
 Hand: right
 EducationLevel: post graduate
 Gender: male
 Profession: student
 Region: tanuku
 Age: 23
 DeviceType: digimemo a402
 SkillDevice: average
 Language: hindi
 Script: indic
 Native: false
 Style: discrete
 UsageFreq: rarely
 Proficiency: average
 Date: 2007-6-11
 WritingInProfession: no

.PEN_DOWN
5330 1681 0
5331 1685 0
5332 1693 0
5334 1703 0
5336 1713 0
5338 1724 0
5339 1734 0
5340 1744 0
5341 1753 0
5343 1759 0
5344 1763 0
5345 1760 0
5344 1757 0
5341 1754 0
5337 1752 0
5328 1751 0
5317 1751 0
5305 1753 0
5294 1756 0
5286 1759 0
5278 1764 0
5273 1769 0
5271 1773 0
5270 1777 0
5270 1780 0
5271 1783 0
5274 1786 0
5278 1789 0
5284 1792 0
5292 1794 0
5300 1797 0
5311 1799 0
5324 1802 0
5336 1805 0
5347 1809 0
5355 1813 0
5360 1820 0
5364 1828 0
5366 1835 0
5365 1845 0
5361 1855 0
5355 1863 0
5346 1872 0
5335 1880 0
5321 1886 0
5306 1892 0
5291 1895 0
5273 1895 0
5259 1893 0
5251 1890 0
5246 1885 0
5244 1879 0
5244 1873 0
5247 1868 0
5252 1863 0
5260 1859 0
5267 1857 0
5274 1857 0
5280 1859 0
5286 1862 0
5292 1867 0
5298 1873 0
5304 1879 0
5309 1886 0
5314 1891 0
5320 1897 0
5326 1902 0
5335 1906 0
5345 1908 0
5358 1909 0
5376 1909 0
.PEN_UP
.PEN_DOWN
5255 1651 0
5263 1655 0
5279 1658 0
5303 1659 0
5335 1660 0
5373 1660 0
5412 1660 0
5444 1659 0
5465 1658 0
5477 1658 0
5482 1658 0
5479 1658 0
5479 1658 0
.PEN_UP
