.VERSION 1.0 
.HIERARCHY CHARACTER
.COORD X Y T
.SEGMENT CHARACTER 0-2 OK "47"
.H_LINE 6249 7124
.V_LINE 3500 4250
.X_DIM 750
.Y_DIM 875
.X_POINTS_PER_INCH 1000
.Y_POINTS_PER_INCH 1000
.POINTS_PER_SECOND 125
.COMMENT CALIB X: 83 Y: -129

.WRITER_INFO
 Name: T. V. SIVA KUMAR
 WriterId: 12
 Hand: right
 EducationLevel: post graduate
 Gender: male
 Profession: student
 Region: tanuku
 Age: 23
 DeviceType: digimemo a402
 SkillDevice: average
 Language: hindi
 Script: indic
 Native: false
 Style: discrete
 UsageFreq: rarely
 Proficiency: average
 Date: 2007-6-11
 WritingInProfession: no

.PEN_DOWN
3883 6516 0
3882 6520 0
3881 6528 0
3881 6539 0
3881 6552 0
3881 6571 0
3881 6592 0
3881 6614 0
3882 6635 0
3883 6657 0
3883 6677 0
3882 6695 0
3881 6708 0
3880 6717 0
3879 6730 0
3878 6727 0
.PEN_UP
.PEN_DOWN
3864 6571 0
3864 6568 0
3857 6569 0
3844 6571 0
3828 6574 0
3809 6579 0
3788 6584 0
3767 6590 0
3750 6595 0
3739 6600 0
3734 6605 0
3734 6610 0
3740 6615 0
3752 6620 0
3768 6626 0
3785 6632 0
3799 6639 0
3810 6646 0
3816 6652 0
3818 6660 0
3817 6669 0
3813 6679 0
3804 6690 0
3792 6701 0
3776 6710 0
3759 6717 0
3741 6722 0
3726 6725 0
3714 6725 0
3707 6723 0
3703 6720 0
3704 6713 0
3708 6704 0
3717 6696 0
3728 6689 0
3737 6684 0
3745 6681 0
3751 6681 0
3757 6685 0
3763 6694 0
3768 6704 0
3771 6714 0
3774 6724 0
3776 6734 0
3779 6742 0
3783 6749 0
3788 6754 0
3794 6758 0
3801 6757 0
3810 6757 0
.PEN_UP
.PEN_DOWN
3776 6528 0
3782 6527 0
3791 6525 0
3805 6522 0
3823 6520 0
3842 6518 0
3867 6516 0
3897 6515 0
3928 6514 0
3955 6514 0
3971 6514 0
3979 6514 0
3982 6514 0
3977 6516 0
3970 6519 0
3963 6523 0
.PEN_UP
