.VERSION 1.0 
.HIERARCHY CHARACTER
.COORD X Y T
.SEGMENT CHARACTER 0-2 OK "97"
.H_LINE 2999 3874
.V_LINE 3500 4250
.X_DIM 750
.Y_DIM 874
.X_POINTS_PER_INCH 1000
.Y_POINTS_PER_INCH 1000
.POINTS_PER_SECOND 125
.COMMENT CALIB X: 16 Y: -136

.WRITER_INFO
 Name: T. V. SIVA KUMAR
 WriterId: 12
 Hand: right
 EducationLevel: post graduate
 Gender: male
 Profession: student
 Region: tanuku
 Age: 23
 DeviceType: digimemo a402
 SkillDevice: average
 Language: hindi
 Script: indic
 Native: false
 Style: discrete
 UsageFreq: rarely
 Proficiency: average
 Date: 2007-6-11
 WritingInProfession: no

.PEN_DOWN
3780 3293 0
3781 3299 0
3783 3308 0
3784 3319 0
3785 3331 0
3787 3342 0
3788 3353 0
3790 3364 0
3791 3373 0
3792 3379 0
3793 3383 0
3794 3380 0
3794 3376 0
3793 3371 0
3792 3367 0
3790 3364 0
3786 3363 0
3775 3364 0
3764 3367 0
3753 3373 0
3741 3382 0
3730 3394 0
3720 3404 0
3714 3415 0
3711 3425 0
3711 3436 0
3715 3445 0
3722 3453 0
3731 3459 0
3743 3462 0
3758 3463 0
3774 3463 0
3790 3462 0
3806 3466 0
3821 3462 0
.PEN_UP
.PEN_DOWN
3775 3467 0
3775 3470 0
3775 3473 0
3775 3476 0
3775 3480 0
3775 3485 0
3775 3490 0
3775 3495 0
3775 3500 0
3775 3503 0
3775 3506 0
3775 3509 0
3776 3512 0
3777 3516 0
3777 3519 0
3778 3523 0
3779 3527 0
3780 3531 0
3781 3535 0
3784 3535 0
3781 3535 0
3778 3536 0
3772 3539 0
3764 3542 0
3757 3546 0
3751 3552 0
3746 3560 0
3742 3567 0
3740 3574 0
3739 3580 0
3741 3584 0
3745 3587 0
3750 3590 0
3759 3589 0
3772 3586 0
3788 3580 0
3806 3573 0
.PEN_UP
.PEN_DOWN
3700 3266 0
3696 3266 0
3706 3267 0
3722 3267 0
3743 3267 0
3767 3266 0
3797 3265 0
3831 3264 0
3862 3264 0
3886 3264 0
3900 3264 0
3906 3265 0
3928 3267 0
.PEN_UP
