.VERSION 1.0 
.HIERARCHY CHARACTER
.COORD X Y T
.SEGMENT CHARACTER 0-2 OK "108"
.H_LINE 6249 7124
.V_LINE 5000 5750
.X_DIM 750
.Y_DIM 875
.X_POINTS_PER_INCH 1000
.Y_POINTS_PER_INCH 1000
.POINTS_PER_SECOND 125
.COMMENT CALIB X: 18 Y: -130

.WRITER_INFO
 Name: T. V. SIVA KUMAR
 WriterId: 12
 Hand: right
 EducationLevel: post graduate
 Gender: male
 Profession: student
 Region: tanuku
 Age: 23
 DeviceType: digimemo a402
 SkillDevice: average
 Language: hindi
 Script: indic
 Native: false
 Style: discrete
 UsageFreq: rarely
 Proficiency: average
 Date: 2007-6-11
 WritingInProfession: no

.PEN_DOWN
5358 6455 0
5358 6461 0
5359 6469 0
5360 6478 0
5361 6486 0
5361 6496 0
5362 6507 0
5361 6517 0
5361 6525 0
5360 6531 0
5359 6535 0
5357 6531 0
5353 6527 0
5346 6525 0
5335 6523 0
5322 6524 0
5308 6526 0
5296 6529 0
5284 6533 0
5276 6539 0
5271 6546 0
5268 6553 0
5268 6559 0
5269 6565 0
5272 6570 0
5276 6573 0
5280 6576 0
5287 6578 0
5296 6578 0
5306 6579 0
5316 6579 0
5326 6578 0
5334 6578 0
5340 6578 0
5345 6579 0
5349 6582 0
5351 6586 0
5353 6591 0
5354 6599 0
5355 6609 0
5355 6618 0
5355 6629 0
5355 6639 0
5354 6648 0
5353 6654 0
5352 6658 0
5353 6652 0
5354 6646 0
5355 6639 0
5356 6631 0
5357 6624 0
5357 6618 0
5356 6614 0
5355 6610 0
5354 6606 0
5353 6603 0
5350 6601 0
5347 6600 0
5342 6599 0
5336 6600 0
5329 6604 0
5320 6610 0
5311 6618 0
5303 6630 0
5297 6643 0
5293 6658 0
5292 6673 0
5293 6687 0
5298 6700 0
5308 6709 0
5324 6714 0
5347 6714 0
5381 6714 0
5419 6705 0
.PEN_UP
.PEN_DOWN
5420 6604 0
5422 6600 0
5423 6597 0
5422 6594 0
5421 6591 0
5417 6589 0
5411 6588 0
5403 6589 0
5393 6592 0
5382 6599 0
5370 6609 0
5362 6618 0
5357 6630 0
5355 6641 0
5355 6650 0
5357 6658 0
5366 6664 0
5380 6666 0
5404 6663 0
5433 6657 0
5464 6654 0
.PEN_UP
.PEN_DOWN
5278 6434 0
5281 6432 0
5292 6430 0
5317 6426 0
5355 6422 0
5403 6419 0
5447 6418 0
5481 6417 0
5505 6418 0
5521 6417 0
.PEN_UP
