.VERSION 1.0 
.HIERARCHY CHARACTER
.COORD X Y T
.SEGMENT CHARACTER 0-1 OK "76"
.H_LINE 6249 7124
.V_LINE 1999 2749
.X_DIM 749
.Y_DIM 875
.X_POINTS_PER_INCH 1000
.Y_POINTS_PER_INCH 1000
.POINTS_PER_SECOND 125
.COMMENT CALIB X: -11 Y: -61

.WRITER_INFO
 Name: HARDIK DAVE
 WriterId: 62
 Hand: right
 EducationLevel: college graduate
 Gender: male
 Profession: student
 Region: punjab
 Age: 22
 DeviceType: digimemo a402
 SkillDevice: average
 Language: hindi
 Script: indic
 Native: true
 Style: discrete
 UsageFreq: once a week
 Proficiency: average
 Date: 2007-6-23
 WritingInProfession: no

.PEN_DOWN
2272 6654 0
2271 6658 0
2269 6663 0
2266 6668 0
2263 6672 0
2260 6676 0
2257 6679 0
2254 6680 0
2251 6680 0
2248 6676 0
2246 6671 0
2245 6666 0
2245 6660 0
2246 6654 0
2248 6648 0
2251 6643 0
2253 6638 0
2255 6635 0
2258 6634 0
2261 6635 0
2265 6637 0
2268 6640 0
2271 6644 0
2275 6648 0
2278 6652 0
2279 6657 0
2280 6662 0
2281 6666 0
2281 6672 0
2280 6679 0
2278 6686 0
2276 6694 0
2273 6704 0
2269 6713 0
2265 6724 0
2262 6736 0
2256 6747 0
2250 6756 0
2244 6763 0
2237 6768 0
2231 6772 0
2226 6774 0
2222 6775 0
2219 6775 0
2222 6776 0
2226 6776 0
2229 6777 0
2232 6777 0
2236 6777 0
2241 6776 0
2248 6775 0
2256 6774 0
2265 6772 0
2276 6771 0
2287 6769 0
2296 6767 0
2301 6766 0
2305 6765 0
2307 6762 0
2309 6759 0
2311 6756 0
2313 6752 0
2315 6749 0
2318 6746 0
2320 6743 0
2323 6740 0
2326 6737 0
2330 6735 0
2334 6732 0
2337 6730 0
2334 6732 0
.PEN_UP
.PEN_DOWN
2248 6606 0
2252 6603 0
2257 6600 0
2265 6597 0
2277 6593 0
2293 6590 0
2312 6588 0
2334 6586 0
2356 6585 0
.PEN_UP
