.VERSION 1.0 
.HIERARCHY CHARACTER
.COORD X Y T
.SEGMENT CHARACTER 0-2 OK "18"
.H_LINE 6249 7124
.V_LINE 5000 5750
.X_DIM 750
.Y_DIM 875
.X_POINTS_PER_INCH 1000
.Y_POINTS_PER_INCH 1000
.POINTS_PER_SECOND 125
.COMMENT CALIB X: 13 Y: -63

.WRITER_INFO
 Name: RAVI KIRAN
 WriterId: 86
 Hand: right
 EducationLevel: college graduate
 Gender: male
 Profession: physical instructor
 Region: bangalore
 Age: 40
 DeviceType: digimemo a402
 SkillDevice: average
 Language: hindi
 Script: indic
 Native: false
 Style: discrete
 UsageFreq: once a week
 Proficiency: good
 Date: 2007-7-15
 WritingInProfession: no

.PEN_DOWN
5378 6640 0
5374 6640 0
5366 6640 0
5353 6641 0
5336 6643 0
5319 6648 0
5305 6653 0
5294 6659 0
5285 6666 0
5278 6673 0
5274 6680 0
5272 6689 0
5273 6698 0
5278 6708 0
5288 6719 0
5306 6729 0
5327 6737 0
5347 6744 0
5359 6749 0
5364 6752 0
5359 6756 0
5350 6758 0
5338 6761 0
5323 6764 0
5308 6768 0
5297 6773 0
5290 6776 0
5286 6779 0
5285 6783 0
5286 6787 0
5288 6792 0
5294 6798 0
5306 6803 0
5324 6808 0
5345 6811 0
5374 6811 0
5405 6810 0
5434 6806 0
5457 6800 0
5476 6793 0
5490 6779 0
5500 6762 0
5505 6747 0
5504 6734 0
5502 6725 0
5498 6720 0
5492 6719 0
5484 6723 0
5474 6731 0
5465 6742 0
5457 6755 0
5450 6768 0
5445 6781 0
5444 6794 0
5447 6803 0
5457 6808 0
.PEN_UP
.PEN_DOWN
5415 6594 0
5417 6591 0
5421 6590 0
5427 6590 0
5435 6592 0
5443 6595 0
5449 6598 0
5455 6602 0
5460 6608 0
5463 6616 0
5464 6628 0
5461 6645 0
5454 6665 0
5444 6685 0
.PEN_UP
.PEN_DOWN
5222 6544 0
5216 6544 0
5208 6542 0
5201 6541 0
5197 6540 0
5201 6540 0
5212 6541 0
5233 6542 0
5264 6543 0
5309 6544 0
5367 6545 0
5424 6545 0
5465 6544 0
5489 6543 0
5502 6543 0
5507 6544 0
5511 6545 0
.PEN_UP
