.VERSION 1.0 
.HIERARCHY CHARACTER
.COORD X Y T
.SEGMENT CHARACTER 0-2 OK "41"
.H_LINE 4624 5499
.V_LINE 1999 2749
.X_DIM 749
.Y_DIM 874
.X_POINTS_PER_INCH 1000
.Y_POINTS_PER_INCH 1000
.POINTS_PER_SECOND 125
.COMMENT CALIB X: 51 Y: 59

.WRITER_INFO
 Name: RAVI KIRAN
 WriterId: 86
 Hand: right
 EducationLevel: college graduate
 Gender: male
 Profession: physical instructor
 Region: bangalore
 Age: 40
 DeviceType: digimemo a402
 SkillDevice: average
 Language: hindi
 Script: indic
 Native: false
 Style: discrete
 UsageFreq: once a week
 Proficiency: good
 Date: 2007-7-15
 WritingInProfession: no

.PEN_DOWN
2310 5056 0
2313 5056 0
2314 5060 0
2313 5065 0
2311 5071 0
2307 5076 0
2303 5080 0
2296 5083 0
2290 5083 0
2286 5080 0
2284 5074 0
2283 5066 0
2284 5057 0
2287 5046 0
2293 5032 0
2298 5022 0
2304 5013 0
2309 5007 0
2313 5004 0
2315 5008 0
2316 5014 0
2316 5022 0
2316 5032 0
2315 5042 0
2313 5050 0
2311 5057 0
2309 5064 0
2306 5069 0
2303 5072 0
2300 5073 0
2296 5072 0
2291 5070 0
2287 5066 0
2285 5061 0
2284 5055 0
2284 5050 0
2284 5044 0
2285 5036 0
2287 5028 0
2289 5021 0
2291 5016 0
2292 5012 0
2293 5009 0
2293 5013 0
2293 5016 0
2293 5019 0
2295 5016 0
2296 5012 0
2298 5009 0
2299 5006 0
2302 5005 0
2305 5006 0
2311 5009 0
2316 5013 0
2321 5021 0
2326 5032 0
2330 5045 0
2331 5059 0
2330 5074 0
2328 5091 0
2322 5107 0
2314 5122 0
2305 5136 0
2290 5148 0
2271 5157 0
2253 5164 0
2238 5169 0
2228 5172 0
2222 5173 0
2222 5169 0
2228 5164 0
2238 5156 0
2253 5148 0
2267 5142 0
2278 5138 0
2287 5137 0
2294 5140 0
2299 5145 0
2302 5153 0
2305 5161 0
2307 5170 0
2309 5180 0
2312 5189 0
2314 5197 0
2318 5203 0
2323 5205 0
2330 5202 0
2339 5196 0
.PEN_UP
.PEN_DOWN
2435 5030 0
2434 5034 0
2434 5040 0
2434 5051 0
2435 5066 0
2437 5082 0
2440 5100 0
2443 5117 0
2444 5132 0
2443 5145 0
2440 5153 0
2436 5159 0
2435 5162 0
.PEN_UP
.PEN_DOWN
2240 4938 0
2241 4935 0
2245 4933 0
2257 4932 0
2278 4932 0
2305 4932 0
2339 4933 0
2374 4935 0
2407 4936 0
2427 4937 0
2437 4938 0
2441 4938 0
2441 4938 0
.PEN_UP
