.VERSION 1.0 
.HIERARCHY CHARACTER
.COORD X Y T
.SEGMENT CHARACTER 0-3 OK "98"
.H_LINE 2999 3874
.V_LINE 5000 5750
.X_DIM 750
.Y_DIM 874
.X_POINTS_PER_INCH 1000
.Y_POINTS_PER_INCH 1000
.POINTS_PER_SECOND 125
.COMMENT CALIB X: 4 Y: -4

.WRITER_INFO
 Name: RAVI KIRAN
 WriterId: 86
 Hand: right
 EducationLevel: college graduate
 Gender: male
 Profession: physical instructor
 Region: bangalore
 Age: 40
 DeviceType: digimemo a402
 SkillDevice: average
 Language: hindi
 Script: indic
 Native: false
 Style: discrete
 UsageFreq: once a week
 Proficiency: good
 Date: 2007-7-15
 WritingInProfession: no

.PEN_DOWN
5170 3309 0
5165 3309 0
5162 3309 0
5168 3309 0
5183 3308 0
5207 3308 0
5237 3308 0
5277 3307 0
5330 3306 0
5386 3305 0
5430 3304 0
5458 3303 0
5473 3302 0
5480 3302 0
5483 3302 0
5480 3303 0
5478 3307 0
.PEN_UP
.PEN_DOWN
5347 3325 0
5348 3321 0
5351 3318 0
5354 3315 0
5357 3312 0
5360 3310 0
5363 3308 0
5366 3306 0
5369 3305 0
5371 3309 0
5371 3314 0
5369 3322 0
5367 3331 0
5366 3344 0
5366 3360 0
5366 3380 0
5366 3402 0
5367 3424 0
5368 3448 0
5370 3469 0
5372 3486 0
5375 3499 0
5378 3508 0
5380 3513 0
5380 3507 0
5377 3499 0
5372 3488 0
5364 3477 0
.PEN_UP
.PEN_DOWN
5326 3398 0
5327 3395 0
5323 3393 0
5316 3393 0
5305 3394 0
5294 3396 0
5282 3400 0
5272 3405 0
5264 3411 0
5257 3417 0
5249 3426 0
5243 3435 0
5239 3446 0
5238 3461 0
5239 3478 0
5243 3494 0
5248 3510 0
5253 3523 0
5257 3536 0
5261 3545 0
5263 3553 0
5264 3560 0
5264 3566 0
5264 3572 0
5264 3578 0
5263 3583 0
5261 3587 0
.PEN_UP
.PEN_DOWN
5267 3415 0
5267 3410 0
5267 3407 0
5264 3406 0
5258 3407 0
5238 3409 0
5207 3411 0
5171 3412 0
5139 3413 0
5117 3414 0
5102 3415 0
5092 3412 0
5092 3412 0
.PEN_UP
