.VERSION 1.0 
.HIERARCHY CHARACTER
.COORD X Y T
.SEGMENT CHARACTER 0-1 OK "36"
.H_LINE 2999 3874
.V_LINE 1999 2749
.X_DIM 749
.Y_DIM 874
.X_POINTS_PER_INCH 1000
.Y_POINTS_PER_INCH 1000
.POINTS_PER_SECOND 125
.COMMENT CALIB X: 59 Y: -47

.WRITER_INFO
 Name: L PRASHANT
 WriterId: 56
 Hand: right
 EducationLevel: post graduate
 Gender: male
 Profession: employee
 Region: visakhapatnam
 Age: 24
 DeviceType: digimemo a402
 SkillDevice: good
 Language: hindi
 Script: indic
 Native: false
 Style: discrete
 UsageFreq: rarely
 Proficiency: average
 Date: 2007-6-23
 WritingInProfession: no

.PEN_DOWN
2278 3329 0
2275 3326 0
2274 3332 0
2274 3338 0
2274 3346 0
2274 3355 0
2275 3365 0
2274 3375 0
2274 3387 0
2273 3401 0
2272 3414 0
2271 3427 0
2270 3437 0
2267 3445 0
2264 3450 0
2261 3454 0
2258 3455 0
2253 3455 0
2247 3454 0
2239 3451 0
2230 3446 0
2221 3441 0
2212 3436 0
2203 3431 0
2197 3426 0
2193 3422 0
2192 3419 0
2192 3416 0
2195 3413 0
2199 3411 0
2204 3411 0
2210 3411 0
2215 3412 0
2224 3415 0
2236 3417 0
2252 3419 0
2267 3421 0
2278 3423 0
2288 3425 0
2299 3425 0
2310 3424 0
2319 3423 0
2326 3420 0
2330 3417 0
2334 3412 0
2337 3405 0
2340 3395 0
2343 3383 0
2347 3371 0
2350 3363 0
2352 3356 0
2354 3350 0
2355 3345 0
2355 3342 0
2355 3347 0
2354 3353 0
2354 3358 0
2353 3365 0
2353 3372 0
2352 3380 0
2351 3390 0
2350 3405 0
2350 3421 0
2350 3440 0
2350 3457 0
2351 3472 0
2351 3485 0
2351 3495 0
2351 3502 0
2350 3506 0
2349 3499 0
.PEN_UP
.PEN_DOWN
2244 3343 0
2247 3342 0
2251 3342 0
2257 3343 0
2268 3343 0
2279 3343 0
2291 3343 0
2305 3342 0
2321 3342 0
2342 3342 0
2367 3342 0
2391 3343 0
2414 3343 0
2435 3343 0
2450 3343 0
2461 3343 0
2466 3343 0
2469 3343 0
2469 3343 0
.PEN_UP
