.VERSION 1.0 
.HIERARCHY CHARACTER
.COORD X Y T
.SEGMENT CHARACTER 0-1 OK "99"
.H_LINE 2999 3874
.V_LINE 6500 7250
.X_DIM 750
.Y_DIM 874
.X_POINTS_PER_INCH 1000
.Y_POINTS_PER_INCH 1000
.POINTS_PER_SECOND 125
.COMMENT CALIB X: 67 Y: -150

.WRITER_INFO
 Name: L PRASHANT
 WriterId: 56
 Hand: right
 EducationLevel: post graduate
 Gender: male
 Profession: employee
 Region: visakhapatnam
 Age: 24
 DeviceType: digimemo a402
 SkillDevice: good
 Language: hindi
 Script: indic
 Native: false
 Style: discrete
 UsageFreq: rarely
 Proficiency: average
 Date: 2007-6-23
 WritingInProfession: no

.PEN_DOWN
6762 3165 0
6767 3166 0
6775 3166 0
6787 3167 0
6802 3169 0
6817 3170 0
6831 3171 0
6846 3173 0
6860 3174 0
6872 3175 0
6881 3176 0
6886 3176 0
6892 3177 0
.PEN_UP
.PEN_DOWN
6837 3174 0
6837 3177 0
6837 3182 0
6838 3189 0
6839 3197 0
6840 3206 0
6841 3214 0
6842 3221 0
6843 3228 0
6844 3233 0
6845 3237 0
6841 3237 0
6837 3236 0
6832 3236 0
6825 3236 0
6818 3236 0
6810 3238 0
6801 3240 0
6793 3243 0
6786 3246 0
6781 3250 0
6778 3253 0
6777 3256 0
6778 3259 0
6780 3263 0
6785 3266 0
6789 3269 0
6794 3272 0
6803 3274 0
6812 3275 0
6820 3277 0
6827 3278 0
6832 3278 0
6829 3278 0
6826 3278 0
6822 3278 0
6817 3278 0
6811 3280 0
6804 3281 0
6798 3283 0
6791 3285 0
6786 3288 0
6782 3292 0
6779 3298 0
6776 3304 0
6774 3311 0
6774 3319 0
6775 3325 0
6778 3332 0
6783 3339 0
6790 3346 0
6797 3351 0
6806 3355 0
6815 3357 0
6826 3358 0
6835 3358 0
6845 3358 0
6855 3357 0
6862 3355 0
6867 3353 0
6870 3351 0
6872 3348 0
6873 3344 0
6874 3339 0
6874 3334 0
6874 3330 0
6873 3327 0
6868 3326 0
6863 3326 0
6857 3326 0
6851 3328 0
6845 3332 0
6840 3337 0
6837 3344 0
6835 3353 0
6834 3362 0
6834 3372 0
6834 3384 0
6835 3399 0
6835 3414 0
6835 3427 0
6835 3439 0
6835 3448 0
6835 3456 0
6835 3462 0
6836 3467 0
6836 3467 0
.PEN_UP
