.VERSION 1.0 
.HIERARCHY CHARACTER
.COORD X Y T
.SEGMENT CHARACTER 0-2 OK "103"
.H_LINE 4624 5499
.V_LINE 5000 5750
.X_DIM 750
.Y_DIM 874
.X_POINTS_PER_INCH 1000
.Y_POINTS_PER_INCH 1000
.POINTS_PER_SECOND 125
.COMMENT CALIB X: 50 Y: -149

.WRITER_INFO
 Name: L PRASHANT
 WriterId: 56
 Hand: right
 EducationLevel: post graduate
 Gender: male
 Profession: employee
 Region: visakhapatnam
 Age: 24
 DeviceType: digimemo a402
 SkillDevice: good
 Language: hindi
 Script: indic
 Native: false
 Style: discrete
 UsageFreq: rarely
 Proficiency: average
 Date: 2007-6-23
 WritingInProfession: no

.PEN_DOWN
5391 4815 0
5394 4818 0
5396 4826 0
5397 4840 0
5398 4859 0
5399 4882 0
5400 4904 0
5400 4926 0
5400 4946 0
5400 4960 0
5400 4973 0
5400 4982 0
5400 4988 0
5400 4991 0
5401 4987 0
5401 4980 0
5401 4971 0
5400 4962 0
5399 4953 0
5396 4944 0
5392 4937 0
5385 4929 0
5372 4922 0
5357 4917 0
5341 4914 0
5323 4912 0
5308 4911 0
5296 4912 0
5288 4913 0
5284 4914 0
5285 4917 0
5288 4920 0
5294 4922 0
5300 4923 0
5306 4923 0
5309 4921 0
5312 4919 0
5314 4916 0
5315 4913 0
5314 4910 0
5311 4907 0
5308 4909 0
5308 4909 0
.PEN_UP
.PEN_DOWN
5389 4953 0
5386 4953 0
5382 4953 0
5377 4951 0
5372 4951 0
5364 4956 0
5355 4962 0
5346 4969 0
5337 4978 0
5329 4986 0
5320 4996 0
5312 5005 0
5306 5013 0
5302 5021 0
5300 5028 0
5300 5034 0
5302 5039 0
5304 5042 0
5307 5042 0
5310 5041 0
5314 5038 0
5318 5035 0
5321 5032 0
5323 5029 0
5324 5026 0
5321 5023 0
5316 5022 0
.PEN_UP
.PEN_DOWN
5304 4801 0
5301 4800 0
5305 4799 0
5311 4798 0
5321 4798 0
5335 4798 0
5353 4798 0
5376 4799 0
5405 4799 0
5436 4799 0
5464 4799 0
5488 4799 0
5507 4798 0
5520 4797 0
5528 4797 0
5532 4797 0
5532 4797 0
.PEN_UP
