.VERSION 1.0 
.HIERARCHY CHARACTER
.COORD X Y T
.SEGMENT CHARACTER 0-3 OK "106"
.H_LINE 6249 7124
.V_LINE 1999 2749
.X_DIM 749
.Y_DIM 875
.X_POINTS_PER_INCH 1000
.Y_POINTS_PER_INCH 1000
.POINTS_PER_SECOND 125
.COMMENT CALIB X: 31 Y: -73

.WRITER_INFO
 Name: L PRASHANT
 WriterId: 56
 Hand: right
 EducationLevel: post graduate
 Gender: male
 Profession: employee
 Region: visakhapatnam
 Age: 24
 DeviceType: digimemo a402
 SkillDevice: good
 Language: hindi
 Script: indic
 Native: false
 Style: discrete
 UsageFreq: rarely
 Proficiency: average
 Date: 2007-6-23
 WritingInProfession: no

.PEN_DOWN
2309 6433 0
2310 6439 0
2312 6446 0
2315 6454 0
2318 6463 0
2321 6475 0
2324 6487 0
2327 6497 0
2329 6505 0
2329 6511 0
2329 6515 0
2328 6512 0
2327 6506 0
2326 6499 0
2323 6491 0
2320 6483 0
2316 6476 0
2312 6471 0
2308 6467 0
2304 6465 0
2299 6464 0
2294 6464 0
2290 6465 0
2286 6466 0
2283 6470 0
2279 6475 0
2275 6481 0
2270 6488 0
2265 6495 0
2261 6501 0
2259 6506 0
2257 6511 0
2256 6514 0
2255 6518 0
2256 6521 0
2256 6524 0
2259 6528 0
2261 6531 0
2265 6535 0
2270 6537 0
2275 6539 0
2279 6540 0
2283 6541 0
2289 6541 0
2295 6542 0
2299 6543 0
2303 6544 0
2306 6545 0
2309 6546 0
2312 6547 0
2315 6548 0
2318 6549 0
2321 6550 0
2325 6551 0
2328 6551 0
2331 6552 0
2334 6554 0
2337 6555 0
2340 6558 0
2343 6561 0
2346 6563 0
2349 6566 0
2351 6570 0
2352 6573 0
2354 6576 0
2355 6579 0
2357 6582 0
2357 6585 0
2356 6588 0
2353 6591 0
2350 6593 0
2350 6593 0
.PEN_UP
.PEN_DOWN
2315 6553 0
2312 6552 0
2308 6551 0
2304 6551 0
2298 6553 0
2293 6555 0
2287 6558 0
2282 6561 0
2276 6565 0
2271 6568 0
2267 6573 0
2263 6579 0
2258 6586 0
2254 6593 0
2251 6601 0
2250 6608 0
2249 6616 0
2250 6623 0
2253 6631 0
2258 6637 0
2263 6642 0
2268 6645 0
2273 6647 0
2277 6648 0
2281 6648 0
2284 6648 0
2287 6648 0
2290 6647 0
2291 6644 0
2291 6644 0
.PEN_UP
.PEN_DOWN
2348 6567 0
2350 6570 0
2352 6573 0
2353 6576 0
2356 6579 0
2357 6582 0
2358 6585 0
2357 6588 0
2355 6591 0
2352 6592 0
2349 6593 0
2346 6594 0
2342 6595 0
2337 6596 0
2333 6597 0
2330 6598 0
2328 6601 0
2325 6604 0
2324 6607 0
2324 6610 0
2323 6613 0
2324 6616 0
2325 6619 0
2326 6622 0
2328 6625 0
2331 6626 0
2335 6627 0
2340 6628 0
2345 6628 0
2350 6627 0
2358 6625 0
2366 6624 0
2376 6622 0
2386 6620 0
2396 6617 0
2404 6615 0
2410 6612 0
2415 6609 0
2419 6608 0
2423 6606 0
2426 6604 0
2429 6601 0
2432 6597 0
2435 6592 0
2438 6585 0
2441 6576 0
2445 6563 0
2449 6549 0
2453 6536 0
2457 6523 0
2459 6510 0
2460 6498 0
2459 6484 0
2458 6472 0
2455 6459 0
2452 6446 0
2449 6433 0
2446 6422 0
2445 6415 0
2445 6412 0
2445 6416 0
2445 6423 0
2447 6435 0
2448 6449 0
2451 6466 0
2454 6485 0
2457 6507 0
2459 6527 0
2460 6548 0
2461 6569 0
2462 6587 0
2463 6603 0
2463 6617 0
2463 6628 0
2463 6636 0
2463 6641 0
2463 6644 0
2464 6639 0
2468 6632 0
.PEN_UP
.PEN_DOWN
2241 6433 0
2246 6431 0
2251 6429 0
2258 6428 0
2268 6427 0
2280 6424 0
2296 6421 0
2315 6418 0
2341 6415 0
2376 6411 0
2419 6407 0
2458 6402 0
2491 6398 0
2515 6395 0
2531 6393 0
2540 6391 0
2544 6390 0
2543 6395 0
2541 6402 0
.PEN_UP
