278.0,182.0
281.0,182.0
284.0,182.0
288.0,181.0
291.0,181.0
295.0,180.0
299.0,180.0
304.0,180.0
306.0,179.0
308.0,179.0
311.0,179.0
313.0,179.0
318.0,177.0
322.0,177.0
326.0,176.0
329.0,176.0
332.0,176.0
335.0,176.0
337.0,176.0
339.0,176.0
342.0,176.0
343.0,176.0
344.0,176.0
346.0,176.0
347.0,176.0
349.0,176.0
350.0,175.0
351.0,175.0
353.0,175.0
354.0,175.0
356.0,175.0
357.0,175.0
356.0,175.0
354.0,175.0
353.0,175.0
351.0,175.0
350.0,175.0
347.0,175.0
346.0,176.0
343.0,176.0
340.0,176.0
339.0,176.0
336.0,176.0
333.0,176.0
332.0,176.0
330.0,177.0
329.0,177.0
327.0,177.0
326.0,177.0
325.0,177.0
323.0,179.0
322.0,179.0
320.0,180.0
319.0,180.0
319.0,181.0
318.0,181.0
318.0,182.0
316.0,183.0
315.0,185.0
315.0,186.0
313.0,187.0
313.0,189.0
312.0,190.0
312.0,192.0
311.0,193.0
311.0,194.0
311.0,195.0
311.0,196.0
311.0,197.0
311.0,200.0
311.0,202.0
311.0,206.0
311.0,207.0
311.0,210.0
311.0,213.0
313.0,215.0
315.0,217.0
316.0,217.0
318.0,219.0
320.0,220.0
322.0,220.0
323.0,220.0
325.0,220.0
329.0,220.0
330.0,220.0
333.0,220.0
336.0,220.0
339.0,219.0
342.0,219.0
343.0,216.0
346.0,215.0
347.0,213.0
349.0,211.0
351.0,209.0
353.0,208.0
354.0,204.0
356.0,201.0
357.0,199.0
358.0,196.0
358.0,194.0
360.0,192.0
360.0,190.0
360.0,188.0
360.0,187.0
360.0,185.0
360.0,182.0
360.0,180.0
360.0,176.0
360.0,175.0
360.0,173.0
360.0,172.0
360.0,170.0
360.0,169.0
360.0,167.0
360.0,165.0
360.0,163.0
360.0,162.0
360.0,161.0
360.0,160.0
360.0,158.0
360.0,156.0
360.0,155.0
360.0,156.0
360.0,158.0
360.0,160.0
360.0,161.0
360.0,163.0
360.0,166.0
360.0,169.0
360.0,172.0
361.0,175.0
361.0,177.0
361.0,182.0
361.0,185.0
361.0,189.0
361.0,192.0
361.0,194.0
361.0,195.0
361.0,197.0
361.0,200.0
363.0,202.0
363.0,203.0
363.0,204.0
363.0,206.0
363.0,207.0
363.0,208.0
363.0,209.0
-1.0,-1.0
-1.0,-1.0
-1.0,-1.0
284.0,150.0
286.0,150.0
289.0,150.0
295.0,150.0
299.0,150.0
306.0,150.0
310.0,150.0
317.0,150.0
322.0,150.0
327.0,150.0
330.0,150.0
336.0,150.0
339.0,150.0
344.0,150.0
347.0,150.0
353.0,150.0
355.0,150.0
360.0,150.0
361.0,150.0
365.0,150.0
367.0,150.0
369.0,150.0
371.0,150.0
372.0,149.0
374.0,149.0
375.0,149.0
378.0,149.0
379.0,149.0
381.0,149.0
382.0,149.0
384.0,149.0
385.0,149.0
386.0,149.0
389.0,149.0
391.0,149.0
393.0,149.0
396.0,149.0
398.0,149.0
400.0,149.0
400.0,150.0
-1.0,-1.0
 
