106.0,212.0
109.0,212.0
110.0,212.0
112.0,212.0
114.0,212.0
119.0,212.0
121.0,212.0
126.0,212.0
128.0,212.0
133.0,212.0
134.0,212.0
140.0,211.0
143.0,211.0
147.0,211.0
150.0,210.0
154.0,210.0
157.0,209.0
162.0,209.0
166.0,209.0
172.0,207.0
176.0,207.0
179.0,207.0
181.0,206.0
183.0,206.0
186.0,206.0
189.0,206.0
190.0,206.0
190.0,207.0
190.0,209.0
190.0,210.0
190.0,211.0
190.0,213.0
190.0,216.0
190.0,219.0
189.0,223.0
188.0,227.0
186.0,231.0
186.0,232.0
185.0,234.0
185.0,237.0
183.0,240.0
183.0,243.0
183.0,245.0
183.0,246.0
183.0,247.0
183.0,248.0
183.0,250.0
183.0,251.0
183.0,252.0
183.0,253.0
183.0,254.0
183.0,256.0
183.0,257.0
183.0,258.0
185.0,259.0
186.0,259.0
189.0,260.0
190.0,261.0
193.0,261.0
196.0,263.0
200.0,263.0
204.0,263.0
207.0,263.0
210.0,263.0
214.0,263.0
223.0,263.0
230.0,263.0
238.0,260.0
242.0,260.0
248.0,258.0
251.0,257.0
255.0,256.0
258.0,254.0
261.0,253.0
262.0,252.0
265.0,250.0
269.0,247.0
272.0,245.0
276.0,241.0
278.0,239.0
282.0,237.0
283.0,234.0
288.0,230.0
290.0,227.0
292.0,224.0
293.0,221.0
296.0,218.0
299.0,212.0
302.0,207.0
303.0,203.0
304.0,200.0
306.0,196.0
306.0,193.0
307.0,191.0
307.0,189.0
307.0,185.0
307.0,182.0
307.0,178.0
307.0,176.0
307.0,175.0
306.0,175.0
306.0,176.0
304.0,176.0
304.0,177.0
304.0,178.0
303.0,178.0
303.0,180.0
303.0,182.0
303.0,183.0
302.0,184.0
302.0,186.0
302.0,187.0
300.0,191.0
300.0,194.0
300.0,200.0
300.0,204.0
300.0,209.0
300.0,212.0
300.0,218.0
300.0,220.0
300.0,225.0
300.0,227.0
300.0,231.0
302.0,233.0
302.0,237.0
302.0,240.0
303.0,244.0
303.0,246.0
303.0,250.0
304.0,256.0
306.0,259.0
306.0,264.0
306.0,266.0
307.0,268.0
307.0,271.0
307.0,272.0
307.0,273.0
307.0,274.0
307.0,275.0
307.0,277.0
307.0,279.0
309.0,279.0
309.0,280.0
309.0,281.0
-1.0,-1.0
250.0,167.0
255.0,167.0
259.0,167.0
265.0,167.0
269.0,167.0
277.0,167.0
283.0,167.0
290.0,167.0
294.0,167.0
297.0,167.0
300.0,167.0
304.0,167.0
308.0,167.0
311.0,167.0
315.0,167.0
318.0,167.0
321.0,167.0
324.0,167.0
326.0,167.0
328.0,167.0
331.0,167.0
333.0,167.0
336.0,167.0
338.0,167.0
339.0,167.0
341.0,167.0
342.0,167.0
343.0,167.0
345.0,167.0
346.0,167.0
348.0,167.0
349.0,167.0
350.0,167.0
352.0,167.0
353.0,167.0
355.0,167.0
355.0,168.0
356.0,168.0
-1.0,-1.0
 
