239.0,174.0
243.0,175.0
247.0,176.0
251.0,177.0
257.0,178.0
261.0,179.0
268.0,179.0
272.0,181.0
284.0,181.0
289.0,181.0
296.0,181.0
299.0,181.0
303.0,181.0
306.0,181.0
310.0,181.0
312.0,181.0
313.0,181.0
315.0,181.0
313.0,181.0
312.0,181.0
310.0,181.0
309.0,181.0
308.0,181.0
305.0,181.0
303.0,181.0
301.0,181.0
298.0,181.0
296.0,182.0
294.0,183.0
292.0,185.0
291.0,186.0
289.0,188.0
288.0,190.0
288.0,191.0
286.0,192.0
286.0,195.0
285.0,196.0
285.0,197.0
284.0,199.0
284.0,201.0
284.0,203.0
284.0,205.0
284.0,208.0
284.0,209.0
284.0,211.0
284.0,212.0
284.0,215.0
284.0,216.0
286.0,218.0
288.0,218.0
291.0,219.0
294.0,220.0
298.0,222.0
302.0,222.0
308.0,223.0
312.0,223.0
319.0,223.0
323.0,223.0
333.0,223.0
339.0,220.0
352.0,216.0
362.0,210.0
367.0,206.0
370.0,204.0
375.0,200.0
388.0,188.0
395.0,181.0
398.0,178.0
401.0,175.0
403.0,169.0
406.0,167.0
409.0,161.0
415.0,145.0
422.0,121.0
425.0,114.0
425.0,110.0
425.0,109.0
425.0,107.0
425.0,106.0
423.0,106.0
423.0,107.0
423.0,109.0
422.0,109.0
422.0,110.0
422.0,111.0
420.0,111.0
420.0,112.0
420.0,113.0
420.0,115.0
420.0,116.0
420.0,118.0
419.0,120.0
419.0,125.0
419.0,127.0
419.0,133.0
418.0,138.0
418.0,144.0
418.0,147.0
418.0,150.0
418.0,153.0
416.0,157.0
416.0,168.0
416.0,173.0
416.0,180.0
416.0,183.0
416.0,187.0
416.0,189.0
416.0,193.0
416.0,197.0
416.0,200.0
416.0,201.0
416.0,203.0
416.0,204.0
416.0,207.0
416.0,208.0
416.0,209.0
416.0,210.0
416.0,212.0
416.0,213.0
416.0,214.0
416.0,215.0
416.0,216.0
-1.0,-1.0
302.0,100.0
307.0,100.0
309.0,100.0
314.0,100.0
323.0,100.0
349.0,100.0
361.0,100.0
388.0,100.0
402.0,100.0
426.0,100.0
436.0,100.0
451.0,100.0
460.0,98.0
467.0,98.0
470.0,98.0
473.0,98.0
474.0,98.0
-1.0,-1.0
 
