185.0,228.0
188.0,228.0
194.0,227.0
198.0,227.0
208.0,227.0
215.0,227.0
230.0,227.0
237.0,227.0
246.0,227.0
250.0,226.0
257.0,226.0
261.0,226.0
265.0,226.0
268.0,226.0
272.0,226.0
275.0,226.0
278.0,226.0
280.0,226.0
281.0,226.0
281.0,227.0
280.0,228.0
277.0,228.0
275.0,228.0
272.0,228.0
271.0,229.0
267.0,229.0
264.0,231.0
260.0,232.0
257.0,233.0
254.0,234.0
251.0,235.0
249.0,236.0
247.0,238.0
246.0,239.0
246.0,240.0
244.0,241.0
244.0,242.0
244.0,245.0
244.0,247.0
244.0,248.0
244.0,250.0
244.0,252.0
244.0,255.0
244.0,256.0
244.0,260.0
246.0,262.0
249.0,265.0
251.0,267.0
254.0,270.0
257.0,272.0
261.0,273.0
264.0,274.0
265.0,275.0
268.0,275.0
271.0,275.0
278.0,275.0
284.0,275.0
292.0,275.0
295.0,275.0
301.0,275.0
303.0,274.0
309.0,273.0
312.0,270.0
316.0,268.0
318.0,267.0
320.0,266.0
322.0,265.0
323.0,263.0
326.0,261.0
327.0,259.0
330.0,256.0
332.0,255.0
334.0,252.0
337.0,249.0
340.0,246.0
341.0,245.0
343.0,242.0
343.0,241.0
-1.0,-1.0
343.0,184.0
343.0,186.0
343.0,188.0
343.0,193.0
341.0,215.0
341.0,238.0
338.0,264.0
338.0,272.0
338.0,278.0
338.0,280.0
338.0,285.0
338.0,286.0
338.0,290.0
338.0,292.0
338.0,295.0
338.0,298.0
338.0,300.0
338.0,303.0
339.0,306.0
339.0,308.0
339.0,311.0
339.0,313.0
339.0,317.0
339.0,318.0
339.0,321.0
339.0,322.0
339.0,326.0
339.0,327.0
339.0,330.0
339.0,332.0
339.0,333.0
339.0,334.0
-1.0,-1.0
244.0,180.0
250.0,180.0
254.0,180.0
265.0,180.0
271.0,180.0
290.0,180.0
303.0,180.0
328.0,180.0
338.0,180.0
363.0,180.0
374.0,180.0
379.0,180.0
386.0,180.0
393.0,180.0
401.0,180.0
409.0,180.0
413.0,180.0
414.0,180.0
414.0,181.0
415.0,181.0
415.0,183.0
-1.0,-1.0
 
