214.0,163.0
217.0,163.0
219.0,163.0
224.0,163.0
226.0,163.0
228.0,163.0
231.0,163.0
233.0,163.0
238.0,163.0
243.0,165.0
250.0,165.0
255.0,165.0
260.0,165.0
264.0,165.0
267.0,165.0
269.0,165.0
271.0,165.0
276.0,165.0
278.0,165.0
281.0,165.0
284.0,165.0
288.0,165.0
290.0,165.0
293.0,165.0
294.0,165.0
295.0,165.0
297.0,165.0
298.0,165.0
300.0,165.0
301.0,165.0
304.0,165.0
305.0,165.0
307.0,165.0
308.0,165.0
309.0,165.0
311.0,165.0
312.0,165.0
314.0,165.0
315.0,165.0
316.0,165.0
316.0,166.0
315.0,166.0
314.0,166.0
312.0,166.0
311.0,166.0
308.0,166.0
307.0,166.0
305.0,166.0
304.0,166.0
302.0,166.0
301.0,166.0
298.0,166.0
295.0,166.0
293.0,166.0
291.0,166.0
288.0,166.0
287.0,166.0
285.0,166.0
284.0,166.0
281.0,166.0
280.0,166.0
278.0,166.0
277.0,166.0
276.0,166.0
274.0,166.0
273.0,166.0
271.0,166.0
270.0,166.0
269.0,167.0
267.0,167.0
266.0,168.0
264.0,169.0
263.0,170.0
262.0,172.0
262.0,173.0
262.0,174.0
262.0,175.0
262.0,178.0
260.0,179.0
260.0,180.0
260.0,182.0
260.0,185.0
260.0,187.0
260.0,190.0
260.0,193.0
262.0,195.0
262.0,197.0
263.0,200.0
266.0,203.0
267.0,206.0
269.0,207.0
269.0,208.0
271.0,209.0
271.0,210.0
274.0,210.0
276.0,210.0
277.0,212.0
278.0,212.0
280.0,212.0
283.0,212.0
285.0,212.0
288.0,212.0
290.0,212.0
293.0,212.0
294.0,212.0
297.0,212.0
300.0,210.0
302.0,208.0
304.0,207.0
307.0,206.0
308.0,205.0
309.0,202.0
311.0,201.0
312.0,199.0
314.0,197.0
315.0,196.0
315.0,195.0
316.0,192.0
316.0,190.0
318.0,187.0
319.0,185.0
319.0,181.0
319.0,178.0
321.0,173.0
321.0,169.0
321.0,165.0
322.0,162.0
322.0,158.0
322.0,155.0
322.0,152.0
322.0,149.0
322.0,146.0
322.0,143.0
322.0,141.0
322.0,139.0
322.0,136.0
322.0,135.0
322.0,134.0
322.0,135.0
322.0,136.0
322.0,140.0
322.0,142.0
322.0,147.0
322.0,152.0
322.0,163.0
322.0,172.0
322.0,190.0
322.0,198.0
322.0,210.0
322.0,219.0
322.0,227.0
322.0,231.0
322.0,236.0
322.0,239.0
322.0,243.0
322.0,246.0
322.0,248.0
322.0,250.0
322.0,251.0
322.0,254.0
322.0,255.0
322.0,256.0
322.0,257.0
-1.0,-1.0
243.0,124.0
248.0,124.0
252.0,124.0
259.0,125.0
264.0,125.0
276.0,125.0
281.0,125.0
293.0,125.0
300.0,125.0
315.0,125.0
322.0,125.0
336.0,125.0
344.0,125.0
353.0,125.0
358.0,125.0
361.0,125.0
362.0,125.0
365.0,125.0
368.0,125.0
369.0,125.0
372.0,125.0
374.0,125.0
375.0,125.0
-1.0,-1.0
 
