176.0,178.0
177.0,178.0
180.0,178.0
184.0,178.0
187.0,178.0
193.0,176.0
197.0,175.0
204.0,175.0
208.0,174.0
214.0,173.0
217.0,173.0
221.0,173.0
224.0,173.0
228.0,173.0
231.0,172.0
235.0,172.0
236.0,172.0
239.0,172.0
242.0,172.0
245.0,172.0
246.0,172.0
249.0,172.0
249.0,170.0
252.0,170.0
253.0,170.0
256.0,170.0
259.0,170.0
262.0,170.0
263.0,170.0
267.0,170.0
269.0,170.0
271.0,170.0
273.0,170.0
274.0,170.0
276.0,170.0
277.0,170.0
278.0,170.0
280.0,170.0
281.0,170.0
283.0,170.0
284.0,170.0
286.0,170.0
287.0,170.0
288.0,170.0
287.0,170.0
286.0,170.0
284.0,170.0
283.0,170.0
281.0,170.0
280.0,170.0
278.0,170.0
277.0,170.0
276.0,170.0
274.0,170.0
273.0,170.0
271.0,170.0
270.0,172.0
269.0,172.0
267.0,172.0
266.0,172.0
264.0,172.0
264.0,173.0
263.0,173.0
262.0,173.0
260.0,173.0
259.0,174.0
257.0,174.0
256.0,174.0
255.0,175.0
253.0,175.0
252.0,176.0
250.0,176.0
249.0,178.0
248.0,179.0
246.0,179.0
245.0,180.0
243.0,181.0
242.0,182.0
240.0,185.0
239.0,186.0
238.0,186.0
238.0,187.0
236.0,188.0
235.0,190.0
235.0,193.0
233.0,194.0
232.0,195.0
232.0,196.0
232.0,199.0
232.0,200.0
232.0,201.0
232.0,202.0
231.0,203.0
231.0,205.0
231.0,206.0
231.0,207.0
231.0,208.0
231.0,209.0
231.0,210.0
231.0,212.0
231.0,213.0
231.0,215.0
232.0,217.0
233.0,220.0
233.0,222.0
236.0,224.0
239.0,227.0
242.0,230.0
243.0,232.0
246.0,234.0
248.0,236.0
250.0,237.0
252.0,239.0
255.0,241.0
256.0,241.0
259.0,242.0
262.0,243.0
264.0,243.0
266.0,244.0
269.0,244.0
270.0,244.0
273.0,244.0
276.0,244.0
278.0,244.0
280.0,244.0
283.0,244.0
286.0,244.0
288.0,244.0
291.0,244.0
293.0,244.0
294.0,243.0
297.0,243.0
300.0,241.0
302.0,240.0
305.0,239.0
308.0,236.0
311.0,235.0
312.0,233.0
316.0,229.0
321.0,227.0
324.0,223.0
326.0,221.0
328.0,217.0
331.0,215.0
332.0,213.0
333.0,210.0
335.0,207.0
336.0,205.0
339.0,201.0
339.0,199.0
342.0,195.0
342.0,193.0
343.0,190.0
343.0,188.0
345.0,186.0
345.0,183.0
345.0,182.0
346.0,181.0
346.0,179.0
346.0,175.0
346.0,173.0
346.0,170.0
346.0,168.0
346.0,167.0
346.0,163.0
346.0,161.0
346.0,158.0
346.0,155.0
346.0,152.0
346.0,149.0
346.0,147.0
346.0,145.0
346.0,144.0
346.0,142.0
346.0,141.0
346.0,140.0
346.0,139.0
346.0,140.0
346.0,141.0
346.0,142.0
346.0,144.0
346.0,146.0
346.0,148.0
345.0,152.0
345.0,154.0
345.0,156.0
345.0,159.0
345.0,161.0
345.0,166.0
345.0,169.0
345.0,173.0
345.0,175.0
343.0,179.0
343.0,181.0
343.0,186.0
343.0,189.0
343.0,195.0
343.0,199.0
343.0,203.0
343.0,206.0
343.0,209.0
343.0,212.0
343.0,215.0
343.0,217.0
343.0,220.0
343.0,222.0
343.0,224.0
343.0,226.0
343.0,228.0
343.0,230.0
343.0,233.0
343.0,234.0
343.0,235.0
343.0,236.0
343.0,237.0
343.0,239.0
343.0,240.0
343.0,241.0
343.0,242.0
343.0,243.0
343.0,244.0
343.0,246.0
342.0,247.0
342.0,248.0
342.0,249.0
342.0,250.0
342.0,251.0
342.0,253.0
342.0,254.0
342.0,255.0
-1.0,-1.0
273.0,136.0
275.0,136.0
277.0,136.0
281.0,135.0
284.0,135.0
289.0,135.0
292.0,135.0
298.0,135.0
301.0,135.0
306.0,135.0
311.0,135.0
316.0,135.0
318.0,135.0
322.0,135.0
323.0,135.0
326.0,135.0
329.0,135.0
332.0,135.0
333.0,135.0
334.0,135.0
336.0,135.0
339.0,135.0
340.0,135.0
342.0,135.0
343.0,135.0
346.0,135.0
347.0,135.0
350.0,135.0
351.0,135.0
354.0,135.0
356.0,135.0
358.0,135.0
360.0,135.0
361.0,135.0
363.0,135.0
365.0,135.0
367.0,135.0
370.0,135.0
371.0,135.0
372.0,135.0
374.0,135.0
375.0,135.0
377.0,135.0
378.0,135.0
-1.0,-1.0
 
