199.0,193.0
201.0,193.0
202.0,193.0
203.0,193.0
205.0,193.0
208.0,193.0
209.0,193.0
212.0,193.0
215.0,193.0
217.0,193.0
219.0,193.0
222.0,193.0
223.0,193.0
226.0,193.0
227.0,193.0
230.0,193.0
231.0,193.0
233.0,193.0
234.0,193.0
236.0,193.0
237.0,193.0
239.0,193.0
240.0,193.0
241.0,193.0
243.0,193.0
244.0,193.0
246.0,193.0
248.0,193.0
250.0,193.0
254.0,193.0
255.0,193.0
258.0,193.0
261.0,193.0
264.0,193.0
265.0,193.0
267.0,193.0
268.0,193.0
269.0,193.0
271.0,193.0
272.0,193.0
274.0,193.0
275.0,193.0
277.0,193.0
278.0,193.0
279.0,193.0
281.0,195.0
282.0,195.0
284.0,195.0
284.0,196.0
282.0,197.0
279.0,197.0
277.0,197.0
275.0,198.0
274.0,198.0
271.0,198.0
267.0,198.0
265.0,199.0
262.0,199.0
261.0,200.0
260.0,200.0
257.0,203.0
254.0,204.0
253.0,206.0
251.0,207.0
251.0,209.0
250.0,210.0
250.0,211.0
250.0,212.0
248.0,213.0
248.0,215.0
248.0,216.0
248.0,217.0
247.0,218.0
247.0,219.0
247.0,220.0
247.0,223.0
247.0,225.0
247.0,227.0
247.0,232.0
248.0,234.0
251.0,238.0
254.0,240.0
257.0,244.0
260.0,245.0
261.0,247.0
262.0,247.0
265.0,250.0
269.0,251.0
272.0,252.0
278.0,254.0
281.0,254.0
285.0,256.0
289.0,256.0
295.0,256.0
299.0,256.0
307.0,256.0
313.0,256.0
322.0,256.0
326.0,256.0
331.0,253.0
336.0,252.0
341.0,251.0
344.0,249.0
350.0,246.0
353.0,244.0
358.0,239.0
361.0,236.0
365.0,231.0
367.0,229.0
371.0,225.0
372.0,222.0
374.0,218.0
375.0,215.0
376.0,212.0
376.0,209.0
378.0,204.0
379.0,196.0
381.0,191.0
381.0,183.0
382.0,179.0
382.0,173.0
382.0,170.0
382.0,166.0
382.0,164.0
382.0,162.0
382.0,161.0
382.0,159.0
382.0,158.0
381.0,158.0
381.0,157.0
379.0,157.0
379.0,156.0
378.0,156.0
378.0,155.0
378.0,153.0
376.0,153.0
376.0,152.0
375.0,151.0
374.0,151.0
374.0,152.0
374.0,155.0
374.0,156.0
374.0,158.0
374.0,161.0
374.0,165.0
374.0,169.0
374.0,176.0
374.0,179.0
374.0,185.0
374.0,189.0
374.0,193.0
374.0,198.0
374.0,203.0
375.0,205.0
375.0,210.0
375.0,212.0
375.0,217.0
375.0,219.0
376.0,224.0
376.0,226.0
376.0,231.0
376.0,232.0
376.0,236.0
376.0,237.0
376.0,239.0
376.0,240.0
376.0,243.0
376.0,244.0
376.0,245.0
376.0,246.0
376.0,247.0
376.0,249.0
376.0,250.0
376.0,251.0
376.0,252.0
376.0,253.0
376.0,254.0
376.0,256.0
376.0,257.0
376.0,258.0
376.0,259.0
376.0,260.0
376.0,261.0
378.0,261.0
378.0,263.0
378.0,264.0
-1.0,-1.0
266.0,138.0
269.0,138.0
273.0,139.0
279.0,139.0
283.0,139.0
294.0,139.0
300.0,139.0
311.0,139.0
315.0,139.0
325.0,139.0
329.0,139.0
332.0,139.0
336.0,139.0
342.0,139.0
349.0,139.0
352.0,139.0
358.0,139.0
360.0,139.0
363.0,139.0
365.0,139.0
367.0,139.0
372.0,139.0
374.0,139.0
377.0,139.0
380.0,139.0
384.0,139.0
386.0,139.0
389.0,139.0
390.0,139.0
393.0,139.0
394.0,139.0
397.0,139.0
398.0,139.0
400.0,141.0
401.0,141.0
403.0,141.0
404.0,141.0
405.0,141.0
407.0,141.0
408.0,141.0
410.0,142.0
411.0,142.0
412.0,142.0
414.0,142.0
415.0,142.0
417.0,142.0
418.0,142.0
419.0,142.0
421.0,142.0
422.0,142.0
424.0,142.0
425.0,142.0
427.0,142.0
428.0,142.0
431.0,143.0
432.0,143.0
-1.0,-1.0
 
