.VERSION 1.0 
.HIERARCHY CHARACTER
.COORD X Y T
.SEGMENT CHARACTER 0-3 OK "9"
.H_LINE 2999 3874
.V_LINE 6500 7250
.X_DIM 750
.Y_DIM 874
.X_POINTS_PER_INCH 1000
.Y_POINTS_PER_INCH 1000
.POINTS_PER_SECOND 125
.COMMENT CALIB X: 13 Y: -158

.WRITER_INFO
 Name: AVINASH B.
 WriterId: 106
 Hand: right
 EducationLevel: college graduate
 Gender: male
 Profession: student
 Region: bangalore
 Age: 22
 DeviceType: digimemo a402
 SkillDevice: average
 Language: hindi
 Script: indic
 Native: false
 Style: discrete
 UsageFreq: rarely
 Proficiency: average
 Date: 2007-9-1
 WritingInProfession: no

.PEN_DOWN
6798 3389 0
6799 3385 0
6801 3381 0
6805 3377 0
6812 3374 0
6823 3373 0
6836 3374 0
6848 3380 0
6859 3392 0
6867 3405 0
6872 3421 0
6872 3437 0
6866 3454 0
6854 3468 0
6837 3480 0
6819 3489 0
6803 3495 0
6788 3498 0
6776 3498 0
6767 3495 0
6761 3491 0
6757 3487 0
6755 3483 0
6756 3479 0
6757 3476 0
6760 3474 0
6763 3474 0
6766 3475 0
6769 3479 0
6774 3488 0
6781 3497 0
6788 3507 0
6798 3517 0
6808 3529 0
6820 3540 0
6834 3551 0
6848 3559 0
6863 3566 0
6878 3564 0
.PEN_UP
.PEN_DOWN
6854 3468 0
6860 3471 0
6871 3474 0
6889 3476 0
6910 3476 0
6930 3474 0
6945 3471 0
6955 3466 0
6961 3458 0
6963 3448 0
6960 3435 0
6955 3422 0
6947 3410 0
6936 3398 0
6924 3389 0
6908 3383 0
6890 3379 0
6871 3377 0
6855 3376 0
6843 3375 0
.PEN_UP
.PEN_DOWN
6924 3350 0
6924 3347 0
6920 3343 0
6915 3336 0
6908 3327 0
6898 3316 0
6885 3306 0
6870 3295 0
6854 3286 0
6838 3279 0
6823 3274 0
6809 3269 0
6797 3266 0
6789 3265 0
6781 3267 0
6775 3270 0
6771 3273 0
6770 3277 0
6771 3282 0
6775 3285 0
6781 3286 0
6789 3285 0
6798 3283 0
6804 3280 0
6809 3276 0
6814 3274 0
6817 3273 0
6817 3273 0
.PEN_UP
.PEN_DOWN
6753 3359 0
6750 3358 0
6747 3358 0
6751 3357 0
6758 3356 0
6769 3354 0
6789 3352 0
6819 3350 0
6859 3348 0
6904 3345 0
6944 3343 0
6975 3341 0
6998 3339 0
7013 3338 0
7021 3337 0
7025 3337 0
7020 3338 0
7011 3341 0
7001 3342 0
.PEN_UP
