.VERSION 1.0 
.HIERARCHY CHARACTER
.COORD X Y T
.SEGMENT CHARACTER 0-1 OK "5"
.H_LINE 2999 3874
.V_LINE 499 1250
.X_DIM 750
.Y_DIM 874
.X_POINTS_PER_INCH 1000
.Y_POINTS_PER_INCH 1000
.POINTS_PER_SECOND 125
.COMMENT CALIB X: -43 Y: -6

.WRITER_INFO
 Name: HANUMANTH RAO NAIDU
 WriterId: 100
 Hand: right
 EducationLevel: post graduate
 Gender: male
 Profession: lecturer
 Region: puttaparthi
 Age: 26
 DeviceType: digimemo a402
 SkillDevice: average
 Language: hindi
 Script: indic
 Native: false
 Style: discrete
 UsageFreq: once a week
 Proficiency: good
 Date: 2007-7-4
 WritingInProfession: no

.PEN_DOWN
690 3449 0
690 3446 0
690 3443 0
690 3440 0
690 3437 0
690 3434 0
690 3430 0
691 3427 0
693 3424 0
697 3421 0
701 3419 0
706 3417 0
712 3415 0
719 3413 0
726 3412 0
733 3411 0
741 3411 0
747 3411 0
752 3412 0
756 3413 0
762 3414 0
769 3416 0
775 3417 0
780 3419 0
785 3422 0
789 3424 0
794 3427 0
798 3430 0
801 3432 0
804 3435 0
806 3439 0
807 3443 0
808 3447 0
808 3450 0
807 3453 0
806 3456 0
805 3460 0
803 3465 0
799 3470 0
795 3475 0
790 3481 0
784 3487 0
779 3492 0
773 3499 0
766 3504 0
761 3508 0
755 3512 0
748 3515 0
741 3517 0
734 3520 0
727 3521 0
723 3521 0
725 3517 0
727 3514 0
731 3511 0
734 3510 0
737 3509 0
741 3508 0
746 3507 0
752 3506 0
758 3505 0
763 3505 0
768 3505 0
775 3506 0
782 3507 0
787 3508 0
790 3509 0
793 3511 0
796 3514 0
799 3517 0
802 3521 0
804 3524 0
807 3527 0
809 3531 0
811 3534 0
812 3538 0
814 3541 0
815 3545 0
816 3550 0
817 3554 0
818 3558 0
819 3562 0
819 3566 0
820 3570 0
820 3575 0
820 3579 0
820 3582 0
819 3585 0
818 3588 0
816 3591 0
813 3593 0
811 3596 0
808 3598 0
804 3601 0
798 3604 0
792 3607 0
786 3610 0
780 3612 0
773 3615 0
766 3617 0
759 3619 0
752 3620 0
746 3621 0
740 3621 0
735 3620 0
731 3619 0
728 3618 0
725 3617 0
722 3615 0
719 3614 0
718 3611 0
717 3608 0
716 3605 0
715 3602 0
713 3598 0
.PEN_UP
.PEN_DOWN
692 3411 0
688 3411 0
685 3410 0
682 3410 0
678 3411 0
674 3411 0
671 3411 0
668 3411 0
671 3412 0
676 3413 0
681 3413 0
686 3414 0
693 3415 0
702 3414 0
713 3414 0
725 3413 0
739 3413 0
755 3412 0
774 3412 0
790 3411 0
805 3411 0
820 3411 0
836 3411 0
847 3411 0
855 3410 0
862 3410 0
865 3410 0
862 3404 0
853 3406 0
.PEN_UP
