.VERSION 1.0 
.HIERARCHY CHARACTER
.COORD X Y T
.SEGMENT CHARACTER 0-1 OK "24"
.H_LINE 7874 8750
.V_LINE 6500 7250
.X_DIM 750
.Y_DIM 875
.X_POINTS_PER_INCH 1000
.Y_POINTS_PER_INCH 1000
.POINTS_PER_SECOND 125
.COMMENT CALIB X: 10 Y: -95

.WRITER_INFO
 Name: HANUMANTH RAO NAIDU
 WriterId: 100
 Hand: right
 EducationLevel: post graduate
 Gender: male
 Profession: lecturer
 Region: puttaparthi
 Age: 26
 DeviceType: digimemo a402
 SkillDevice: average
 Language: hindi
 Script: indic
 Native: false
 Style: discrete
 UsageFreq: once a week
 Proficiency: good
 Date: 2007-7-4
 WritingInProfession: no

.PEN_DOWN
6909 8179 0
6909 8182 0
6910 8185 0
6912 8190 0
6913 8198 0
6914 8207 0
6915 8214 0
6916 8222 0
6917 8230 0
6918 8238 0
6919 8245 0
6920 8251 0
6921 8258 0
6922 8264 0
6924 8269 0
6925 8272 0
6925 8269 0
6924 8265 0
6923 8262 0
6921 8259 0
6918 8257 0
6914 8254 0
6910 8251 0
6905 8249 0
6897 8248 0
6890 8247 0
6881 8249 0
6874 8252 0
6866 8256 0
6856 8262 0
6846 8269 0
6838 8275 0
6833 8281 0
6829 8287 0
6826 8291 0
6825 8295 0
6825 8298 0
6827 8301 0
6832 8302 0
6839 8304 0
6848 8305 0
6858 8307 0
6870 8309 0
6885 8311 0
6900 8313 0
6914 8315 0
6926 8317 0
6937 8319 0
6945 8321 0
6952 8323 0
6957 8324 0
6959 8327 0
6959 8330 0
6958 8333 0
6957 8338 0
6955 8342 0
6953 8347 0
6949 8352 0
6944 8356 0
6936 8359 0
6927 8361 0
6916 8361 0
6905 8360 0
6893 8359 0
6877 8359 0
6862 8360 0
6849 8361 0
6838 8362 0
6829 8363 0
6825 8364 0
6822 8364 0
6822 8360 0
6823 8354 0
.PEN_UP
.PEN_DOWN
6827 8178 0
6822 8178 0
6818 8178 0
6814 8179 0
6817 8180 0
6821 8180 0
6825 8180 0
6832 8181 0
6841 8181 0
6854 8182 0
6872 8184 0
6896 8186 0
6918 8188 0
6938 8189 0
6953 8191 0
6962 8192 0
6967 8193 0
6967 8193 0
.PEN_UP
