.VERSION 1.0 
.HIERARCHY CHARACTER
.COORD X Y T
.SEGMENT CHARACTER 0-1 OK "94"
.H_LINE 1374 2249
.V_LINE 6500 7250
.X_DIM 750
.Y_DIM 874
.X_POINTS_PER_INCH 1000
.Y_POINTS_PER_INCH 1000
.POINTS_PER_SECOND 125
.COMMENT CALIB X: -1 Y: -56

.WRITER_INFO
 Name: HANUMANTH RAO NAIDU
 WriterId: 100
 Hand: right
 EducationLevel: post graduate
 Gender: male
 Profession: lecturer
 Region: puttaparthi
 Age: 26
 DeviceType: digimemo a402
 SkillDevice: average
 Language: hindi
 Script: indic
 Native: false
 Style: discrete
 UsageFreq: once a week
 Proficiency: good
 Date: 2007-7-4
 WritingInProfession: no

.PEN_DOWN
6790 1747 0
6786 1745 0
6782 1744 0
6777 1743 0
6774 1742 0
6770 1742 0
6765 1743 0
6761 1744 0
6757 1746 0
6754 1748 0
6758 1749 0
6764 1749 0
6773 1749 0
6785 1749 0
6805 1749 0
6830 1749 0
6861 1748 0
6893 1747 0
6922 1748 0
6941 1749 0
6955 1750 0
6962 1751 0
6965 1752 0
6962 1753 0
6955 1755 0
.PEN_UP
.PEN_DOWN
6932 1879 0
6929 1877 0
6925 1877 0
6921 1877 0
6914 1877 0
6907 1876 0
6898 1877 0
6887 1877 0
6876 1877 0
6864 1877 0
6851 1877 0
6837 1876 0
6826 1875 0
6816 1874 0
6807 1874 0
6800 1876 0
6792 1873 0
6785 1871 0
6779 1867 0
6773 1864 0
6767 1860 0
6764 1858 0
6762 1854 0
6762 1850 0
6763 1846 0
6766 1842 0
6769 1839 0
6774 1837 0
6778 1835 0
6785 1834 0
6792 1833 0
6798 1832 0
6802 1833 0
6805 1834 0
6808 1837 0
6810 1842 0
6810 1847 0
6809 1852 0
6806 1861 0
6801 1868 0
6794 1877 0
6786 1887 0
6780 1895 0
6775 1902 0
6771 1910 0
6769 1916 0
6769 1922 0
6769 1926 0
6769 1929 0
6770 1933 0
6774 1935 0
6778 1938 0
6783 1939 0
6790 1940 0
6798 1941 0
6807 1941 0
6818 1941 0
6827 1941 0
6834 1940 0
6839 1938 0
6842 1936 0
6844 1933 0
6846 1929 0
6847 1925 0
6848 1920 0
6847 1915 0
6843 1909 0
6839 1904 0
6835 1900 0
6832 1899 0
6829 1901 0
6826 1906 0
6823 1913 0
6821 1925 0
6817 1937 0
6814 1949 0
6813 1964 0
6813 1982 0
6814 1998 0
6816 2015 0
6818 2031 0
6820 2044 0
6822 2053 0
6824 2061 0
6825 2065 0
6827 2068 0
6826 2062 0
6823 2064 0
.PEN_UP
