.VERSION 1.0 
.HIERARCHY CHARACTER
.COORD X Y T
.SEGMENT CHARACTER 0-2 OK "103"
.H_LINE 4624 5499
.V_LINE 5000 5750
.X_DIM 750
.Y_DIM 874
.X_POINTS_PER_INCH 1000
.Y_POINTS_PER_INCH 1000
.POINTS_PER_SECOND 125
.COMMENT CALIB X: 7 Y: -53

.WRITER_INFO
 Name: HANUMANTH RAO NAIDU
 WriterId: 100
 Hand: right
 EducationLevel: post graduate
 Gender: male
 Profession: lecturer
 Region: puttaparthi
 Age: 26
 DeviceType: digimemo a402
 SkillDevice: average
 Language: hindi
 Script: indic
 Native: false
 Style: discrete
 UsageFreq: once a week
 Proficiency: good
 Date: 2007-7-4
 WritingInProfession: no

.PEN_DOWN
5444 4911 0
5443 4908 0
5442 4905 0
5441 4902 0
5439 4899 0
5438 4896 0
5437 4899 0
5437 4904 0
5436 4910 0
5436 4920 0
5436 4932 0
5435 4946 0
5432 4965 0
5430 4985 0
5427 5006 0
5425 5028 0
5423 5049 0
5421 5067 0
5420 5083 0
5420 5096 0
5421 5105 0
5423 5111 0
5425 5117 0
5427 5120 0
5427 5116 0
5427 5112 0
5428 5108 0
5433 5104 0
.PEN_UP
.PEN_DOWN
5322 4978 0
5319 4977 0
5315 4975 0
5311 4974 0
5307 4972 0
5304 4971 0
5301 4969 0
5305 4972 0
5310 4975 0
5318 4978 0
5327 4981 0
5338 4985 0
5351 4989 0
5366 4992 0
5382 4996 0
5401 4999 0
5413 5000 0
5420 5001 0
5423 5002 0
5420 5004 0
5416 5007 0
5412 5011 0
5405 5017 0
5397 5026 0
5388 5035 0
5378 5044 0
5365 5054 0
5353 5063 0
5341 5071 0
5332 5076 0
5327 5081 0
5322 5085 0
5317 5088 0
5314 5090 0
5314 5090 0
.PEN_UP
.PEN_DOWN
5309 4892 0
5304 4892 0
5300 4892 0
5297 4892 0
5294 4892 0
5297 4893 0
5301 4893 0
5306 4893 0
5312 4894 0
5321 4895 0
5336 4895 0
5355 4895 0
5378 4895 0
5403 4894 0
5427 4894 0
5450 4893 0
5470 4893 0
5486 4892 0
5497 4892 0
5503 4892 0
5506 4892 0
5503 4893 0
.PEN_UP
