.VERSION 1.0 
.HIERARCHY CHARACTER
.COORD X Y T
.SEGMENT CHARACTER 0-3 OK "104"
.H_LINE 4624 5499
.V_LINE 6500 7250
.X_DIM 750
.Y_DIM 874
.X_POINTS_PER_INCH 1000
.Y_POINTS_PER_INCH 1000
.POINTS_PER_SECOND 125
.COMMENT CALIB X: -7 Y: -71

.WRITER_INFO
 Name: HANUMANTH RAO NAIDU
 WriterId: 100
 Hand: right
 EducationLevel: post graduate
 Gender: male
 Profession: lecturer
 Region: puttaparthi
 Age: 26
 DeviceType: digimemo a402
 SkillDevice: average
 Language: hindi
 Script: indic
 Native: false
 Style: discrete
 UsageFreq: once a week
 Proficiency: good
 Date: 2007-7-4
 WritingInProfession: no

.PEN_DOWN
7000 4985 0
6999 4982 0
6998 4979 0
6995 4983 0
6995 4987 0
6994 4994 0
6994 5007 0
6994 5023 0
6994 5041 0
6994 5056 0
6995 5072 0
6996 5087 0
6998 5100 0
6999 5115 0
7000 5127 0
7000 5138 0
7001 5146 0
7002 5151 0
7003 5154 0
7002 5150 0
6997 5160 0
.PEN_UP
.PEN_DOWN
6987 5064 0
6983 5063 0
6980 5061 0
6977 5060 0
6973 5059 0
6967 5060 0
6959 5060 0
6947 5062 0
6929 5064 0
6907 5066 0
6883 5068 0
6858 5069 0
6835 5068 0
6816 5067 0
6802 5065 0
6792 5063 0
6785 5060 0
6782 5056 0
6781 5051 0
6781 5045 0
6785 5038 0
6790 5032 0
6795 5026 0
6803 5021 0
6810 5017 0
6818 5014 0
6825 5013 0
6831 5013 0
6838 5015 0
6846 5018 0
6853 5023 0
6858 5028 0
6860 5035 0
6860 5044 0
6858 5056 0
6852 5071 0
6844 5084 0
6835 5098 0
6827 5109 0
6821 5122 0
6817 5132 0
6814 5140 0
6812 5147 0
6811 5151 0
6811 5154 0
6813 5150 0
6816 5143 0
6824 5138 0
.PEN_UP
.PEN_DOWN
6983 5068 0
6979 5071 0
6974 5077 0
6969 5085 0
6962 5095 0
6951 5106 0
6939 5119 0
6927 5130 0
6918 5141 0
6909 5151 0
6903 5159 0
6899 5166 0
6897 5170 0
6901 5166 0
.PEN_UP
.PEN_DOWN
6919 4987 0
6914 4986 0
6910 4984 0
6914 4985 0
6921 4986 0
6932 4989 0
6947 4992 0
6965 4995 0
6982 4998 0
6996 5001 0
7009 5004 0
7020 5007 0
7030 5009 0
7035 5010 0
7033 5007 0
7030 5010 0
.PEN_UP
