.VERSION 1.0 
.HIERARCHY CHARACTER
.COORD X Y T
.SEGMENT CHARACTER 0-3 OK "104"
.H_LINE 4624 5499
.V_LINE 6500 7250
.X_DIM 750
.Y_DIM 874
.X_POINTS_PER_INCH 1000
.Y_POINTS_PER_INCH 1000
.POINTS_PER_SECOND 125
.COMMENT CALIB X: -5 Y: -91

.WRITER_INFO
 Name: HANUMANTH RAO NAIDU
 WriterId: 100
 Hand: right
 EducationLevel: post graduate
 Gender: male
 Profession: lecturer
 Region: puttaparthi
 Age: 26
 DeviceType: digimemo a402
 SkillDevice: average
 Language: hindi
 Script: indic
 Native: false
 Style: discrete
 UsageFreq: once a week
 Proficiency: good
 Date: 2007-7-4
 WritingInProfession: no

.PEN_DOWN
6922 4859 0
6922 4856 0
6921 4853 0
6918 4850 0
6916 4847 0
6915 4850 0
6914 4856 0
6913 4862 0
6912 4869 0
6912 4877 0
6912 4888 0
6912 4902 0
6912 4920 0
6911 4936 0
6911 4955 0
6910 4975 0
6910 4994 0
6909 5012 0
6907 5029 0
6906 5044 0
6906 5056 0
6906 5064 0
6907 5069 0
6908 5072 0
6908 5069 0
6907 5065 0
6907 5060 0
6907 5055 0
6909 5051 0
.PEN_UP
.PEN_DOWN
6910 4948 0
6907 4948 0
6904 4948 0
6901 4948 0
6898 4948 0
6892 4948 0
6883 4948 0
6875 4948 0
6866 4948 0
6856 4947 0
6845 4947 0
6834 4947 0
6824 4947 0
6814 4946 0
6805 4945 0
6796 4944 0
6788 4942 0
6781 4940 0
6775 4938 0
6771 4936 0
6767 4933 0
6765 4928 0
6763 4923 0
6762 4919 0
6762 4913 0
6762 4906 0
6763 4898 0
6764 4889 0
6766 4883 0
6767 4878 0
6769 4875 0
6773 4873 0
6777 4872 0
6782 4872 0
6788 4874 0
6794 4875 0
6798 4876 0
6801 4877 0
6802 4880 0
6802 4883 0
6802 4889 0
6802 4896 0
6800 4904 0
6799 4912 0
6798 4920 0
6796 4929 0
6792 4937 0
6786 4946 0
6778 4958 0
6770 4969 0
6760 4981 0
6752 4991 0
6745 4999 0
6740 5006 0
6736 5012 0
6733 5017 0
6731 5022 0
6729 5026 0
6727 5031 0
6726 5034 0
6725 5037 0
6728 5037 0
6734 5033 0
.PEN_UP
.PEN_DOWN
6907 4950 0
6907 4954 0
6903 4959 0
6898 4965 0
6890 4972 0
6882 4981 0
6872 4991 0
6862 5000 0
6853 5008 0
6844 5017 0
6836 5025 0
6828 5034 0
6821 5042 0
6815 5049 0
6810 5055 0
6806 5058 0
6803 5060 0
6801 5064 0
6804 5062 0
.PEN_UP
.PEN_DOWN
6777 4841 0
6780 4842 0
6784 4844 0
6790 4846 0
6798 4847 0
6808 4848 0
6822 4848 0
6841 4849 0
6863 4850 0
6889 4851 0
6914 4851 0
6937 4852 0
6956 4853 0
6973 4853 0
6986 4854 0
6994 4854 0
6999 4855 0
6998 4858 0
6998 4858 0
.PEN_UP
