.VERSION 1.0 
.HIERARCHY CHARACTER
.COORD X Y T
.SEGMENT CHARACTER 0-4 OK "2"
.H_LINE 1374 2249
.V_LINE 3500 4250
.X_DIM 750
.Y_DIM 874
.X_POINTS_PER_INCH 1000
.Y_POINTS_PER_INCH 1000
.POINTS_PER_SECOND 125
.COMMENT CALIB X: 25 Y: -21

.WRITER_INFO
 Name: UJJWAL
 WriterId: 51
 Hand: right
 EducationLevel: high school
 Gender: male
 Profession: student
 Region: darjeeling
 Age: 17
 DeviceType: digimemo a402
 SkillDevice: average
 Language: hindi
 Script: indic
 Native: true
 Style: discrete
 UsageFreq: once a month
 Proficiency: average
 Date: 2007-6-22
 WritingInProfession: no

.PEN_DOWN
3623 1766 0
3622 1761 0
3624 1757 0
3627 1753 0
3631 1749 0
3635 1747 0
3640 1744 0
3645 1743 0
3652 1743 0
3661 1744 0
3670 1747 0
3679 1750 0
3686 1755 0
3692 1761 0
3696 1768 0
3699 1778 0
3700 1787 0
3700 1797 0
3699 1807 0
3696 1817 0
3693 1825 0
3689 1832 0
3685 1838 0
3682 1842 0
3680 1845 0
3676 1847 0
3673 1847 0
3676 1848 0
3681 1849 0
3688 1852 0
3697 1856 0
3706 1861 0
3713 1867 0
3720 1874 0
3726 1880 0
3732 1888 0
3736 1894 0
3738 1900 0
3740 1906 0
3740 1910 0
3740 1914 0
3739 1918 0
3737 1921 0
3734 1925 0
3729 1929 0
3723 1930 0
3715 1932 0
3703 1934 0
3692 1935 0
3684 1936 0
3679 1935 0
3675 1933 0
3671 1930 0
3665 1927 0
3659 1923 0
3654 1919 0
3651 1916 0
3649 1913 0
3646 1910 0
3644 1907 0
3644 1903 0
3646 1900 0
3650 1897 0
.PEN_UP
.PEN_DOWN
3720 1830 0
3720 1833 0
3722 1836 0
3727 1838 0
3733 1839 0
3741 1840 0
3748 1840 0
3754 1840 0
3760 1839 0
3764 1837 0
3769 1835 0
3772 1833 0
3775 1830 0
3777 1825 0
3779 1821 0
3781 1816 0
3782 1809 0
3784 1800 0
3785 1792 0
3785 1781 0
3786 1771 0
3786 1763 0
3786 1757 0
3786 1752 0
3785 1748 0
3785 1745 0
3784 1749 0
3783 1754 0
3783 1761 0
3783 1771 0
3783 1784 0
3783 1799 0
3783 1814 0
3784 1827 0
3785 1842 0
3786 1856 0
3788 1871 0
3789 1883 0
3790 1893 0
3792 1901 0
3793 1907 0
3793 1912 0
3793 1916 0
3793 1919 0
3794 1916 0
3794 1912 0
3796 1905 0
.PEN_UP
.PEN_DOWN
3866 1737 0
3868 1740 0
3869 1744 0
3869 1750 0
3869 1757 0
3869 1766 0
3869 1778 0
3870 1790 0
3870 1804 0
3870 1819 0
3871 1833 0
3872 1846 0
3873 1858 0
3874 1869 0
3874 1879 0
3874 1886 0
3874 1892 0
3874 1897 0
3874 1900 0
3875 1903 0
3874 1900 0
3872 1897 0
3867 1890 0
3865 1887 0
.PEN_UP
.PEN_DOWN
3758 1733 0
3761 1734 0
3765 1734 0
3770 1734 0
3778 1735 0
3785 1735 0
3792 1735 0
3801 1734 0
3811 1734 0
3820 1735 0
3829 1735 0
3839 1736 0
3850 1737 0
3862 1738 0
3871 1738 0
3879 1738 0
3886 1737 0
3892 1736 0
3898 1734 0
3906 1733 0
3912 1732 0
3917 1731 0
3922 1730 0
3926 1729 0
3929 1729 0
3932 1729 0
3935 1728 0
3931 1730 0
.PEN_UP
.PEN_DOWN
3904 1891 0
3901 1890 0
3900 1893 0
3899 1896 0
3899 1901 0
3899 1906 0
3899 1912 0
3898 1917 0
3898 1922 0
3898 1926 0
3899 1929 0
3902 1930 0
.PEN_UP
