.VERSION 1.0 
.HIERARCHY CHARACTER
.COORD X Y T
.SEGMENT CHARACTER 0-2 OK "4"
.H_LINE 1374 2249
.V_LINE 6500 7250
.X_DIM 750
.Y_DIM 874
.X_POINTS_PER_INCH 1000
.Y_POINTS_PER_INCH 1000
.POINTS_PER_SECOND 125
.COMMENT CALIB X: 30 Y: -68

.WRITER_INFO
 Name: UJJWAL
 WriterId: 51
 Hand: right
 EducationLevel: high school
 Gender: male
 Profession: student
 Region: darjeeling
 Age: 17
 DeviceType: digimemo a402
 SkillDevice: average
 Language: hindi
 Script: indic
 Native: true
 Style: discrete
 UsageFreq: once a month
 Proficiency: average
 Date: 2007-6-22
 WritingInProfession: no

.PEN_DOWN
6693 1798 0
6697 1799 0
6703 1800 0
6714 1800 0
6728 1800 0
6743 1799 0
6759 1798 0
6774 1798 0
6789 1797 0
6806 1797 0
6819 1797 0
6830 1797 0
6839 1796 0
6844 1796 0
6839 1790 0
6831 1787 0
.PEN_UP
.PEN_DOWN
6783 1799 0
6785 1803 0
6787 1808 0
6789 1813 0
6790 1819 0
6793 1828 0
6794 1836 0
6796 1844 0
6797 1850 0
6798 1856 0
6798 1859 0
6798 1862 0
6798 1859 0
6798 1855 0
6795 1851 0
6791 1846 0
6783 1843 0
6772 1840 0
6760 1840 0
6748 1841 0
6738 1844 0
6731 1847 0
6725 1852 0
6722 1857 0
6721 1862 0
6723 1868 0
6729 1874 0
6736 1881 0
6745 1887 0
6754 1892 0
6763 1895 0
6772 1898 0
6781 1900 0
6787 1900 0
6793 1902 0
6797 1902 0
6801 1903 0
6804 1905 0
6808 1907 0
6811 1909 0
6813 1914 0
6815 1921 0
6816 1931 0
6816 1942 0
6816 1954 0
6814 1966 0
6812 1977 0
6809 1985 0
6806 1990 0
6803 1994 0
6799 1995 0
6793 1994 0
6786 1989 0
6776 1983 0
6768 1975 0
6761 1967 0
6757 1959 0
6755 1953 0
6756 1949 0
6757 1946 0
6760 1945 0
6764 1945 0
6772 1947 0
6780 1950 0
6789 1955 0
6797 1961 0
6807 1967 0
6816 1974 0
6823 1981 0
6831 1987 0
6839 1991 0
6845 1994 0
6850 1995 0
6854 1996 0
6858 1994 0
6864 1988 0
6870 1983 0
.PEN_UP
.PEN_DOWN
6780 1703 0
6780 1700 0
6777 1699 0
6774 1699 0
6769 1700 0
6764 1702 0
6760 1705 0
6754 1711 0
6747 1718 0
6742 1725 0
6739 1734 0
6737 1742 0
6736 1749 0
6736 1758 0
6738 1766 0
6741 1774 0
6750 1782 0
6760 1791 0
6773 1797 0
6786 1801 0
.PEN_UP
