.VERSION 1.0 
.HIERARCHY CHARACTER
.COORD X Y T
.SEGMENT CHARACTER 0-1 OK "12"
.H_LINE 4624 5499
.V_LINE 3500 4250
.X_DIM 750
.Y_DIM 874
.X_POINTS_PER_INCH 1000
.Y_POINTS_PER_INCH 1000
.POINTS_PER_SECOND 125
.COMMENT CALIB X: -15 Y: -53

.WRITER_INFO
 Name: UJJWAL
 WriterId: 51
 Hand: right
 EducationLevel: high school
 Gender: male
 Profession: student
 Region: darjeeling
 Age: 17
 DeviceType: digimemo a402
 SkillDevice: average
 Language: hindi
 Script: indic
 Native: true
 Style: discrete
 UsageFreq: once a month
 Proficiency: average
 Date: 2007-6-22
 WritingInProfession: no

.PEN_DOWN
3792 5036 0
3792 5032 0
3792 5027 0
3792 5020 0
3793 5015 0
3792 5010 0
3792 5007 0
3792 5004 0
3790 5010 0
3788 5020 0
3787 5033 0
3786 5045 0
3786 5059 0
3787 5073 0
3787 5084 0
3788 5096 0
3790 5109 0
3792 5121 0
3795 5134 0
3798 5145 0
3799 5153 0
3801 5159 0
3802 5163 0
3801 5158 0
3799 5151 0
3796 5141 0
3792 5128 0
3784 5118 0
3773 5107 0
3762 5100 0
3750 5096 0
3740 5094 0
3731 5095 0
3724 5096 0
3720 5099 0
3718 5104 0
3716 5111 0
3715 5118 0
3715 5125 0
3718 5133 0
3721 5138 0
3726 5142 0
3732 5144 0
3739 5143 0
3748 5139 0
3759 5135 0
3772 5128 0
3787 5119 0
3800 5112 0
3814 5104 0
3834 5097 0
3854 5092 0
3872 5089 0
3883 5088 0
3889 5090 0
3894 5095 0
3897 5100 0
3900 5107 0
3902 5115 0
3903 5123 0
3903 5131 0
3903 5140 0
3903 5147 0
3902 5152 0
3901 5156 0
3900 5160 0
3898 5163 0
3894 5163 0
.PEN_UP
.PEN_DOWN
3705 5032 0
3702 5030 0
3699 5029 0
3699 5026 0
3704 5023 0
3711 5021 0
3722 5018 0
3734 5014 0
3750 5010 0
3772 5006 0
3797 5002 0
3824 4999 0
3852 4997 0
3879 4995 0
3902 4994 0
3921 4993 0
3932 4992 0
3938 4991 0
3941 4991 0
3944 4991 0
3944 4991 0
.PEN_UP
