.VERSION 1.0 
.HIERARCHY CHARACTER
.COORD X Y T
.SEGMENT CHARACTER 0-3 OK "21"
.H_LINE 7874 8750
.V_LINE 1999 2749
.X_DIM 749
.Y_DIM 875
.X_POINTS_PER_INCH 1000
.Y_POINTS_PER_INCH 1000
.POINTS_PER_SECOND 125
.COMMENT CALIB X: 1 Y: -35

.WRITER_INFO
 Name: UJJWAL
 WriterId: 51
 Hand: right
 EducationLevel: high school
 Gender: male
 Profession: student
 Region: darjeeling
 Age: 17
 DeviceType: digimemo a402
 SkillDevice: average
 Language: hindi
 Script: indic
 Native: true
 Style: discrete
 UsageFreq: once a month
 Proficiency: average
 Date: 2007-6-22
 WritingInProfession: no

.PEN_DOWN
2241 8242 0
2238 8241 0
2242 8241 0
2248 8241 0
2255 8240 0
2266 8239 0
2279 8237 0
2294 8235 0
2312 8232 0
2331 8230 0
2355 8229 0
2380 8226 0
2400 8225 0
2416 8224 0
2428 8223 0
2437 8222 0
2444 8221 0
2449 8220 0
2452 8220 0
2448 8225 0
.PEN_UP
.PEN_DOWN
2348 8241 0
2347 8245 0
2347 8250 0
2348 8258 0
2348 8267 0
2349 8275 0
2349 8283 0
2349 8292 0
2350 8302 0
2352 8314 0
2354 8327 0
2357 8340 0
2359 8353 0
2360 8366 0
2361 8379 0
2363 8390 0
2365 8402 0
2366 8412 0
2367 8422 0
2369 8430 0
2370 8436 0
2370 8440 0
2370 8443 0
2369 8440 0
2369 8436 0
2367 8431 0
2369 8427 0
.PEN_UP
.PEN_DOWN
2355 8376 0
2347 8376 0
2341 8376 0
2334 8376 0
2324 8375 0
2310 8376 0
2296 8376 0
2286 8376 0
2279 8376 0
2274 8376 0
2270 8376 0
2266 8376 0
2263 8375 0
2263 8375 0
.PEN_UP
.PEN_DOWN
2193 8353 0
2197 8353 0
2202 8353 0
2208 8353 0
2215 8353 0
2224 8353 0
2232 8350 0
2240 8349 0
2246 8350 0
2251 8352 0
2256 8354 0
2259 8357 0
2263 8361 0
2266 8366 0
2269 8371 0
2272 8375 0
2274 8379 0
2275 8382 0
2276 8385 0
2276 8388 0
2276 8392 0
2276 8396 0
2276 8400 0
2276 8403 0
2276 8406 0
2275 8409 0
2274 8412 0
2272 8416 0
2269 8420 0
2265 8423 0
2262 8425 0
2259 8427 0
2256 8428 0
2253 8428 0
2248 8427 0
2243 8426 0
2238 8424 0
2231 8422 0
2224 8420 0
2218 8418 0
2213 8417 0
2209 8415 0
2205 8414 0
2202 8412 0
2199 8410 0
2196 8409 0
2193 8406 0
2190 8404 0
2187 8401 0
2184 8398 0
2181 8395 0
2181 8395 0
.PEN_UP
