.VERSION 1.0 
.HIERARCHY CHARACTER
.COORD X Y T
.SEGMENT CHARACTER 0-2 OK "42"
.H_LINE 4624 5499
.V_LINE 3500 4250
.X_DIM 750
.Y_DIM 874
.X_POINTS_PER_INCH 1000
.Y_POINTS_PER_INCH 1000
.POINTS_PER_SECOND 125
.COMMENT CALIB X: 8 Y: -27

.WRITER_INFO
 Name: UJJWAL
 WriterId: 51
 Hand: right
 EducationLevel: high school
 Gender: male
 Profession: student
 Region: darjeeling
 Age: 17
 DeviceType: digimemo a402
 SkillDevice: average
 Language: hindi
 Script: indic
 Native: true
 Style: discrete
 UsageFreq: once a month
 Proficiency: average
 Date: 2007-6-22
 WritingInProfession: no

.PEN_DOWN
3750 4906 0
3748 4909 0
3745 4913 0
3743 4919 0
3741 4927 0
3739 4938 0
3737 4950 0
3736 4962 0
3736 4976 0
3737 4991 0
3739 5006 0
3742 5022 0
3747 5035 0
3751 5045 0
3757 5053 0
3763 5059 0
3771 5063 0
3781 5065 0
3790 5065 0
3797 5064 0
3802 5062 0
3807 5060 0
3811 5056 0
3814 5050 0
3817 5043 0
3820 5033 0
3823 5021 0
3825 5007 0
3827 4992 0
3828 4976 0
3828 4962 0
3828 4950 0
3828 4939 0
3828 4928 0
3827 4920 0
3826 4914 0
3826 4910 0
3825 4907 0
3824 4913 0
3824 4921 0
3824 4931 0
3824 4944 0
3824 4957 0
3824 4969 0
3824 4984 0
3824 4998 0
3824 5015 0
3823 5031 0
3823 5047 0
3823 5064 0
3824 5080 0
3825 5093 0
3825 5104 0
3826 5114 0
3827 5123 0
3828 5132 0
3829 5138 0
3830 5143 0
3831 5146 0
3832 5149 0
3833 5152 0
3835 5155 0
3836 5152 0
3836 5144 0
3835 5135 0
3834 5126 0
.PEN_UP
.PEN_DOWN
3695 4891 0
3701 4893 0
3708 4894 0
3717 4896 0
3734 4897 0
3750 4896 0
3767 4895 0
3784 4895 0
3804 4895 0
3825 4895 0
3844 4895 0
3862 4895 0
3879 4894 0
3894 4893 0
3907 4892 0
3916 4891 0
3922 4890 0
3925 4890 0
3925 4890 0
.PEN_UP
.PEN_DOWN
3767 4923 0
3767 4920 0
3761 4917 0
3757 4915 0
3754 4914 0
3751 4913 0
3748 4912 0
3749 4915 0
3752 4921 0
3757 4928 0
3762 4937 0
3768 4947 0
3773 4957 0
3778 4966 0
3782 4976 0
3786 4986 0
3789 4994 0
3791 5001 0
3793 5007 0
3795 5012 0
3797 5017 0
3798 5022 0
3800 5026 0
3801 5029 0
3803 5032 0
3804 5035 0
3806 5038 0
3812 5036 0
.PEN_UP
