.VERSION 1.0 
.HIERARCHY CHARACTER
.COORD X Y T
.SEGMENT CHARACTER 0-2 OK "45"
.H_LINE 6249 7124
.V_LINE 499 1250
.X_DIM 750
.Y_DIM 875
.X_POINTS_PER_INCH 1000
.Y_POINTS_PER_INCH 1000
.POINTS_PER_SECOND 125
.COMMENT CALIB X: -50 Y: -102

.WRITER_INFO
 Name: UJJWAL
 WriterId: 51
 Hand: right
 EducationLevel: high school
 Gender: male
 Profession: student
 Region: darjeeling
 Age: 17
 DeviceType: digimemo a402
 SkillDevice: average
 Language: hindi
 Script: indic
 Native: true
 Style: discrete
 UsageFreq: once a month
 Proficiency: average
 Date: 2007-6-22
 WritingInProfession: no

.PEN_DOWN
890 6535 0
887 6537 0
886 6540 0
886 6546 0
886 6554 0
886 6564 0
886 6573 0
886 6584 0
884 6597 0
883 6612 0
883 6628 0
884 6646 0
884 6665 0
885 6686 0
886 6705 0
886 6724 0
886 6738 0
886 6747 0
886 6755 0
886 6760 0
887 6763 0
887 6760 0
887 6755 0
887 6749 0
887 6739 0
887 6730 0
.PEN_UP
.PEN_DOWN
887 6655 0
882 6656 0
874 6658 0
862 6660 0
851 6661 0
843 6663 0
833 6664 0
819 6665 0
804 6665 0
789 6663 0
777 6660 0
766 6656 0
757 6650 0
750 6644 0
746 6637 0
743 6630 0
741 6623 0
741 6618 0
741 6613 0
743 6607 0
746 6601 0
753 6595 0
762 6590 0
772 6588 0
780 6588 0
786 6590 0
791 6595 0
795 6602 0
795 6610 0
792 6622 0
786 6634 0
777 6649 0
768 6665 0
758 6681 0
749 6697 0
742 6712 0
736 6726 0
731 6738 0
728 6748 0
727 6757 0
726 6764 0
727 6769 0
728 6775 0
730 6778 0
734 6781 0
740 6783 0
747 6784 0
756 6782 0
767 6779 0
776 6776 0
783 6772 0
789 6767 0
793 6763 0
795 6757 0
796 6753 0
795 6750 0
792 6747 0
788 6746 0
781 6747 0
770 6751 0
756 6756 0
741 6762 0
730 6767 0
720 6775 0
712 6782 0
707 6787 0
703 6791 0
700 6794 0
700 6789 0
700 6789 0
.PEN_UP
.PEN_DOWN
841 6528 0
836 6528 0
832 6529 0
828 6531 0
824 6533 0
832 6534 0
843 6534 0
859 6532 0
876 6530 0
896 6528 0
916 6526 0
935 6525 0
951 6523 0
961 6523 0
967 6523 0
971 6523 0
970 6527 0
.PEN_UP
