.VERSION 1.0 
.HIERARCHY CHARACTER
.COORD X Y T
.SEGMENT CHARACTER 0-2 OK "81"
.H_LINE 7874 8750
.V_LINE 1999 2749
.X_DIM 749
.Y_DIM 875
.X_POINTS_PER_INCH 1000
.Y_POINTS_PER_INCH 1000
.POINTS_PER_SECOND 125
.COMMENT CALIB X: -42 Y: -72

.WRITER_INFO
 Name: UJJWAL
 WriterId: 51
 Hand: right
 EducationLevel: high school
 Gender: male
 Profession: student
 Region: darjeeling
 Age: 17
 DeviceType: digimemo a402
 SkillDevice: average
 Language: hindi
 Script: indic
 Native: true
 Style: discrete
 UsageFreq: once a month
 Proficiency: average
 Date: 2007-6-22
 WritingInProfession: no

.PEN_DOWN
2134 8282 0
2129 8283 0
2124 8283 0
2120 8284 0
2119 8287 0
2123 8290 0
2126 8292 0
2131 8295 0
2139 8297 0
2151 8298 0
2167 8298 0
2188 8297 0
2209 8295 0
2230 8294 0
2249 8294 0
2264 8295 0
2275 8296 0
2282 8297 0
2285 8298 0
2286 8302 0
.PEN_UP
.PEN_DOWN
2241 8368 0
2242 8365 0
2243 8362 0
2243 8359 0
2244 8356 0
2242 8352 0
2239 8349 0
2236 8346 0
2232 8343 0
2226 8342 0
2221 8342 0
2216 8342 0
2211 8343 0
2204 8344 0
2196 8346 0
2190 8349 0
2184 8353 0
2178 8356 0
2172 8360 0
2166 8365 0
2160 8371 0
2156 8376 0
2153 8382 0
2152 8387 0
2151 8392 0
2151 8397 0
2152 8403 0
2156 8410 0
2160 8417 0
2165 8423 0
2172 8428 0
2181 8432 0
2189 8434 0
2199 8435 0
2210 8435 0
2219 8434 0
2227 8431 0
2236 8429 0
2244 8427 0
2253 8424 0
2259 8423 0
2263 8422 0
2266 8420 0
2267 8417 0
2268 8414 0
2268 8410 0
2268 8402 0
2268 8402 0
.PEN_UP
.PEN_DOWN
2176 8359 0
2179 8359 0
2183 8359 0
2187 8361 0
2192 8363 0
2197 8365 0
2202 8369 0
2207 8374 0
2213 8379 0
2220 8385 0
2227 8389 0
2234 8393 0
2244 8396 0
2251 8399 0
2256 8399 0
2259 8401 0
2262 8402 0
2262 8402 0
.PEN_UP
