.VERSION 1.0 
.HIERARCHY CHARACTER
.COORD X Y T
.SEGMENT CHARACTER 0-2 OK "92"
.H_LINE 1374 2249
.V_LINE 3500 4250
.X_DIM 750
.Y_DIM 874
.X_POINTS_PER_INCH 1000
.Y_POINTS_PER_INCH 1000
.POINTS_PER_SECOND 125
.COMMENT CALIB X: 25 Y: -21

.WRITER_INFO
 Name: UJJWAL
 WriterId: 51
 Hand: right
 EducationLevel: high school
 Gender: male
 Profession: student
 Region: darjeeling
 Age: 17
 DeviceType: digimemo a402
 SkillDevice: average
 Language: hindi
 Script: indic
 Native: true
 Style: discrete
 UsageFreq: once a month
 Proficiency: average
 Date: 2007-6-22
 WritingInProfession: no

.PEN_DOWN
3764 1753 0
3767 1751 0
3770 1751 0
3773 1754 0
3776 1757 0
3779 1761 0
3782 1766 0
3785 1772 0
3788 1780 0
3790 1786 0
3791 1791 0
3792 1795 0
3792 1799 0
3793 1803 0
3793 1808 0
3793 1814 0
3792 1821 0
3791 1828 0
3789 1839 0
3787 1849 0
3784 1857 0
3781 1864 0
3777 1872 0
3772 1879 0
3766 1884 0
3759 1888 0
3752 1890 0
3744 1891 0
3735 1891 0
3725 1890 0
3714 1888 0
3703 1885 0
3692 1882 0
3684 1879 0
3679 1877 0
3676 1874 0
3678 1868 0
3683 1864 0
3690 1861 0
3697 1859 0
3703 1858 0
3709 1860 0
3715 1862 0
3721 1865 0
3726 1869 0
3732 1874 0
3739 1881 0
3747 1887 0
3752 1893 0
3757 1899 0
3762 1905 0
3766 1911 0
3770 1917 0
3774 1924 0
3777 1930 0
3779 1933 0
3781 1936 0
3784 1939 0
3787 1942 0
3790 1942 0
3790 1942 0
.PEN_UP
.PEN_DOWN
3784 1899 0
3789 1899 0
3795 1899 0
3801 1899 0
3809 1899 0
3818 1899 0
3828 1886 0
3838 1878 0
3848 1874 0
3855 1871 0
3860 1870 0
3863 1869 0
3861 1863 0
3858 1863 0
.PEN_UP
.PEN_DOWN
3702 1747 0
3706 1746 0
3710 1745 0
3715 1745 0
3721 1745 0
3727 1746 0
3733 1747 0
3740 1748 0
3750 1750 0
3762 1751 0
3774 1753 0
3785 1753 0
3796 1753 0
3808 1751 0
3818 1749 0
3828 1747 0
3835 1745 0
3841 1744 0
3844 1743 0
3848 1742 0
.PEN_UP
