.VERSION 1.0 
.HIERARCHY CHARACTER
.COORD X Y T
.SEGMENT CHARACTER 0-1 OK "94"
.H_LINE 1374 2249
.V_LINE 6500 7250
.X_DIM 750
.Y_DIM 874
.X_POINTS_PER_INCH 1000
.Y_POINTS_PER_INCH 1000
.POINTS_PER_SECOND 125
.COMMENT CALIB X: 30 Y: -68

.WRITER_INFO
 Name: UJJWAL
 WriterId: 51
 Hand: right
 EducationLevel: high school
 Gender: male
 Profession: student
 Region: darjeeling
 Age: 17
 DeviceType: digimemo a402
 SkillDevice: average
 Language: hindi
 Script: indic
 Native: true
 Style: discrete
 UsageFreq: once a month
 Proficiency: average
 Date: 2007-6-22
 WritingInProfession: no

.PEN_DOWN
6775 1677 0
6772 1677 0
6769 1677 0
6772 1680 0
6776 1683 0
6782 1684 0
6791 1686 0
6807 1686 0
6828 1686 0
6854 1686 0
6887 1684 0
6921 1681 0
6950 1679 0
6974 1677 0
6991 1675 0
7002 1674 0
7009 1673 0
7012 1673 0
7008 1677 0
.PEN_UP
.PEN_DOWN
7026 1841 0
7015 1844 0
7007 1847 0
6999 1849 0
6992 1850 0
6981 1850 0
6968 1850 0
6955 1848 0
6941 1848 0
6924 1846 0
6909 1845 0
6896 1843 0
6885 1842 0
6878 1840 0
6874 1838 0
6872 1835 0
6870 1831 0
6869 1826 0
6867 1822 0
6867 1819 0
6867 1816 0
6868 1812 0
6869 1808 0
6873 1803 0
6881 1798 0
6890 1793 0
6899 1790 0
6910 1788 0
6921 1787 0
6930 1787 0
6935 1789 0
6940 1792 0
6944 1794 0
6946 1797 0
6947 1801 0
6947 1804 0
6946 1807 0
6945 1811 0
6942 1816 0
6939 1821 0
6935 1826 0
6932 1831 0
6928 1838 0
6921 1842 0
6914 1846 0
6909 1850 0
6905 1854 0
6900 1858 0
6896 1861 0
6892 1864 0
6889 1866 0
6886 1870 0
6883 1872 0
6879 1876 0
6876 1879 0
6873 1883 0
6870 1887 0
6868 1890 0
6867 1893 0
6866 1896 0
6864 1900 0
6863 1903 0
6862 1906 0
6861 1909 0
6861 1912 0
6861 1915 0
6862 1919 0
6863 1923 0
6864 1926 0
6867 1929 0
6870 1932 0
6874 1935 0
6880 1938 0
6887 1940 0
6896 1941 0
6908 1941 0
6921 1940 0
6935 1937 0
6949 1935 0
6962 1932 0
6969 1930 0
6973 1928 0
6975 1924 0
6975 1921 0
6974 1918 0
6971 1915 0
6968 1913 0
6964 1912 0
6961 1912 0
6957 1912 0
6954 1911 0
6950 1911 0
6947 1912 0
6943 1913 0
6939 1916 0
6935 1920 0
6930 1926 0
6924 1932 0
6918 1940 0
6912 1947 0
6907 1955 0
6904 1962 0
6902 1970 0
6901 1978 0
6900 1986 0
6901 1992 0
6901 1997 0
6902 2002 0
6902 2005 0
6902 2008 0
6902 2008 0
.PEN_UP
