.VERSION 1.0 
.HIERARCHY CHARACTER
.COORD X Y T
.SEGMENT CHARACTER 0-2 OK "97"
.H_LINE 2999 3874
.V_LINE 3500 4250
.X_DIM 750
.Y_DIM 874
.X_POINTS_PER_INCH 1000
.Y_POINTS_PER_INCH 1000
.POINTS_PER_SECOND 125
.COMMENT CALIB X: 17 Y: -16

.WRITER_INFO
 Name: UJJWAL
 WriterId: 51
 Hand: right
 EducationLevel: high school
 Gender: male
 Profession: student
 Region: darjeeling
 Age: 17
 DeviceType: digimemo a402
 SkillDevice: average
 Language: hindi
 Script: indic
 Native: true
 Style: discrete
 UsageFreq: once a month
 Proficiency: average
 Date: 2007-6-22
 WritingInProfession: no

.PEN_DOWN
3671 3370 0
3674 3370 0
3679 3371 0
3683 3372 0
3688 3373 0
3694 3374 0
3702 3374 0
3713 3374 0
3725 3374 0
3736 3374 0
3750 3374 0
3764 3373 0
3777 3373 0
3788 3373 0
3801 3374 0
3816 3373 0
3831 3372 0
3844 3371 0
3855 3370 0
3862 3370 0
3865 3369 0
3860 3373 0
.PEN_UP
.PEN_DOWN
3784 3403 0
3782 3392 0
3781 3385 0
3782 3388 0
3782 3392 0
3783 3397 0
3783 3403 0
3783 3408 0
3783 3416 0
3783 3427 0
3783 3438 0
3783 3448 0
3783 3456 0
3783 3463 0
3783 3468 0
3783 3471 0
3783 3474 0
3783 3470 0
3781 3465 0
3780 3461 0
3778 3457 0
3776 3454 0
3774 3450 0
3769 3447 0
3760 3444 0
3751 3443 0
3743 3442 0
3735 3443 0
3726 3443 0
3717 3445 0
3708 3448 0
3700 3451 0
3694 3456 0
3689 3463 0
3684 3473 0
3679 3483 0
3676 3493 0
3675 3504 0
3676 3513 0
3678 3523 0
3681 3532 0
3685 3539 0
3690 3546 0
3697 3553 0
3704 3559 0
3711 3563 0
3719 3567 0
3729 3569 0
3739 3570 0
3748 3569 0
3757 3567 0
3767 3564 0
3775 3561 0
3780 3558 0
3784 3555 0
3788 3552 0
3792 3550 0
3795 3547 0
3798 3545 0
3794 3547 0
.PEN_UP
.PEN_DOWN
3743 3591 0
3745 3594 0
3746 3598 0
3747 3602 0
3747 3608 0
3747 3614 0
3748 3619 0
3748 3624 0
3749 3628 0
3749 3632 0
3749 3636 0
3749 3640 0
3746 3637 0
3743 3635 0
3738 3634 0
3731 3635 0
3724 3636 0
3717 3638 0
3710 3640 0
3703 3643 0
3694 3647 0
3685 3651 0
3677 3656 0
3671 3660 0
3667 3664 0
3664 3669 0
3662 3674 0
3662 3680 0
3663 3685 0
3665 3689 0
3668 3693 0
3671 3697 0
3677 3701 0
3684 3705 0
3691 3707 0
3701 3707 0
3713 3707 0
3723 3706 0
3730 3704 0
3738 3702 0
3745 3699 0
3752 3697 0
3758 3695 0
3762 3694 0
3766 3692 0
3769 3691 0
3769 3691 0
.PEN_UP
