.VERSION 1.0 
.HIERARCHY CHARACTER
.COORD X Y T
.SEGMENT CHARACTER 0-3 OK "102"
.H_LINE 4624 5499
.V_LINE 3500 4250
.X_DIM 750
.Y_DIM 874
.X_POINTS_PER_INCH 1000
.Y_POINTS_PER_INCH 1000
.POINTS_PER_SECOND 125
.COMMENT CALIB X: -15 Y: -53

.WRITER_INFO
 Name: UJJWAL
 WriterId: 51
 Hand: right
 EducationLevel: high school
 Gender: male
 Profession: student
 Region: darjeeling
 Age: 17
 DeviceType: digimemo a402
 SkillDevice: average
 Language: hindi
 Script: indic
 Native: true
 Style: discrete
 UsageFreq: once a month
 Proficiency: average
 Date: 2007-6-22
 WritingInProfession: no

.PEN_DOWN
3692 4995 0
3687 4997 0
3681 4998 0
3675 4998 0
3671 4998 0
3671 5001 0
3675 5005 0
3683 5007 0
3695 5009 0
3709 5011 0
3727 5013 0
3745 5014 0
3764 5015 0
3784 5016 0
3805 5018 0
3824 5019 0
3839 5020 0
3853 5021 0
3864 5021 0
3871 5021 0
3877 5021 0
3883 5022 0
3887 5022 0
3891 5022 0
3894 5021 0
3897 5021 0
3900 5022 0
3900 5022 0
.PEN_UP
.PEN_DOWN
3801 5040 0
3800 5037 0
3798 5034 0
3795 5036 0
3794 5039 0
3794 5043 0
3794 5049 0
3794 5058 0
3794 5069 0
3792 5078 0
3792 5086 0
3791 5096 0
3791 5104 0
3791 5110 0
3791 5116 0
3791 5119 0
3791 5122 0
3791 5119 0
3790 5116 0
3789 5113 0
3787 5110 0
3784 5108 0
3781 5106 0
3775 5105 0
3770 5103 0
3766 5103 0
3763 5103 0
3760 5104 0
3757 5105 0
3754 5106 0
3750 5110 0
3745 5114 0
3740 5118 0
3736 5122 0
3732 5128 0
3728 5134 0
3725 5141 0
3722 5147 0
3720 5153 0
3720 5159 0
3720 5165 0
3720 5171 0
3720 5178 0
3720 5184 0
3720 5190 0
3721 5196 0
3722 5202 0
3724 5208 0
3726 5213 0
3729 5218 0
3731 5223 0
3734 5228 0
3737 5232 0
3741 5235 0
3746 5236 0
3750 5237 0
3755 5237 0
3759 5237 0
3764 5236 0
3769 5234 0
3774 5232 0
3778 5230 0
3781 5229 0
3783 5226 0
3784 5222 0
3784 5218 0
3784 5214 0
3783 5209 0
3782 5205 0
3781 5202 0
3779 5205 0
3776 5210 0
3774 5217 0
3772 5225 0
3771 5231 0
3770 5237 0
3770 5243 0
3771 5249 0
3772 5255 0
3774 5260 0
3776 5268 0
3779 5274 0
3781 5279 0
3782 5284 0
3783 5289 0
3784 5294 0
3784 5299 0
3785 5303 0
3786 5306 0
3786 5306 0
.PEN_UP
.PEN_DOWN
3702 5164 0
3703 5161 0
3703 5158 0
3701 5155 0
3696 5153 0
3691 5152 0
3687 5152 0
3681 5153 0
3675 5155 0
3668 5158 0
3659 5164 0
3650 5169 0
3643 5177 0
3635 5186 0
3629 5195 0
3626 5204 0
3625 5212 0
3629 5220 0
3635 5226 0
3641 5229 0
3648 5231 0
3656 5232 0
3664 5232 0
3671 5231 0
3677 5230 0
3683 5228 0
3687 5226 0
3686 5229 0
3682 5233 0
3678 5238 0
3674 5245 0
3670 5252 0
3666 5259 0
3663 5266 0
3661 5273 0
3661 5280 0
3662 5286 0
3664 5292 0
3667 5297 0
3671 5301 0
3674 5304 0
3677 5306 0
3680 5308 0
3683 5310 0
3686 5311 0
3690 5311 0
3694 5310 0
3698 5309 0
3704 5307 0
3709 5304 0
3714 5303 0
3717 5302 0
3720 5299 0
3723 5296 0
3727 5293 0
3732 5289 0
3737 5286 0
3740 5282 0
3743 5278 0
3747 5275 0
3749 5272 0
3750 5269 0
3751 5266 0
3753 5263 0
.PEN_UP
.PEN_DOWN
3748 5272 0
3753 5272 0
3758 5272 0
3765 5265 0
3771 5261 0
3774 5259 0
3777 5258 0
3777 5258 0
.PEN_UP
