.VERSION 1.0 
.HIERARCHY CHARACTER
.COORD X Y T
.SEGMENT CHARACTER 0-1 OK "28"
.H_LINE 9500 10374
.V_LINE 5000 5750
.X_DIM 750
.Y_DIM 874
.X_POINTS_PER_INCH 1000
.Y_POINTS_PER_INCH 1000
.POINTS_PER_SECOND 125
.COMMENT CALIB X: -51 Y: -125

.WRITER_INFO
 Name: SRIVATSA PRAKASH
 WriterId: 25
 Hand: right
 EducationLevel: college graduate
 Gender: male
 Profession: student
 Region: bangalore
 Age: 22
 DeviceType: digimemo a402
 SkillDevice: average
 Language: hindi
 Script: indic
 Native: false
 Style: discrete
 UsageFreq: once a month
 Proficiency: average
 Date: 2007-6-14
 WritingInProfession: no

.PEN_DOWN
5254 9848 0
5250 9852 0
5244 9857 0
5239 9861 0
5232 9864 0
5226 9865 0
5221 9865 0
5214 9862 0
5209 9858 0
5205 9853 0
5202 9847 0
5200 9840 0
5200 9834 0
5201 9827 0
5204 9820 0
5209 9814 0
5215 9809 0
5224 9805 0
5233 9803 0
5243 9804 0
5253 9805 0
5262 9809 0
5269 9814 0
5274 9821 0
5277 9829 0
5278 9837 0
5276 9846 0
5273 9855 0
5270 9863 0
5266 9869 0
5262 9876 0
5258 9883 0
5254 9889 0
5250 9895 0
5248 9901 0
5247 9907 0
5249 9913 0
5252 9920 0
5258 9927 0
5265 9933 0
5275 9937 0
5287 9940 0
5303 9941 0
5321 9940 0
5339 9936 0
5356 9929 0
5369 9919 0
5379 9906 0
5387 9890 0
5391 9872 0
5394 9854 0
5394 9839 0
5393 9828 0
5391 9821 0
5389 9817 0
5388 9813 0
5388 9816 0
5388 9822 0
5388 9830 0
5389 9841 0
5389 9856 0
5390 9873 0
5390 9890 0
5390 9909 0
5391 9927 0
5391 9945 0
5392 9961 0
5394 9973 0
5396 9984 0
5398 9991 0
5399 9995 0
5397 9990 0
5396 9983 0
.PEN_UP
.PEN_DOWN
5300 9786 0
5297 9786 0
5293 9787 0
5301 9789 0
5315 9789 0
5336 9789 0
5362 9788 0
5392 9787 0
5421 9785 0
5445 9782 0
5464 9776 0
5479 9775 0
.PEN_UP
