.VERSION 1.0 
.HIERARCHY CHARACTER
.COORD X Y T
.SEGMENT CHARACTER 0-3 OK "2"
.H_LINE 1374 2249
.V_LINE 3500 4250
.X_DIM 750
.Y_DIM 874
.X_POINTS_PER_INCH 1000
.Y_POINTS_PER_INCH 1000
.POINTS_PER_SECOND 125
.COMMENT CALIB X: -33 Y: -134

.WRITER_INFO
 Name: KISHORE
 WriterId: 93
 Hand: right
 EducationLevel: primary school
 Gender: male
 Profession: student
 Region: nellore
 Age: 14
 DeviceType: digimemo a402
 SkillDevice: average
 Language: hindi
 Script: indic
 Native: false
 Style: discrete
 UsageFreq: every day
 Proficiency: average
 Date: 2007-7-8
 WritingInProfession: yes, but limited

.PEN_DOWN
3699 1842 0
3698 1839 0
3698 1836 0
3700 1832 0
3704 1829 0
3708 1827 0
3712 1826 0
3716 1825 0
3722 1825 0
3729 1825 0
3736 1826 0
3742 1827 0
3748 1830 0
3754 1835 0
3759 1841 0
3763 1847 0
3765 1854 0
3766 1863 0
3766 1875 0
3762 1890 0
3755 1907 0
3747 1921 0
3737 1933 0
3730 1940 0
3724 1945 0
3720 1947 0
3717 1949 0
3721 1947 0
3727 1946 0
3734 1946 0
3742 1947 0
3749 1949 0
3758 1952 0
3766 1956 0
3773 1961 0
3778 1966 0
3782 1971 0
3784 1976 0
3785 1980 0
3786 1984 0
3787 1989 0
3785 1995 0
3782 2001 0
3776 2006 0
3769 2011 0
3759 2015 0
3749 2018 0
3737 2019 0
3728 2018 0
3719 2015 0
3710 2011 0
3703 2006 0
3696 1999 0
3692 1991 0
.PEN_UP
.PEN_DOWN
3749 1935 0
3754 1938 0
3760 1940 0
3771 1941 0
3781 1939 0
3794 1935 0
3806 1932 0
3819 1928 0
3831 1921 0
3843 1914 0
3853 1907 0
3863 1900 0
3871 1893 0
3879 1884 0
3886 1875 0
3891 1865 0
3894 1854 0
3896 1843 0
3897 1832 0
3897 1824 0
3896 1819 0
3893 1820 0
3891 1825 0
3889 1835 0
3888 1847 0
3889 1859 0
3889 1870 0
3889 1882 0
3891 1895 0
3893 1907 0
3895 1918 0
3896 1927 0
3897 1935 0
3898 1944 0
3900 1952 0
3901 1957 0
3902 1961 0
3903 1964 0
3903 1964 0
.PEN_UP
.PEN_DOWN
3984 1812 0
3985 1815 0
3986 1818 0
3987 1823 0
3988 1829 0
3989 1837 0
3990 1848 0
3990 1860 0
3990 1874 0
3990 1889 0
3990 1906 0
3990 1921 0
3989 1935 0
3989 1947 0
3989 1957 0
3989 1966 0
3990 1973 0
3991 1978 0
3992 1981 0
3992 1981 0
.PEN_UP
.PEN_DOWN
3867 1792 0
3860 1792 0
3853 1792 0
3847 1792 0
3842 1792 0
3837 1793 0
3833 1793 0
3837 1795 0
3844 1797 0
3859 1800 0
3883 1803 0
3909 1805 0
3939 1808 0
3970 1811 0
4002 1813 0
4035 1813 0
4072 1813 0
4106 1812 0
4132 1810 0
4148 1809 0
4157 1808 0
4162 1808 0
4165 1808 0
4162 1807 0
4157 1805 0
.PEN_UP
