.VERSION 1.0 
.HIERARCHY CHARACTER
.COORD X Y T
.SEGMENT CHARACTER 0-1 OK "3"
.H_LINE 1374 2249
.V_LINE 5000 5750
.X_DIM 750
.Y_DIM 874
.X_POINTS_PER_INCH 1000
.Y_POINTS_PER_INCH 1000
.POINTS_PER_SECOND 125
.COMMENT CALIB X: -21 Y: -51

.WRITER_INFO
 Name: KISHORE
 WriterId: 93
 Hand: right
 EducationLevel: primary school
 Gender: male
 Profession: student
 Region: nellore
 Age: 14
 DeviceType: digimemo a402
 SkillDevice: average
 Language: hindi
 Script: indic
 Native: false
 Style: discrete
 UsageFreq: every day
 Proficiency: average
 Date: 2007-7-8
 WritingInProfession: yes, but limited

.PEN_DOWN
5310 1821 0
5309 1824 0
5309 1827 0
5309 1831 0
5309 1834 0
5309 1838 0
5309 1842 0
5309 1846 0
5309 1850 0
5309 1855 0
5309 1859 0
5309 1863 0
5310 1867 0
5311 1871 0
5311 1875 0
5311 1878 0
5312 1881 0
5313 1884 0
5311 1881 0
5308 1879 0
5305 1878 0
5302 1876 0
5296 1875 0
5291 1874 0
5287 1874 0
5283 1874 0
5278 1874 0
5274 1874 0
5270 1874 0
5265 1875 0
5261 1877 0
5257 1879 0
5254 1882 0
5251 1885 0
5248 1888 0
5246 1891 0
5243 1896 0
5241 1900 0
5240 1903 0
5240 1906 0
5240 1909 0
5240 1912 0
5242 1915 0
5245 1917 0
5248 1919 0
5251 1921 0
5255 1922 0
5260 1923 0
5265 1924 0
5270 1924 0
5277 1924 0
5284 1924 0
5290 1923 0
5297 1923 0
5304 1923 0
5310 1923 0
5315 1923 0
5319 1923 0
5323 1924 0
5327 1926 0
5331 1928 0
5336 1932 0
5341 1936 0
5345 1939 0
5347 1943 0
5350 1948 0
5352 1953 0
5354 1958 0
5356 1963 0
5357 1967 0
5357 1971 0
5357 1975 0
5357 1979 0
5356 1983 0
5355 1988 0
5353 1993 0
5349 1999 0
5344 2005 0
5338 2010 0
5331 2015 0
5324 2019 0
5318 2022 0
5312 2026 0
5305 2030 0
5297 2033 0
5291 2035 0
5285 2037 0
5278 2039 0
5271 2039 0
5266 2039 0
5261 2038 0
5257 2036 0
5253 2033 0
5250 2030 0
5246 2027 0
5243 2024 0
5240 2021 0
5238 2018 0
5237 2015 0
5236 2011 0
5236 2007 0
5237 2003 0
5237 2000 0
5238 1997 0
5239 1994 0
5242 1991 0
5245 1988 0
5248 1987 0
5251 1986 0
5254 1984 0
5257 1983 0
5260 1982 0
5263 1982 0
5266 1982 0
5269 1983 0
5272 1985 0
5274 1989 0
5276 1993 0
5277 1997 0
5278 2000 0
5279 2004 0
5280 2008 0
5282 2013 0
5283 2019 0
5285 2025 0
5286 2030 0
5288 2035 0
5290 2040 0
5292 2044 0
5293 2048 0
5295 2053 0
5298 2058 0
5300 2062 0
5303 2066 0
5306 2071 0
5310 2075 0
5314 2078 0
5318 2080 0
5322 2082 0
5326 2083 0
5332 2083 0
5338 2083 0
5344 2082 0
5351 2080 0
5360 2077 0
5370 2070 0
.PEN_UP
.PEN_DOWN
5202 1793 0
5202 1796 0
5202 1799 0
5199 1801 0
5201 1804 0
5204 1806 0
5207 1808 0
5210 1810 0
5214 1811 0
5219 1812 0
5225 1813 0
5232 1814 0
5238 1816 0
5243 1818 0
5248 1819 0
5254 1819 0
5262 1819 0
5269 1818 0
5278 1818 0
5289 1818 0
5298 1818 0
5305 1818 0
5311 1818 0
5318 1818 0
5324 1817 0
5330 1817 0
5338 1818 0
5346 1819 0
5354 1819 0
5363 1818 0
5372 1820 0
5382 1821 0
5391 1822 0
5400 1822 0
5408 1821 0
5416 1820 0
5424 1819 0
5431 1818 0
5437 1817 0
5442 1816 0
5446 1814 0
5452 1810 0
.PEN_UP
