.VERSION 1.0 
.HIERARCHY CHARACTER
.COORD X Y T
.SEGMENT CHARACTER 0-2 OK "31"
.H_LINE 1374 2249
.V_LINE 1999 2749
.X_DIM 749
.Y_DIM 874
.X_POINTS_PER_INCH 1000
.Y_POINTS_PER_INCH 1000
.POINTS_PER_SECOND 125
.COMMENT CALIB X: -50 Y: -149

.WRITER_INFO
 Name: KISHORE
 WriterId: 93
 Hand: right
 EducationLevel: primary school
 Gender: male
 Profession: student
 Region: nellore
 Age: 14
 DeviceType: digimemo a402
 SkillDevice: average
 Language: hindi
 Script: indic
 Native: false
 Style: discrete
 UsageFreq: every day
 Proficiency: average
 Date: 2007-7-8
 WritingInProfession: yes, but limited

.PEN_DOWN
2351 1715 0
2351 1712 0
2349 1715 0
2347 1719 0
2346 1725 0
2344 1732 0
2342 1741 0
2341 1750 0
2339 1759 0
2337 1768 0
2335 1777 0
2334 1788 0
2334 1801 0
2334 1814 0
2333 1827 0
2332 1838 0
2331 1848 0
2330 1857 0
2330 1863 0
2330 1867 0
2331 1863 0
2333 1859 0
2336 1849 0
.PEN_UP
.PEN_DOWN
2331 1780 0
2328 1779 0
2325 1779 0
2320 1779 0
2311 1779 0
2301 1780 0
2290 1783 0
2276 1784 0
2263 1786 0
2251 1787 0
2238 1789 0
2227 1790 0
2214 1790 0
2202 1790 0
2192 1789 0
2184 1788 0
2177 1786 0
2172 1784 0
2167 1782 0
2164 1781 0
2165 1784 0
2168 1788 0
2172 1795 0
2176 1803 0
2181 1811 0
2186 1820 0
2192 1828 0
2197 1836 0
2202 1842 0
2207 1847 0
2210 1850 0
2214 1852 0
2217 1847 0
2218 1840 0
2219 1831 0
2220 1821 0
2220 1812 0
2220 1803 0
2218 1796 0
2215 1790 0
2213 1786 0
2210 1784 0
2206 1782 0
2203 1781 0
2203 1781 0
.PEN_UP
.PEN_DOWN
2209 1677 0
2206 1679 0
2203 1684 0
2199 1689 0
2197 1693 0
2196 1696 0
2197 1700 0
2198 1703 0
2201 1706 0
2206 1709 0
2215 1713 0
2231 1715 0
2251 1716 0
2276 1716 0
2308 1715 0
2345 1713 0
2379 1710 0
2408 1707 0
2432 1703 0
2450 1699 0
2462 1696 0
2470 1693 0
2476 1691 0
2480 1689 0
2480 1689 0
.PEN_UP
