.VERSION 1.0 
.HIERARCHY CHARACTER
.COORD X Y T
.SEGMENT CHARACTER 0-1 OK "67"
.H_LINE 2999 3874
.V_LINE 3500 4250
.X_DIM 750
.Y_DIM 874
.X_POINTS_PER_INCH 1000
.Y_POINTS_PER_INCH 1000
.POINTS_PER_SECOND 125
.COMMENT CALIB X: 17 Y: -90

.WRITER_INFO
 Name: KISHORE
 WriterId: 93
 Hand: right
 EducationLevel: primary school
 Gender: male
 Profession: student
 Region: nellore
 Age: 14
 DeviceType: digimemo a402
 SkillDevice: average
 Language: hindi
 Script: indic
 Native: false
 Style: discrete
 UsageFreq: every day
 Proficiency: average
 Date: 2007-7-8
 WritingInProfession: yes, but limited

.PEN_DOWN
3810 3498 0
3810 3493 0
3810 3490 0
3808 3493 0
3807 3496 0
3807 3499 0
3806 3502 0
3806 3505 0
3806 3508 0
3805 3513 0
3805 3518 0
3804 3521 0
3803 3524 0
3803 3528 0
3803 3532 0
3802 3536 0
3802 3540 0
3802 3546 0
3802 3552 0
3802 3558 0
3802 3563 0
3802 3567 0
3802 3570 0
3803 3573 0
3803 3577 0
3803 3581 0
3804 3584 0
3805 3587 0
3806 3590 0
3806 3593 0
3806 3596 0
3806 3599 0
3806 3602 0
3807 3605 0
3807 3608 0
3804 3610 0
3801 3611 0
3798 3612 0
3795 3612 0
3791 3611 0
3787 3610 0
3783 3609 0
3779 3606 0
3777 3603 0
3774 3599 0
3772 3596 0
3770 3592 0
3768 3587 0
3766 3583 0
3765 3579 0
3763 3576 0
3761 3572 0
3760 3569 0
3759 3566 0
3758 3563 0
3757 3560 0
3756 3557 0
3755 3554 0
3758 3554 0
3761 3555 0
3765 3556 0
3769 3557 0
3776 3558 0
3780 3559 0
3784 3560 0
3787 3561 0
3790 3561 0
3793 3562 0
3797 3561 0
3800 3561 0
3800 3561 0
.PEN_UP
.PEN_DOWN
3738 3468 0
3738 3463 0
3741 3461 0
3744 3460 0
3747 3460 0
3751 3461 0
3757 3463 0
3763 3464 0
3767 3465 0
3771 3467 0
3777 3468 0
3782 3469 0
3787 3469 0
3792 3470 0
3797 3470 0
3802 3470 0
3809 3470 0
3818 3470 0
3828 3470 0
3836 3470 0
3844 3469 0
3850 3469 0
3857 3468 0
3864 3468 0
3868 3467 0
3872 3467 0
3875 3467 0
3878 3466 0
3881 3466 0
3884 3466 0
3884 3466 0
.PEN_UP
