.VERSION 1.0 
.HIERARCHY CHARACTER
.COORD X Y T
.SEGMENT CHARACTER 0-2 OK "68"
.H_LINE 2999 3874
.V_LINE 5000 5750
.X_DIM 750
.Y_DIM 874
.X_POINTS_PER_INCH 1000
.Y_POINTS_PER_INCH 1000
.POINTS_PER_SECOND 125
.COMMENT CALIB X: -42 Y: -118

.WRITER_INFO
 Name: KISHORE
 WriterId: 93
 Hand: right
 EducationLevel: primary school
 Gender: male
 Profession: student
 Region: nellore
 Age: 14
 DeviceType: digimemo a402
 SkillDevice: average
 Language: hindi
 Script: indic
 Native: false
 Style: discrete
 UsageFreq: every day
 Proficiency: average
 Date: 2007-7-8
 WritingInProfession: yes, but limited

.PEN_DOWN
5198 3448 0
5201 3450 0
5205 3451 0
5208 3452 0
5211 3453 0
5216 3453 0
5222 3454 0
5230 3453 0
5240 3452 0
5253 3451 0
5269 3451 0
5285 3451 0
5301 3451 0
5314 3451 0
5324 3452 0
5331 3452 0
5335 3452 0
5336 3448 0
5336 3448 0
.PEN_UP
.PEN_DOWN
5234 3452 0
5234 3456 0
5234 3460 0
5234 3465 0
5234 3471 0
5234 3477 0
5234 3484 0
5234 3492 0
5234 3501 0
5233 3509 0
5233 3517 0
5233 3524 0
5233 3530 0
5234 3535 0
5235 3538 0
5237 3541 0
5240 3544 0
5244 3546 0
5248 3547 0
5251 3548 0
5255 3549 0
5262 3550 0
5268 3550 0
5273 3550 0
5279 3550 0
5284 3549 0
.PEN_UP
.PEN_DOWN
5317 3539 0
5314 3540 0
5310 3540 0
5307 3541 0
5303 3542 0
5300 3543 0
5296 3544 0
5292 3545 0
5285 3546 0
5277 3548 0
5270 3549 0
5263 3550 0
5258 3552 0
5253 3554 0
5246 3559 0
5241 3564 0
5238 3568 0
5236 3573 0
5234 3579 0
5232 3585 0
5231 3591 0
5231 3597 0
5232 3604 0
5233 3611 0
5234 3618 0
5237 3627 0
5242 3638 0
5248 3647 0
5255 3654 0
5263 3661 0
5273 3665 0
5286 3667 0
5301 3668 0
5316 3667 0
5331 3664 0
5346 3660 0
5358 3651 0
.PEN_UP
