.VERSION 1.0 
.HIERARCHY CHARACTER
.COORD X Y T
.SEGMENT CHARACTER 0-3 OK "68"
.H_LINE 2999 3874
.V_LINE 5000 5750
.X_DIM 750
.Y_DIM 874
.X_POINTS_PER_INCH 1000
.Y_POINTS_PER_INCH 1000
.POINTS_PER_SECOND 125
.COMMENT CALIB X: 9 Y: -102

.WRITER_INFO
 Name: KISHORE
 WriterId: 93
 Hand: right
 EducationLevel: primary school
 Gender: male
 Profession: student
 Region: nellore
 Age: 14
 DeviceType: digimemo a402
 SkillDevice: average
 Language: hindi
 Script: indic
 Native: false
 Style: discrete
 UsageFreq: every day
 Proficiency: average
 Date: 2007-7-8
 WritingInProfession: yes, but limited

.PEN_DOWN
5257 3406 0
5257 3409 0
5250 3410 0
5246 3411 0
5243 3413 0
5243 3416 0
5245 3420 0
5249 3423 0
5253 3426 0
5257 3428 0
5261 3430 0
5265 3431 0
5270 3432 0
5274 3433 0
5279 3434 0
5286 3433 0
5293 3432 0
5301 3431 0
5309 3430 0
5319 3429 0
5328 3427 0
5340 3425 0
5350 3422 0
5360 3420 0
5370 3418 0
5378 3417 0
5385 3416 0
5391 3415 0
5396 3415 0
5399 3415 0
5396 3417 0
5396 3417 0
.PEN_UP
.PEN_DOWN
5282 3441 0
5285 3441 0
5284 3444 0
5283 3448 0
5283 3452 0
5283 3456 0
5283 3460 0
5283 3466 0
5283 3472 0
5283 3479 0
5283 3485 0
5283 3492 0
5283 3498 0
5283 3504 0
5283 3510 0
5283 3515 0
5283 3520 0
5283 3525 0
5283 3529 0
5284 3532 0
5285 3535 0
5286 3538 0
5287 3541 0
5290 3544 0
5293 3547 0
5296 3549 0
5299 3551 0
5302 3552 0
5305 3554 0
5308 3555 0
5311 3556 0
5314 3557 0
5317 3558 0
5320 3558 0
5324 3557 0
5327 3557 0
5330 3557 0
5336 3557 0
.PEN_UP
.PEN_DOWN
5365 3542 0
5357 3542 0
5353 3542 0
5350 3541 0
5347 3540 0
5344 3540 0
5342 3544 0
5334 3545 0
.PEN_UP
.PEN_DOWN
5366 3547 0
5363 3546 0
5360 3545 0
5357 3545 0
5354 3544 0
5351 3544 0
5348 3543 0
5345 3542 0
5342 3542 0
5338 3543 0
5335 3544 0
5331 3545 0
5328 3546 0
5325 3547 0
5321 3550 0
5316 3551 0
5313 3552 0
5310 3554 0
5307 3555 0
5304 3558 0
5301 3560 0
5298 3563 0
5295 3566 0
5292 3570 0
5290 3573 0
5288 3576 0
5286 3579 0
5285 3582 0
5283 3585 0
5281 3588 0
5281 3591 0
5280 3594 0
5280 3597 0
5280 3600 0
5280 3603 0
5280 3606 0
5279 3609 0
5279 3613 0
5280 3616 0
5281 3619 0
5282 3622 0
5283 3625 0
5284 3629 0
5286 3633 0
5288 3637 0
5291 3641 0
5294 3645 0
5297 3648 0
5300 3650 0
5303 3652 0
5306 3654 0
5310 3656 0
5315 3657 0
5321 3658 0
5327 3658 0
5333 3657 0
5342 3655 0
5349 3653 0
5358 3649 0
5367 3646 0
5376 3643 0
5386 3639 0
5397 3636 0
5405 3632 0
5412 3626 0
.PEN_UP
