.VERSION 1.0 
.HIERARCHY CHARACTER
.COORD X Y T
.SEGMENT CHARACTER 0-1 OK "69"
.H_LINE 2999 3874
.V_LINE 6500 7250
.X_DIM 750
.Y_DIM 874
.X_POINTS_PER_INCH 1000
.Y_POINTS_PER_INCH 1000
.POINTS_PER_SECOND 125
.COMMENT CALIB X: -9 Y: -143

.WRITER_INFO
 Name: KISHORE
 WriterId: 93
 Hand: right
 EducationLevel: primary school
 Gender: male
 Profession: student
 Region: nellore
 Age: 14
 DeviceType: digimemo a402
 SkillDevice: average
 Language: hindi
 Script: indic
 Native: false
 Style: discrete
 UsageFreq: every day
 Proficiency: average
 Date: 2007-7-8
 WritingInProfession: yes, but limited

.PEN_DOWN
6728 3420 0
6732 3421 0
6737 3424 0
6743 3427 0
6751 3430 0
6760 3432 0
6771 3433 0
6785 3434 0
6803 3434 0
6821 3435 0
6837 3435 0
6852 3435 0
6864 3435 0
6871 3435 0
6875 3435 0
6872 3437 0
6871 3440 0
.PEN_UP
.PEN_DOWN
6706 3521 0
6709 3521 0
6713 3521 0
6717 3520 0
6721 3520 0
6726 3521 0
6733 3521 0
6739 3522 0
6744 3522 0
6751 3522 0
6757 3522 0
6762 3522 0
6767 3522 0
6772 3522 0
6779 3523 0
6787 3523 0
6793 3523 0
6798 3524 0
6802 3524 0
6805 3524 0
6808 3524 0
6811 3523 0
6814 3523 0
6817 3523 0
6819 3520 0
6822 3521 0
6819 3521 0
6815 3521 0
6811 3521 0
6807 3521 0
6803 3522 0
6799 3522 0
6795 3522 0
6791 3522 0
6786 3523 0
6781 3524 0
6776 3525 0
6772 3526 0
6769 3528 0
6766 3531 0
6764 3535 0
6761 3541 0
6759 3550 0
6758 3559 0
6756 3568 0
6756 3578 0
6759 3588 0
6762 3596 0
6766 3602 0
6773 3608 0
6783 3613 0
6796 3616 0
6810 3616 0
6825 3616 0
6845 3614 0
6863 3612 0
6880 3608 0
6896 3602 0
6910 3595 0
6922 3586 0
6934 3577 0
6944 3568 0
6949 3558 0
.PEN_UP
