.VERSION 1.0 
.HIERARCHY CHARACTER
.COORD X Y T
.SEGMENT CHARACTER 0-1 OK "73"
.H_LINE 4624 5499
.V_LINE 5000 5750
.X_DIM 750
.Y_DIM 874
.X_POINTS_PER_INCH 1000
.Y_POINTS_PER_INCH 1000
.POINTS_PER_SECOND 125
.COMMENT CALIB X: 48 Y: -124

.WRITER_INFO
 Name: KISHORE
 WriterId: 93
 Hand: right
 EducationLevel: primary school
 Gender: male
 Profession: student
 Region: nellore
 Age: 14
 DeviceType: digimemo a402
 SkillDevice: average
 Language: hindi
 Script: indic
 Native: false
 Style: discrete
 UsageFreq: every day
 Proficiency: average
 Date: 2007-7-8
 WritingInProfession: yes, but limited

.PEN_DOWN
5311 5052 0
5309 5055 0
5308 5059 0
5308 5062 0
5308 5065 0
5308 5068 0
5307 5072 0
5307 5075 0
5307 5078 0
5307 5081 0
5307 5085 0
5308 5088 0
5308 5093 0
5308 5098 0
5309 5102 0
5309 5107 0
5310 5111 0
5311 5115 0
5312 5119 0
5313 5122 0
5314 5125 0
5314 5128 0
5315 5131 0
5316 5134 0
5317 5137 0
5318 5140 0
5319 5143 0
5321 5147 0
5324 5149 0
5327 5151 0
5331 5153 0
5335 5154 0
5339 5155 0
5342 5155 0
5346 5155 0
5350 5154 0
5354 5153 0
5358 5151 0
5362 5149 0
5366 5147 0
5370 5145 0
5374 5142 0
5378 5138 0
5382 5134 0
5386 5130 0
5389 5127 0
5392 5124 0
5395 5121 0
5398 5117 0
5400 5113 0
5402 5109 0
5404 5104 0
5406 5099 0
5408 5094 0
5409 5089 0
5410 5084 0
5411 5078 0
5412 5072 0
5413 5068 0
5414 5064 0
5416 5060 0
5417 5056 0
5419 5053 0
5420 5050 0
5421 5047 0
5418 5047 0
5416 5050 0
5413 5054 0
5412 5057 0
.PEN_UP
.PEN_DOWN
5276 5030 0
5273 5031 0
5270 5032 0
5267 5032 0
5264 5032 0
5261 5032 0
5258 5033 0
5255 5034 0
5252 5034 0
5249 5035 0
5246 5036 0
5250 5036 0
5255 5036 0
5262 5036 0
5271 5036 0
5283 5036 0
5296 5036 0
5309 5036 0
5323 5036 0
5338 5035 0
5355 5034 0
5372 5033 0
5388 5032 0
5400 5031 0
5410 5030 0
5419 5029 0
5429 5029 0
5436 5029 0
5442 5028 0
5447 5028 0
5450 5028 0
5453 5028 0
5456 5027 0
5460 5026 0
5465 5025 0
5472 5024 0
5480 5022 0
5486 5021 0
5492 5020 0
5498 5020 0
5503 5019 0
5506 5019 0
5509 5019 0
5506 5019 0
.PEN_UP
