.VERSION 1.0 
.HIERARCHY CHARACTER
.COORD X Y T
.SEGMENT CHARACTER 0-2 OK "77"
.H_LINE 6249 7124
.V_LINE 3500 4250
.X_DIM 750
.Y_DIM 875
.X_POINTS_PER_INCH 1000
.Y_POINTS_PER_INCH 1000
.POINTS_PER_SECOND 125
.COMMENT CALIB X: 52 Y: -112

.WRITER_INFO
 Name: KISHORE
 WriterId: 93
 Hand: right
 EducationLevel: primary school
 Gender: male
 Profession: student
 Region: nellore
 Age: 14
 DeviceType: digimemo a402
 SkillDevice: average
 Language: hindi
 Script: indic
 Native: false
 Style: discrete
 UsageFreq: every day
 Proficiency: average
 Date: 2007-7-8
 WritingInProfession: yes, but limited

.PEN_DOWN
3821 6772 0
3818 6770 0
3818 6770 0
.PEN_UP
.PEN_DOWN
3810 6745 0
3811 6748 0
3814 6748 0
3817 6747 0
3820 6745 0
3822 6742 0
3824 6739 0
3827 6736 0
3828 6732 0
3830 6729 0
3832 6726 0
3834 6723 0
3835 6720 0
3836 6717 0
3837 6713 0
3838 6710 0
3838 6707 0
3837 6704 0
3836 6701 0
3835 6698 0
3834 6695 0
3833 6691 0
3831 6688 0
3828 6686 0
3825 6686 0
3822 6686 0
3818 6686 0
3815 6687 0
3811 6688 0
3808 6689 0
3805 6692 0
3802 6695 0
3800 6698 0
3798 6702 0
3796 6705 0
3794 6708 0
3792 6711 0
3790 6714 0
3788 6717 0
3787 6721 0
3785 6725 0
3783 6728 0
3782 6731 0
3781 6734 0
3780 6737 0
3780 6740 0
3780 6744 0
3780 6748 0
3780 6751 0
3779 6754 0
3779 6757 0
3780 6760 0
3780 6763 0
3781 6767 0
3782 6770 0
3784 6774 0
3787 6777 0
3789 6780 0
3792 6784 0
3795 6787 0
3798 6789 0
3802 6791 0
3805 6793 0
3808 6795 0
3811 6796 0
3814 6797 0
3817 6798 0
3820 6798 0
3823 6799 0
3826 6799 0
3829 6799 0
3832 6800 0
3835 6800 0
3838 6801 0
3841 6801 0
3844 6802 0
3841 6800 0
3838 6798 0
3835 6798 0
3832 6798 0
3829 6798 0
3826 6798 0
3822 6799 0
3818 6799 0
3815 6800 0
3812 6802 0
3809 6805 0
3806 6809 0
3804 6812 0
3802 6815 0
3800 6818 0
3799 6821 0
3797 6824 0
3796 6827 0
3796 6830 0
3796 6833 0
3796 6837 0
3797 6840 0
3798 6843 0
3799 6846 0
3800 6849 0
3802 6853 0
3804 6856 0
3805 6859 0
3808 6862 0
3810 6865 0
3814 6866 0
3818 6868 0
3821 6869 0
3824 6870 0
3827 6871 0
3830 6872 0
3835 6872 0
3841 6872 0
3846 6871 0
3851 6870 0
3856 6869 0
3862 6867 0
3869 6864 0
3875 6860 0
3882 6856 0
3890 6852 0
3898 6847 0
3907 6842 0
3916 6836 0
3927 6828 0
.PEN_UP
.PEN_DOWN
3806 6620 0
3804 6623 0
3802 6626 0
3806 6628 0
3809 6629 0
3812 6630 0
3815 6631 0
3818 6632 0
3821 6633 0
3824 6634 0
3828 6635 0
3831 6635 0
3834 6635 0
3837 6635 0
3841 6633 0
3844 6634 0
3848 6634 0
3852 6634 0
3856 6633 0
3862 6632 0
3868 6631 0
3875 6630 0
3882 6630 0
3888 6629 0
3894 6628 0
3900 6627 0
3905 6626 0
3910 6625 0
3915 6624 0
3921 6623 0
3926 6623 0
3932 6622 0
3937 6622 0
3940 6622 0
3943 6622 0
3948 6622 0
3953 6622 0
3957 6622 0
3961 6622 0
3966 6622 0
3972 6622 0
3979 6622 0
3985 6623 0
3991 6623 0
3997 6624 0
4002 6624 0
4006 6625 0
4009 6626 0
4009 6626 0
.PEN_UP
