.VERSION 1.0 
.HIERARCHY CHARACTER
.COORD X Y T
.SEGMENT CHARACTER 0-2 OK "90"
.H_LINE 1374 2249
.V_LINE 499 1250
.X_DIM 750
.Y_DIM 874
.X_POINTS_PER_INCH 1000
.Y_POINTS_PER_INCH 1000
.POINTS_PER_SECOND 125
.COMMENT CALIB X: -46 Y: -147

.WRITER_INFO
 Name: KISHORE
 WriterId: 93
 Hand: right
 EducationLevel: primary school
 Gender: male
 Profession: student
 Region: nellore
 Age: 14
 DeviceType: digimemo a402
 SkillDevice: average
 Language: hindi
 Script: indic
 Native: false
 Style: discrete
 UsageFreq: every day
 Proficiency: average
 Date: 2007-7-8
 WritingInProfession: yes, but limited

.PEN_DOWN
724 1616 0
720 1616 0
717 1617 0
714 1618 0
712 1621 0
711 1624 0
712 1627 0
717 1631 0
722 1634 0
730 1636 0
741 1637 0
754 1638 0
771 1638 0
789 1637 0
809 1636 0
832 1637 0
855 1637 0
877 1637 0
896 1636 0
912 1636 0
924 1636 0
931 1636 0
935 1635 0
938 1635 0
935 1635 0
931 1631 0
924 1630 0
.PEN_UP
.PEN_DOWN
789 1648 0
786 1651 0
784 1654 0
783 1660 0
782 1666 0
781 1673 0
780 1681 0
780 1691 0
779 1700 0
779 1708 0
779 1716 0
779 1722 0
779 1727 0
779 1730 0
781 1726 0
781 1721 0
.PEN_UP
.PEN_DOWN
752 1735 0
749 1733 0
753 1731 0
757 1730 0
760 1728 0
766 1726 0
774 1725 0
779 1724 0
783 1723 0
787 1723 0
791 1723 0
796 1723 0
800 1723 0
805 1725 0
809 1727 0
814 1729 0
820 1732 0
826 1734 0
833 1737 0
841 1740 0
848 1743 0
853 1746 0
857 1750 0
859 1753 0
862 1757 0
866 1761 0
868 1765 0
870 1768 0
872 1771 0
874 1775 0
875 1780 0
875 1784 0
874 1789 0
872 1795 0
869 1801 0
864 1808 0
857 1817 0
846 1825 0
836 1833 0
825 1841 0
813 1849 0
800 1855 0
789 1859 0
779 1862 0
769 1864 0
760 1864 0
753 1862 0
747 1859 0
741 1854 0
735 1848 0
730 1841 0
726 1835 0
724 1829 0
722 1823 0
721 1818 0
721 1814 0
721 1810 0
723 1807 0
726 1803 0
733 1799 0
742 1798 0
752 1797 0
762 1797 0
771 1800 0
778 1805 0
783 1808 0
788 1813 0
793 1819 0
797 1828 0
802 1839 0
807 1850 0
811 1860 0
814 1871 0
818 1881 0
823 1891 0
828 1901 0
834 1909 0
841 1916 0
849 1923 0
858 1929 0
866 1933 0
876 1936 0
885 1938 0
895 1937 0
905 1934 0
913 1928 0
922 1918 0
.PEN_UP
