.VERSION 1.0 
.HIERARCHY CHARACTER
.COORD X Y T
.SEGMENT CHARACTER 0-2 OK "93"
.H_LINE 1374 2249
.V_LINE 5000 5750
.X_DIM 750
.Y_DIM 874
.X_POINTS_PER_INCH 1000
.Y_POINTS_PER_INCH 1000
.POINTS_PER_SECOND 125
.COMMENT CALIB X: -34 Y: -127

.WRITER_INFO
 Name: KISHORE
 WriterId: 93
 Hand: right
 EducationLevel: primary school
 Gender: male
 Profession: student
 Region: nellore
 Age: 14
 DeviceType: digimemo a402
 SkillDevice: average
 Language: hindi
 Script: indic
 Native: false
 Style: discrete
 UsageFreq: every day
 Proficiency: average
 Date: 2007-7-8
 WritingInProfession: yes, but limited

.PEN_DOWN
5290 1735 0
5290 1738 0
5290 1742 0
5289 1746 0
5289 1751 0
5289 1756 0
5290 1762 0
5290 1768 0
5290 1773 0
5291 1778 0
5292 1782 0
5293 1785 0
5293 1788 0
5293 1784 0
5292 1781 0
5289 1778 0
5286 1775 0
5282 1773 0
5276 1771 0
5270 1769 0
5264 1768 0
5259 1768 0
5254 1768 0
5248 1770 0
5242 1772 0
5238 1773 0
5233 1777 0
5229 1780 0
5226 1784 0
5224 1787 0
5222 1790 0
5220 1793 0
5219 1796 0
5218 1799 0
5218 1802 0
5217 1806 0
5218 1809 0
5219 1812 0
5221 1816 0
5224 1819 0
5227 1822 0
5230 1824 0
5234 1827 0
5239 1827 0
5243 1827 0
5247 1828 0
5253 1828 0
5259 1828 0
5264 1827 0
5268 1827 0
5271 1827 0
5274 1827 0
5272 1830 0
.PEN_UP
.PEN_DOWN
5327 1835 0
5327 1832 0
5324 1830 0
5321 1829 0
5317 1829 0
5312 1829 0
5306 1829 0
5299 1830 0
5291 1829 0
5282 1829 0
5272 1829 0
5263 1830 0
5255 1832 0
5248 1835 0
5242 1837 0
5237 1841 0
5232 1846 0
5228 1852 0
5225 1859 0
5223 1867 0
5222 1877 0
5221 1888 0
5221 1899 0
5222 1912 0
5227 1928 0
5233 1943 0
5241 1956 0
5252 1966 0
5265 1975 0
5279 1982 0
5294 1988 0
5309 1992 0
5323 1993 0
5336 1992 0
5350 1990 0
.PEN_UP
.PEN_DOWN
5223 1702 0
5220 1700 0
5217 1698 0
5220 1696 0
5226 1694 0
5236 1692 0
5248 1691 0
5266 1691 0
5290 1691 0
5322 1690 0
5356 1688 0
5389 1685 0
5424 1681 0
.PEN_UP
