.VERSION 1.0 
.HIERARCHY CHARACTER
.COORD X Y T
.SEGMENT CHARACTER 0-2 OK "99"
.H_LINE 2999 3874
.V_LINE 6500 7250
.X_DIM 750
.Y_DIM 874
.X_POINTS_PER_INCH 1000
.Y_POINTS_PER_INCH 1000
.POINTS_PER_SECOND 125
.COMMENT CALIB X: -9 Y: -143

.WRITER_INFO
 Name: KISHORE
 WriterId: 93
 Hand: right
 EducationLevel: primary school
 Gender: male
 Profession: student
 Region: nellore
 Age: 14
 DeviceType: digimemo a402
 SkillDevice: average
 Language: hindi
 Script: indic
 Native: false
 Style: discrete
 UsageFreq: every day
 Proficiency: average
 Date: 2007-7-8
 WritingInProfession: yes, but limited

.PEN_DOWN
6906 3340 0
6907 3337 0
6908 3334 0
6907 3338 0
6906 3341 0
6906 3345 0
6905 3350 0
6905 3357 0
6905 3365 0
6905 3374 0
6905 3384 0
6905 3393 0
6906 3401 0
6907 3407 0
6907 3411 0
6907 3414 0
6907 3410 0
6907 3407 0
6906 3402 0
6905 3397 0
6904 3394 0
6903 3391 0
6901 3388 0
6898 3385 0
6894 3381 0
6886 3378 0
6876 3375 0
6868 3373 0
6860 3372 0
6852 3374 0
6845 3376 0
6838 3379 0
6832 3382 0
6828 3385 0
6823 3389 0
6818 3394 0
6814 3399 0
6810 3404 0
6805 3410 0
6801 3414 0
6799 3418 0
6797 3422 0
6795 3426 0
6794 3430 0
6794 3435 0
6793 3440 0
6794 3445 0
6796 3451 0
6799 3458 0
6805 3465 0
6813 3471 0
6821 3477 0
6829 3483 0
6838 3488 0
6848 3492 0
6856 3495 0
6862 3497 0
6867 3498 0
6871 3498 0
6874 3497 0
6877 3495 0
6883 3492 0
.PEN_UP
.PEN_DOWN
6929 3494 0
6929 3491 0
6926 3488 0
6923 3487 0
6920 3485 0
6916 3484 0
6912 3483 0
6909 3482 0
6905 3481 0
6901 3481 0
6896 3482 0
6886 3482 0
6876 3483 0
6868 3483 0
6861 3483 0
6855 3483 0
6847 3483 0
6840 3483 0
6835 3483 0
6830 3483 0
6826 3482 0
6823 3482 0
6820 3482 0
6817 3482 0
6814 3482 0
6811 3484 0
6808 3486 0
6804 3489 0
6800 3491 0
6796 3494 0
6791 3498 0
6788 3501 0
6785 3505 0
6781 3509 0
6778 3514 0
6776 3519 0
6773 3523 0
6771 3526 0
6770 3530 0
6769 3534 0
6769 3538 0
6770 3543 0
6772 3546 0
6775 3551 0
6779 3555 0
6784 3560 0
6791 3564 0
6799 3567 0
6810 3570 0
6824 3571 0
6839 3571 0
6852 3571 0
6866 3571 0
6881 3569 0
6893 3567 0
6903 3565 0
6911 3563 0
6917 3560 0
6922 3556 0
6926 3552 0
6929 3549 0
6931 3546 0
6932 3543 0
6931 3540 0
6927 3539 0
6923 3538 0
6918 3539 0
6914 3540 0
6910 3542 0
6906 3545 0
6903 3548 0
6901 3554 0
6900 3561 0
6900 3568 0
6901 3574 0
6902 3580 0
6905 3587 0
6910 3594 0
6918 3600 0
6925 3605 0
6933 3609 0
6941 3613 0
6948 3615 0
6955 3615 0
6961 3614 0
6966 3606 0
6970 3603 0
.PEN_UP
.PEN_DOWN
6775 3327 0
6772 3327 0
6769 3326 0
6766 3322 0
6765 3319 0
6768 3317 0
6772 3316 0
6777 3316 0
6783 3316 0
6794 3315 0
6812 3315 0
6836 3315 0
6868 3314 0
6902 3313 0
6933 3312 0
6959 3312 0
6980 3311 0
6997 3310 0
7010 3309 0
7021 3308 0
7028 3307 0
.PEN_UP
