172.0,87.0
173.0,87.0
174.0,87.0
176.0,87.0
179.0,87.0
180.0,87.0
183.0,87.0
184.0,87.0
187.0,87.0
190.0,87.0
191.0,88.0
193.0,88.0
194.0,89.0
196.0,91.0
197.0,92.0
198.0,93.0
200.0,94.0
201.0,95.0
201.0,98.0
203.0,100.0
204.0,101.0
204.0,104.0
205.0,106.0
205.0,108.0
207.0,109.0
207.0,113.0
207.0,116.0
207.0,121.0
207.0,125.0
207.0,129.0
207.0,132.0
207.0,135.0
207.0,139.0
205.0,142.0
205.0,143.0
203.0,147.0
201.0,148.0
200.0,152.0
198.0,153.0
196.0,155.0
194.0,156.0
191.0,159.0
191.0,160.0
190.0,161.0
188.0,162.0
187.0,163.0
186.0,163.0
184.0,163.0
183.0,163.0
181.0,163.0
180.0,163.0
179.0,163.0
177.0,163.0
176.0,163.0
174.0,163.0
174.0,162.0
174.0,161.0
174.0,160.0
174.0,159.0
174.0,158.0
174.0,156.0
176.0,155.0
177.0,154.0
180.0,150.0
183.0,149.0
187.0,146.0
190.0,145.0
191.0,143.0
194.0,142.0
197.0,140.0
203.0,138.0
207.0,135.0
212.0,133.0
215.0,132.0
218.0,129.0
221.0,128.0
224.0,126.0
226.0,126.0
229.0,123.0
231.0,122.0
232.0,122.0
234.0,121.0
235.0,120.0
238.0,118.0
239.0,116.0
241.0,115.0
242.0,114.0
243.0,113.0
245.0,112.0
246.0,111.0
248.0,109.0
249.0,107.0
249.0,106.0
250.0,105.0
250.0,104.0
252.0,102.0
252.0,101.0
252.0,100.0
253.0,99.0
253.0,95.0
253.0,94.0
253.0,91.0
253.0,89.0
253.0,88.0
253.0,87.0
253.0,86.0
253.0,85.0
253.0,84.0
253.0,85.0
253.0,86.0
252.0,86.0
252.0,87.0
252.0,88.0
252.0,94.0
250.0,101.0
248.0,126.0
245.0,136.0
245.0,158.0
245.0,168.0
245.0,183.0
243.0,192.0
243.0,203.0
243.0,210.0
243.0,217.0
243.0,220.0
243.0,223.0
243.0,226.0
243.0,228.0
243.0,229.0
243.0,230.0
243.0,232.0
243.0,233.0
243.0,234.0
243.0,235.0
243.0,236.0
243.0,237.0
-1.0,-1.0
199.0,84.0
200.0,84.0
205.0,84.0
207.0,84.0
210.0,84.0
213.0,83.0
217.0,83.0
226.0,83.0
231.0,83.0
234.0,83.0
237.0,83.0
241.0,82.0
248.0,82.0
252.0,82.0
259.0,82.0
264.0,82.0
269.0,82.0
272.0,82.0
276.0,82.0
279.0,82.0
282.0,82.0
283.0,82.0
286.0,82.0
288.0,82.0
290.0,82.0
292.0,82.0
293.0,82.0
295.0,82.0
296.0,82.0
297.0,82.0
299.0,82.0
-1.0,-1.0
169.0,88.0
168.0,88.0
166.0,89.0
165.0,89.0
165.0,90.0
163.0,91.0
163.0,93.0
162.0,93.0
162.0,94.0
162.0,95.0
162.0,96.0
162.0,97.0
162.0,98.0
162.0,100.0
163.0,100.0
163.0,101.0
165.0,101.0
166.0,101.0
168.0,102.0
170.0,102.0
172.0,103.0
173.0,103.0
175.0,103.0
176.0,103.0
177.0,103.0
179.0,103.0
180.0,103.0
182.0,103.0
183.0,103.0
185.0,103.0
186.0,103.0
187.0,103.0
187.0,102.0
189.0,102.0
190.0,101.0
190.0,100.0
192.0,100.0
193.0,100.0
193.0,98.0
194.0,97.0
194.0,96.0
196.0,96.0
-1.0,-1.0
 
