.VERSION 1.0 
.HIERARCHY CHARACTER
.COORD X Y T
.SEGMENT CHARACTER 0-2 OK "18"
.H_LINE 6249 7124
.V_LINE 5000 5750
.X_DIM 750
.Y_DIM 875
.X_POINTS_PER_INCH 1000
.Y_POINTS_PER_INCH 1000
.POINTS_PER_SECOND 125
.COMMENT CALIB X: 96 Y: -160

.WRITER_INFO
 Name: SATYANARAYAN RAJU
 WriterId: 43
 Hand: right
 EducationLevel: post graduate
 Gender: male
 Profession: student
 Region: hyderabad
 Age: 22
 DeviceType: digimemo a402
 SkillDevice: good
 Language: hindi
 Script: indic
 Native: false
 Style: discrete
 UsageFreq: rarely
 Proficiency: average
 Date: 2007-6-19
 WritingInProfession: no

.PEN_DOWN
5292 6686 0
5295 6682 0
5298 6678 0
5300 6674 0
5301 6671 0
5301 6668 0
5300 6665 0
5295 6662 0
5287 6661 0
5276 6661 0
5262 6662 0
5246 6665 0
5232 6670 0
5217 6676 0
5204 6683 0
5195 6691 0
5189 6701 0
5185 6710 0
5185 6720 0
5188 6728 0
5195 6736 0
5207 6743 0
5225 6749 0
5245 6754 0
5266 6757 0
5285 6759 0
5301 6760 0
5313 6759 0
5321 6758 0
5326 6757 0
5321 6755 0
5312 6755 0
5301 6756 0
5289 6758 0
5275 6761 0
5262 6765 0
5253 6769 0
5247 6774 0
5244 6779 0
5245 6783 0
5248 6789 0
5254 6795 0
5263 6800 0
5274 6806 0
5287 6810 0
5303 6813 0
5319 6816 0
5336 6817 0
5351 6817 0
5367 6817 0
5381 6814 0
5392 6811 0
5400 6807 0
5404 6802 0
5406 6795 0
5405 6789 0
5400 6782 0
5392 6776 0
5381 6772 0
5367 6766 0
5355 6763 0
5347 6761 0
5344 6761 0
5348 6761 0
5355 6761 0
5363 6760 0
5373 6759 0
5384 6757 0
5395 6754 0
5405 6749 0
5414 6743 0
5421 6736 0
5426 6729 0
5429 6720 0
5429 6712 0
5427 6703 0
5422 6695 0
5415 6687 0
5407 6680 0
5398 6675 0
5388 6672 0
5379 6672 0
5372 6674 0
5365 6679 0
5360 6684 0
5356 6690 0
5353 6696 0
5351 6702 0
5350 6707 0
5351 6712 0
5353 6716 0
5356 6720 0
5360 6723 0
5364 6725 0
5368 6728 0
.PEN_UP
.PEN_DOWN
5371 6590 0
5374 6595 0
5376 6600 0
5377 6605 0
5379 6611 0
5380 6617 0
5380 6623 0
5380 6631 0
5380 6640 0
5379 6648 0
5378 6657 0
5379 6666 0
5379 6674 0
5379 6682 0
5380 6689 0
5380 6696 0
5381 6702 0
5381 6706 0
5382 6709 0
.PEN_UP
.PEN_DOWN
5289 6586 0
5293 6586 0
5301 6585 0
5311 6584 0
5322 6583 0
5335 6582 0
5347 6582 0
5360 6582 0
5374 6582 0
5388 6582 0
5403 6583 0
5416 6585 0
5429 6586 0
.PEN_UP
