.VERSION 1.0 
.HIERARCHY CHARACTER
.COORD X Y T
.SEGMENT CHARACTER 0-1 OK "30"
.H_LINE 1374 2249
.V_LINE 499 1250
.X_DIM 750
.Y_DIM 874
.X_POINTS_PER_INCH 1000
.Y_POINTS_PER_INCH 1000
.POINTS_PER_SECOND 125
.COMMENT CALIB X: -9 Y: -113

.WRITER_INFO
 Name: SATYANARAYAN RAJU
 WriterId: 43
 Hand: right
 EducationLevel: post graduate
 Gender: male
 Profession: student
 Region: hyderabad
 Age: 22
 DeviceType: digimemo a402
 SkillDevice: good
 Language: hindi
 Script: indic
 Native: false
 Style: discrete
 UsageFreq: rarely
 Proficiency: average
 Date: 2007-6-19
 WritingInProfession: no

.PEN_DOWN
719 1821 0
724 1818 0
731 1815 0
739 1811 0
749 1806 0
759 1802 0
767 1798 0
774 1794 0
778 1791 0
780 1787 0
781 1784 0
779 1781 0
775 1780 0
769 1781 0
758 1785 0
746 1790 0
734 1795 0
723 1801 0
713 1808 0
705 1814 0
700 1820 0
700 1827 0
702 1835 0
707 1842 0
714 1848 0
724 1854 0
734 1859 0
745 1862 0
756 1864 0
767 1864 0
777 1863 0
786 1860 0
792 1857 0
794 1854 0
794 1851 0
787 1849 0
778 1850 0
768 1853 0
757 1860 0
747 1868 0
739 1876 0
734 1886 0
731 1896 0
730 1907 0
732 1916 0
737 1924 0
744 1930 0
754 1934 0
769 1935 0
788 1932 0
811 1926 0
837 1919 0
865 1909 0
888 1898 0
907 1886 0
921 1874 0
932 1859 0
940 1845 0
945 1832 0
948 1817 0
947 1806 0
944 1796 0
939 1788 0
934 1781 0
930 1777 0
927 1775 0
925 1781 0
922 1788 0
920 1796 0
918 1806 0
918 1816 0
919 1829 0
921 1842 0
923 1858 0
926 1874 0
928 1889 0
930 1905 0
932 1918 0
933 1929 0
934 1939 0
934 1946 0
934 1951 0
934 1954 0
934 1954 0
.PEN_UP
.PEN_DOWN
827 1780 0
830 1779 0
836 1777 0
848 1776 0
864 1774 0
885 1773 0
907 1772 0
926 1770 0
943 1768 0
956 1766 0
966 1765 0
972 1763 0
977 1763 0
.PEN_UP
