.VERSION 1.0 
.HIERARCHY CHARACTER
.COORD X Y T
.SEGMENT CHARACTER 0-2 OK "33"
.H_LINE 1374 2249
.V_LINE 5000 5750
.X_DIM 750
.Y_DIM 874
.X_POINTS_PER_INCH 1000
.Y_POINTS_PER_INCH 1000
.POINTS_PER_SECOND 125
.COMMENT CALIB X: 118 Y: -146

.WRITER_INFO
 Name: SATYANARAYAN RAJU
 WriterId: 43
 Hand: right
 EducationLevel: post graduate
 Gender: male
 Profession: student
 Region: hyderabad
 Age: 22
 DeviceType: digimemo a402
 SkillDevice: good
 Language: hindi
 Script: indic
 Native: false
 Style: discrete
 UsageFreq: rarely
 Proficiency: average
 Date: 2007-6-19
 WritingInProfession: no

.PEN_DOWN
5345 1745 0
5344 1741 0
5344 1738 0
5344 1741 0
5344 1744 0
5344 1748 0
5345 1753 0
5345 1758 0
5346 1764 0
5347 1770 0
5349 1778 0
5350 1787 0
5352 1797 0
5353 1809 0
5354 1823 0
5356 1837 0
5357 1851 0
5357 1865 0
5357 1879 0
5357 1893 0
5357 1905 0
5358 1915 0
5358 1923 0
5359 1929 0
5360 1932 0
5362 1929 0
.PEN_UP
.PEN_DOWN
5272 1755 0
5269 1758 0
5266 1762 0
5264 1767 0
5263 1772 0
5262 1778 0
5263 1787 0
5265 1797 0
5267 1808 0
5270 1820 0
5274 1832 0
5278 1842 0
5283 1851 0
5287 1858 0
5292 1864 0
5297 1868 0
5301 1869 0
5304 1868 0
5308 1866 0
5311 1862 0
5315 1857 0
5320 1851 0
5326 1844 0
5333 1837 0
5341 1831 0
5349 1824 0
5356 1819 0
5363 1814 0
5369 1810 0
5375 1808 0
5381 1807 0
5387 1806 0
5393 1806 0
5399 1807 0
5404 1808 0
5408 1809 0
5412 1811 0
5416 1815 0
5419 1819 0
5421 1824 0
5423 1830 0
5425 1837 0
5426 1845 0
5427 1853 0
5427 1861 0
5428 1870 0
5429 1879 0
5429 1887 0
5429 1895 0
5429 1902 0
5429 1908 0
5429 1913 0
5429 1916 0
5429 1919 0
5429 1922 0
5429 1922 0
.PEN_UP
.PEN_DOWN
5275 1745 0
5272 1744 0
5279 1741 0
5289 1739 0
5302 1738 0
5318 1737 0
5334 1737 0
5348 1736 0
5359 1735 0
5368 1735 0
5377 1734 0
5385 1732 0
5393 1731 0
5402 1730 0
5409 1729 0
5414 1730 0
.PEN_UP
