.VERSION 1.0 
.HIERARCHY CHARACTER
.COORD X Y T
.SEGMENT CHARACTER 0-2 OK "34"
.H_LINE 1374 2249
.V_LINE 6500 7250
.X_DIM 750
.Y_DIM 874
.X_POINTS_PER_INCH 1000
.Y_POINTS_PER_INCH 1000
.POINTS_PER_SECOND 125
.COMMENT CALIB X: 43 Y: -186

.WRITER_INFO
 Name: SATYANARAYAN RAJU
 WriterId: 43
 Hand: right
 EducationLevel: post graduate
 Gender: male
 Profession: student
 Region: hyderabad
 Age: 22
 DeviceType: digimemo a402
 SkillDevice: good
 Language: hindi
 Script: indic
 Native: false
 Style: discrete
 UsageFreq: rarely
 Proficiency: average
 Date: 2007-6-19
 WritingInProfession: no

.PEN_DOWN
6800 1783 0
6800 1780 0
6800 1776 0
6800 1773 0
6801 1770 0
6801 1774 0
6802 1781 0
6803 1789 0
6804 1801 0
6805 1814 0
6807 1832 0
6809 1852 0
6811 1871 0
6813 1891 0
6814 1910 0
6815 1927 0
6816 1941 0
6816 1952 0
6816 1962 0
6816 1969 0
6816 1974 0
6816 1977 0
6816 1974 0
6816 1970 0
6816 1963 0
6816 1955 0
6816 1945 0
6816 1935 0
6815 1923 0
6814 1911 0
6812 1897 0
6810 1886 0
6807 1872 0
6802 1860 0
6796 1851 0
6789 1844 0
6780 1839 0
6768 1836 0
6754 1835 0
6740 1836 0
6724 1839 0
6708 1844 0
6692 1850 0
6679 1859 0
6667 1869 0
6659 1879 0
6654 1889 0
6652 1899 0
6653 1908 0
6656 1917 0
6663 1925 0
6674 1931 0
6688 1937 0
6703 1941 0
6718 1944 0
6733 1945 0
6747 1945 0
6761 1945 0
6773 1944 0
6782 1943 0
6787 1941 0
6790 1939 0
6788 1935 0
.PEN_UP
.PEN_DOWN
6677 1838 0
6680 1837 0
6684 1838 0
6689 1841 0
6695 1845 0
6701 1852 0
6708 1861 0
6717 1871 0
6727 1882 0
6738 1894 0
6750 1904 0
6763 1913 0
6775 1921 0
6786 1927 0
6794 1931 0
6799 1934 0
6802 1936 0
6802 1936 0
.PEN_UP
.PEN_DOWN
6726 1759 0
6730 1757 0
6735 1756 0
6741 1754 0
6749 1754 0
6761 1754 0
6774 1755 0
6788 1756 0
6801 1757 0
6814 1757 0
6827 1758 0
6835 1761 0
6831 1762 0
.PEN_UP
