.VERSION 1.0 
.HIERARCHY CHARACTER
.COORD X Y T
.SEGMENT CHARACTER 0-2 OK "91"
.H_LINE 1374 2249
.V_LINE 1999 2749
.X_DIM 749
.Y_DIM 874
.X_POINTS_PER_INCH 1000
.Y_POINTS_PER_INCH 1000
.POINTS_PER_SECOND 125
.COMMENT CALIB X: 1 Y: -149

.WRITER_INFO
 Name: SATYANARAYAN RAJU
 WriterId: 43
 Hand: right
 EducationLevel: post graduate
 Gender: male
 Profession: student
 Region: hyderabad
 Age: 22
 DeviceType: digimemo a402
 SkillDevice: good
 Language: hindi
 Script: indic
 Native: false
 Style: discrete
 UsageFreq: rarely
 Proficiency: average
 Date: 2007-6-19
 WritingInProfession: no

.PEN_DOWN
2186 1762 0
2185 1759 0
2185 1756 0
2185 1753 0
2185 1750 0
2185 1754 0
2185 1758 0
2186 1763 0
2187 1768 0
2188 1774 0
2189 1781 0
2191 1790 0
2192 1800 0
2194 1810 0
2196 1821 0
2199 1831 0
2202 1840 0
2205 1849 0
2208 1857 0
2212 1863 0
2215 1868 0
2219 1872 0
2224 1876 0
2230 1878 0
2238 1880 0
2246 1880 0
2255 1879 0
2264 1878 0
2274 1875 0
2283 1872 0
2291 1868 0
2298 1862 0
2303 1855 0
2306 1849 0
2308 1842 0
2311 1834 0
2313 1826 0
2315 1816 0
2316 1806 0
2316 1795 0
2316 1785 0
2315 1773 0
2313 1762 0
2311 1753 0
2310 1746 0
2309 1742 0
2307 1746 0
2306 1752 0
2306 1758 0
2308 1764 0
.PEN_UP
.PEN_DOWN
2183 1762 0
2185 1747 0
2189 1740 0
2193 1736 0
2199 1733 0
2206 1732 0
2215 1731 0
2225 1731 0
2235 1731 0
2246 1731 0
2255 1731 0
2265 1731 0
2276 1731 0
2287 1732 0
2300 1732 0
2310 1732 0
2319 1731 0
2327 1731 0
2332 1730 0
2336 1729 0
2336 1726 0
2332 1732 0
.PEN_UP
.PEN_DOWN
2203 1746 0
2199 1745 0
2200 1748 0
2204 1752 0
2209 1756 0
2215 1761 0
2223 1766 0
2233 1773 0
2244 1780 0
2254 1789 0
2264 1800 0
2273 1811 0
2282 1822 0
2291 1833 0
2300 1841 0
2307 1846 0
2311 1850 0
2314 1853 0
2317 1855 0
2317 1855 0
.PEN_UP
