.VERSION 1.0 
.HIERARCHY CHARACTER
.COORD X Y T
.SEGMENT CHARACTER 0-1 OK "94"
.H_LINE 1374 2249
.V_LINE 6500 7250
.X_DIM 750
.Y_DIM 874
.X_POINTS_PER_INCH 1000
.Y_POINTS_PER_INCH 1000
.POINTS_PER_SECOND 125
.COMMENT CALIB X: -37 Y: -61

.WRITER_INFO
 Name: SONTI RAJESH
 WriterId: 82
 Hand: right
 EducationLevel: college graduate
 Gender: male
 Profession: student
 Region: guntur
 Age: 21
 DeviceType: digimemo a402
 SkillDevice: average
 Language: hindi
 Script: indic
 Native: false
 Style: discrete
 UsageFreq: rarely
 Proficiency: average
 Date: 2007-6-30
 WritingInProfession: no

.PEN_DOWN
6941 1756 0
6937 1758 0
6933 1761 0
6927 1764 0
6923 1767 0
6917 1772 0
6909 1776 0
6901 1780 0
6889 1787 0
6875 1792 0
6855 1798 0
6835 1803 0
6811 1808 0
6793 1810 0
6778 1811 0
6771 1811 0
6767 1808 0
6767 1803 0
6767 1796 0
6768 1787 0
6772 1780 0
6776 1775 0
6780 1770 0
6782 1767 0
6786 1763 0
6791 1760 0
6799 1756 0
6808 1752 0
6813 1750 0
6818 1749 0
6822 1751 0
6825 1754 0
6829 1757 0
6832 1761 0
6833 1766 0
6834 1771 0
6832 1777 0
6834 1783 0
6832 1790 0
6832 1798 0
6826 1806 0
6824 1814 0
6821 1824 0
6817 1837 0
6813 1848 0
6810 1858 0
6808 1869 0
6807 1879 0
6807 1886 0
6807 1892 0
6810 1897 0
6813 1901 0
6816 1904 0
6819 1905 0
6824 1905 0
6828 1903 0
6832 1900 0
6836 1897 0
6839 1894 0
6842 1891 0
6838 1891 0
6835 1893 0
6829 1897 0
6823 1902 0
6818 1908 0
6815 1916 0
6810 1926 0
6804 1939 0
6799 1951 0
6795 1967 0
6792 1981 0
6789 1993 0
6788 2003 0
6787 2010 0
6788 2017 0
6790 2020 0
6790 2023 0
6791 2016 0
6796 2004 0
.PEN_UP
.PEN_DOWN
6830 1684 0
6834 1685 0
6840 1686 0
6857 1687 0
6883 1686 0
6909 1684 0
6934 1680 0
6960 1676 0
6985 1672 0
7004 1669 0
7020 1665 0
.PEN_UP
