.VERSION 1.0 
.HIERARCHY CHARACTER
.COORD X Y T
.SEGMENT CHARACTER 0-5 OK "96"
.H_LINE 2999 3874
.V_LINE 1999 2749
.X_DIM 749
.Y_DIM 874
.X_POINTS_PER_INCH 1000
.Y_POINTS_PER_INCH 1000
.POINTS_PER_SECOND 125
.COMMENT CALIB X: -47 Y: -120

.WRITER_INFO
 Name: SONTI RAJESH
 WriterId: 82
 Hand: right
 EducationLevel: college graduate
 Gender: male
 Profession: student
 Region: guntur
 Age: 21
 DeviceType: digimemo a402
 SkillDevice: average
 Language: hindi
 Script: indic
 Native: false
 Style: discrete
 UsageFreq: rarely
 Proficiency: average
 Date: 2007-6-30
 WritingInProfession: no

.PEN_DOWN
2390 3441 0
2390 3438 0
2390 3435 0
2390 3431 0
2390 3431 0
.PEN_UP
.PEN_DOWN
2403 3426 0
2402 3423 0
2401 3419 0
2399 3415 0
2398 3412 0
2396 3415 0
2395 3421 0
2394 3432 0
2393 3445 0
2392 3459 0
2391 3475 0
2392 3492 0
2392 3511 0
2392 3529 0
2393 3547 0
2393 3563 0
2394 3577 0
2394 3589 0
2394 3597 0
2394 3601 0
2394 3604 0
2394 3601 0
2394 3596 0
2393 3590 0
2392 3585 0
2391 3580 0
2390 3577 0
.PEN_UP
.PEN_DOWN
2396 3483 0
2392 3479 0
2386 3478 0
2377 3477 0
2365 3478 0
2353 3480 0
2342 3483 0
2331 3485 0
2321 3489 0
2312 3493 0
2302 3498 0
2291 3505 0
2281 3511 0
2275 3517 0
2270 3526 0
2265 3539 0
2261 3551 0
2258 3563 0
2255 3574 0
2254 3586 0
2253 3599 0
2253 3609 0
2254 3619 0
2256 3629 0
2259 3637 0
2262 3643 0
2264 3647 0
2266 3650 0
2269 3652 0
2269 3652 0
.PEN_UP
.PEN_DOWN
2313 3489 0
2309 3489 0
2305 3488 0
2300 3488 0
2295 3487 0
2289 3486 0
2284 3486 0
2279 3487 0
2273 3488 0
2265 3490 0
2257 3493 0
2249 3497 0
2240 3502 0
2234 3508 0
2229 3513 0
2224 3519 0
2221 3524 0
2218 3529 0
2216 3533 0
2215 3536 0
2215 3540 0
2215 3540 0
.PEN_UP
.PEN_DOWN
2403 3508 0
2402 3503 0
2404 3497 0
2406 3492 0
2409 3487 0
2413 3483 0
2419 3478 0
2427 3475 0
2433 3473 0
2439 3472 0
2445 3471 0
2451 3471 0
2457 3472 0
2463 3474 0
2469 3477 0
2474 3481 0
2477 3488 0
2479 3498 0
2480 3512 0
2481 3525 0
2481 3537 0
2482 3549 0
2482 3561 0
2482 3571 0
2483 3579 0
2484 3587 0
2485 3595 0
2487 3605 0
2489 3613 0
2490 3618 0
.PEN_UP
.PEN_DOWN
2325 3408 0
2322 3407 0
2318 3406 0
2315 3406 0
2318 3405 0
2325 3404 0
2336 3403 0
2356 3402 0
2381 3400 0
2406 3396 0
2430 3389 0
2458 3382 0
2493 3375 0
2533 3367 0
2575 3359 0
.PEN_UP
