.VERSION 1.0 
.HIERARCHY CHARACTER
.COORD X Y T
.SEGMENT CHARACTER 0-2 OK "97"
.H_LINE 2999 3874
.V_LINE 3500 4250
.X_DIM 750
.Y_DIM 874
.X_POINTS_PER_INCH 1000
.Y_POINTS_PER_INCH 1000
.POINTS_PER_SECOND 125
.COMMENT CALIB X: -16 Y: -101

.WRITER_INFO
 Name: SONTI RAJESH
 WriterId: 82
 Hand: right
 EducationLevel: college graduate
 Gender: male
 Profession: student
 Region: guntur
 Age: 21
 DeviceType: digimemo a402
 SkillDevice: average
 Language: hindi
 Script: indic
 Native: false
 Style: discrete
 UsageFreq: rarely
 Proficiency: average
 Date: 2007-6-30
 WritingInProfession: no

.PEN_DOWN
3968 3304 0
3967 3301 0
3966 3310 0
3967 3322 0
3967 3338 0
3968 3355 0
3969 3372 0
3970 3387 0
3971 3401 0
3972 3411 0
3973 3418 0
3973 3422 0
3972 3419 0
3971 3416 0
3970 3413 0
3966 3410 0
3961 3409 0
3954 3410 0
3948 3413 0
3940 3417 0
3931 3422 0
3922 3428 0
3912 3436 0
3903 3442 0
3896 3448 0
3892 3453 0
3889 3458 0
3887 3463 0
3887 3469 0
3888 3476 0
3891 3481 0
3894 3485 0
3897 3488 0
3900 3489 0
3903 3490 0
3906 3491 0
3912 3491 0
3921 3491 0
3931 3490 0
3940 3488 0
3948 3486 0
3954 3485 0
3957 3484 0
3960 3483 0
3963 3484 0
3963 3484 0
.PEN_UP
.PEN_DOWN
3954 3483 0
3951 3483 0
3950 3486 0
3949 3489 0
3949 3492 0
3949 3497 0
3948 3503 0
3948 3509 0
3947 3515 0
3947 3520 0
3947 3524 0
3944 3523 0
3940 3523 0
3933 3525 0
3922 3529 0
3908 3535 0
3892 3544 0
3877 3553 0
3865 3560 0
3857 3567 0
3852 3575 0
3849 3583 0
3849 3592 0
3851 3601 0
3855 3609 0
3860 3616 0
3866 3622 0
3877 3626 0
3891 3626 0
3908 3623 0
3927 3615 0
3943 3605 0
3955 3591 0
3964 3574 0
.PEN_UP
.PEN_DOWN
3871 3324 0
3869 3321 0
3868 3318 0
3867 3315 0
3875 3312 0
3890 3309 0
3913 3306 0
3943 3302 0
3978 3297 0
4028 3291 0
4087 3284 0
.PEN_UP
