.VERSION 1.0 
.HIERARCHY CHARACTER
.COORD X Y T
.SEGMENT CHARACTER 0-2 OK "108"
.H_LINE 6249 7124
.V_LINE 5000 5750
.X_DIM 750
.Y_DIM 875
.X_POINTS_PER_INCH 1000
.Y_POINTS_PER_INCH 1000
.POINTS_PER_SECOND 125
.COMMENT CALIB X: -73 Y: 1

.WRITER_INFO
 Name: SONTI RAJESH
 WriterId: 82
 Hand: right
 EducationLevel: college graduate
 Gender: male
 Profession: student
 Region: guntur
 Age: 21
 DeviceType: digimemo a402
 SkillDevice: average
 Language: hindi
 Script: indic
 Native: false
 Style: discrete
 UsageFreq: rarely
 Proficiency: average
 Date: 2007-6-30
 WritingInProfession: no

.PEN_DOWN
5382 6693 0
5383 6697 0
5382 6703 0
5382 6713 0
5382 6724 0
5384 6737 0
5385 6749 0
5385 6762 0
5385 6773 0
5385 6784 0
5386 6794 0
5386 6800 0
5387 6805 0
5387 6802 0
5387 6799 0
5387 6796 0
5386 6792 0
5384 6788 0
5381 6785 0
5378 6781 0
5374 6778 0
5369 6777 0
5361 6776 0
5351 6778 0
5339 6782 0
5327 6786 0
5317 6791 0
5307 6796 0
5298 6800 0
5290 6807 0
5285 6813 0
5281 6819 0
5279 6825 0
5277 6830 0
5277 6835 0
5278 6839 0
5280 6842 0
5282 6846 0
5286 6849 0
5294 6850 0
5303 6851 0
5313 6852 0
5325 6853 0
5337 6853 0
5349 6852 0
5359 6851 0
5369 6851 0
5375 6849 0
5380 6849 0
5380 6849 0
.PEN_UP
.PEN_DOWN
5388 6937 0
5386 6944 0
5385 6948 0
5383 6952 0
5379 6955 0
5375 6958 0
5371 6961 0
5365 6963 0
5359 6965 0
5354 6966 0
5351 6966 0
5348 6964 0
5346 6961 0
5343 6956 0
5337 6951 0
5332 6946 0
5328 6942 0
5325 6938 0
5323 6934 0
5322 6929 0
5322 6923 0
5321 6918 0
5322 6910 0
5324 6903 0
5324 6897 0
5325 6890 0
5327 6884 0
5328 6879 0
5329 6874 0
5331 6869 0
5334 6863 0
5339 6857 0
5344 6854 0
5350 6852 0
5356 6849 0
5362 6846 0
5365 6845 0
5368 6844 0
5372 6843 0
5375 6842 0
5380 6842 0
5383 6840 0
5386 6839 0
5390 6838 0
5393 6837 0
5396 6837 0
5399 6837 0
5404 6837 0
5408 6838 0
5412 6838 0
5415 6838 0
5420 6838 0
5423 6838 0
5426 6838 0
5428 6842 0
5430 6846 0
5433 6849 0
5434 6852 0
5435 6855 0
5435 6858 0
5434 6861 0
5433 6865 0
5432 6869 0
5431 6873 0
5429 6877 0
5427 6882 0
5425 6887 0
5424 6891 0
5421 6896 0
5419 6899 0
5418 6902 0
5417 6905 0
5416 6908 0
5416 6911 0
5416 6914 0
5416 6917 0
5417 6920 0
5421 6922 0
5424 6923 0
5428 6924 0
5434 6923 0
5440 6922 0
5446 6920 0
5453 6917 0
5461 6913 0
5467 6909 0
5471 6907 0
5473 6899 0
5469 6901 0
.PEN_UP
.PEN_DOWN
5257 6708 0
5265 6709 0
5280 6706 0
5306 6701 0
5340 6693 0
5375 6685 0
5405 6677 0
5437 6670 0
5468 6664 0
5494 6661 0
5513 6660 0
5525 6663 0
5531 6662 0
.PEN_UP
