.VERSION 1.0 
.HIERARCHY CHARACTER
.COORD X Y T
.SEGMENT CHARACTER 0-3 OK "7"
.H_LINE 2999 3874
.V_LINE 3500 4250
.X_DIM 750
.Y_DIM 874
.X_POINTS_PER_INCH 1000
.Y_POINTS_PER_INCH 1000
.POINTS_PER_SECOND 125
.COMMENT CALIB X: -42 Y: -117

.WRITER_INFO
 Name: CHANDAN SHETTY
 WriterId: 105
 Hand: right
 EducationLevel: college graduate
 Gender: male
 Profession: student
 Region: bangalore
 Age: 22
 DeviceType: digimemo a402
 SkillDevice: average
 Language: hindi
 Script: indic
 Native: false
 Style: discrete
 UsageFreq: rarely
 Proficiency: good
 Date: 2007-9-1
 WritingInProfession: no

.PEN_DOWN
3746 3518 0
3744 3515 0
3741 3512 0
3740 3509 0
3740 3506 0
3742 3503 0
3746 3501 0
3753 3499 0
3762 3497 0
3773 3496 0
3785 3495 0
3798 3494 0
3813 3493 0
3828 3493 0
3841 3493 0
3851 3495 0
3856 3496 0
3860 3497 0
3863 3497 0
3862 3500 0
3860 3503 0
3857 3507 0
3852 3512 0
3846 3518 0
3839 3525 0
3832 3533 0
3824 3542 0
3814 3551 0
3803 3560 0
3794 3569 0
3786 3579 0
3779 3590 0
3772 3599 0
3766 3606 0
3762 3612 0
3759 3616 0
3758 3613 0
.PEN_UP
.PEN_DOWN
3891 3431 0
3892 3428 0
3893 3424 0
3894 3421 0
3895 3418 0
3895 3415 0
3896 3418 0
3897 3424 0
3897 3433 0
3898 3444 0
3898 3458 0
3898 3472 0
3898 3486 0
3898 3501 0
3897 3515 0
3897 3529 0
3897 3541 0
3897 3554 0
3897 3567 0
3895 3580 0
3893 3593 0
3891 3605 0
3889 3616 0
3888 3624 0
3888 3629 0
3888 3632 0
3889 3625 0
3891 3641 0
3892 3615 0
.PEN_UP
.PEN_DOWN
3901 3516 0
3904 3516 0
3908 3516 0
3913 3516 0
3919 3516 0
3927 3516 0
3935 3516 0
3944 3516 0
3953 3516 0
3962 3516 0
3970 3513 0
3976 3509 0
3981 3506 0
3985 3503 0
3988 3499 0
3991 3495 0
3993 3491 0
3994 3487 0
3994 3484 0
3993 3481 0
3990 3478 0
3986 3476 0
3982 3476 0
3979 3477 0
3975 3479 0
3972 3482 0
3970 3487 0
3969 3493 0
3968 3500 0
3968 3507 0
3968 3512 0
3969 3517 0
3971 3521 0
3974 3524 0
3977 3527 0
3982 3529 0
3987 3531 0
3992 3532 0
3997 3533 0
4000 3533 0
3996 3536 0
3991 3540 0
3987 3544 0
3982 3548 0
3975 3554 0
3969 3560 0
3964 3569 0
3959 3579 0
3956 3588 0
3955 3597 0
3957 3606 0
3961 3615 0
3966 3622 0
3975 3626 0
3989 3627 0
4009 3624 0
4037 3691 0
4070 3640 0
.PEN_UP
.PEN_DOWN
3776 3424 0
3774 3417 0
3774 3414 0
3780 3414 0
3789 3413 0
3800 3412 0
3815 3411 0
3837 3408 0
3864 3405 0
3893 3401 0
3921 3397 0
3946 3393 0
3966 3390 0
3985 3387 0
4001 3384 0
4014 3382 0
4023 3381 0
4028 3380 0
4024 3383 0
.PEN_UP
