.VERSION 1.0 
.HIERARCHY CHARACTER
.COORD X Y T
.SEGMENT CHARACTER 0-3 OK "9"
.H_LINE 2999 3874
.V_LINE 6500 7250
.X_DIM 750
.Y_DIM 874
.X_POINTS_PER_INCH 1000
.Y_POINTS_PER_INCH 1000
.POINTS_PER_SECOND 125
.COMMENT CALIB X: -11 Y: -111

.WRITER_INFO
 Name: CHANDAN SHETTY
 WriterId: 105
 Hand: right
 EducationLevel: college graduate
 Gender: male
 Profession: student
 Region: bangalore
 Age: 22
 DeviceType: digimemo a402
 SkillDevice: average
 Language: hindi
 Script: indic
 Native: false
 Style: discrete
 UsageFreq: rarely
 Proficiency: good
 Date: 2007-9-1
 WritingInProfession: no

.PEN_DOWN
6738 3375 0
6738 3379 0
6738 3385 0
6738 3393 0
6739 3406 0
6741 3422 0
6742 3439 0
6744 3455 0
6745 3469 0
6747 3481 0
6749 3489 0
6750 3495 0
6752 3499 0
6755 3500 0
6760 3500 0
6766 3498 0
6773 3496 0
6780 3496 0
6788 3497 0
6796 3498 0
6804 3501 0
6814 3505 0
6824 3511 0
6833 3518 0
6841 3527 0
6849 3536 0
6855 3541 0
6858 3548 0
6859 3556 0
6858 3561 0
6856 3565 0
6854 3569 0
6851 3572 0
6845 3574 0
6835 3574 0
6824 3573 0
.PEN_UP
.PEN_DOWN
6816 3394 0
6816 3391 0
6816 3387 0
6817 3384 0
6821 3388 0
6826 3394 0
6831 3403 0
6836 3415 0
6841 3428 0
6846 3439 0
6850 3447 0
6852 3452 0
6852 3456 0
6849 3458 0
6840 3455 0
.PEN_UP
.PEN_DOWN
6723 3282 0
6726 3280 0
6731 3279 0
6736 3279 0
6741 3281 0
6746 3284 0
6751 3289 0
6754 3294 0
6756 3298 0
6756 3301 0
6753 3304 0
6749 3306 0
6744 3306 0
6737 3304 0
6731 3300 0
6726 3295 0
6723 3288 0
6722 3282 0
6722 3276 0
6723 3271 0
6726 3268 0
6730 3265 0
6735 3263 0
6741 3264 0
6747 3267 0
6753 3273 0
6760 3280 0
6769 3289 0
6779 3299 0
6790 3308 0
6802 3317 0
6813 3326 0
6822 3336 0
6829 3344 0
6836 3350 0
6841 3355 0
6843 3358 0
6843 3358 0
.PEN_UP
.PEN_DOWN
6670 3357 0
6666 3356 0
6663 3356 0
6668 3355 0
6677 3354 0
6691 3354 0
6712 3354 0
6738 3355 0
6772 3357 0
6815 3361 0
6865 3366 0
6910 3371 0
6944 3375 0
6967 3378 0
6980 3380 0
6986 3381 0
6977 3380 0
6964 3377 0
.PEN_UP
