.VERSION 1.0 
.HIERARCHY CHARACTER
.COORD X Y T
.SEGMENT CHARACTER 0-2 OK "56"
.H_LINE 9500 10374
.V_LINE 1999 2749
.X_DIM 749
.Y_DIM 874
.X_POINTS_PER_INCH 1000
.Y_POINTS_PER_INCH 1000
.POINTS_PER_SECOND 125
.COMMENT CALIB X: 38 Y: -108

.WRITER_INFO
 Name: CHANDAN SHETTY
 WriterId: 105
 Hand: right
 EducationLevel: college graduate
 Gender: male
 Profession: student
 Region: bangalore
 Age: 22
 DeviceType: digimemo a402
 SkillDevice: average
 Language: hindi
 Script: indic
 Native: false
 Style: discrete
 UsageFreq: rarely
 Proficiency: good
 Date: 2007-9-1
 WritingInProfession: no

.PEN_DOWN
2586 9847 0
2587 9843 0
2588 9840 0
2589 9837 0
2587 9833 0
2586 9830 0
2586 9833 0
2586 9836 0
2586 9842 0
2586 9850 0
2586 9862 0
2585 9877 0
2585 9893 0
2585 9910 0
2585 9930 0
2586 9948 0
2586 9965 0
2586 9979 0
2585 9990 0
2583 9999 0
2582 10006 0
2580 10010 0
2582 10005 0
2585 9996 0
.PEN_UP
.PEN_DOWN
2504 9703 0
2507 9705 0
2512 9709 0
2517 9714 0
2521 9718 0
2524 9722 0
2524 9725 0
2523 9729 0
2520 9734 0
2514 9738 0
2507 9740 0
2499 9739 0
2489 9736 0
2479 9731 0
2469 9722 0
2461 9711 0
2455 9697 0
2452 9685 0
2453 9673 0
2458 9664 0
2465 9657 0
2473 9652 0
2482 9651 0
2494 9655 0
2506 9664 0
2518 9679 0
2530 9698 0
2542 9723 0
2551 9748 0
2560 9770 0
2567 9788 0
2573 9802 0
2577 9812 0
2579 9819 0
2580 9824 0
2580 9828 0
2581 9831 0
2580 9834 0
.PEN_UP
.PEN_DOWN
2538 9830 0
2534 9829 0
2531 9828 0
2528 9826 0
2525 9825 0
2529 9824 0
2535 9824 0
2545 9824 0
2558 9825 0
2576 9828 0
2598 9831 0
2628 9835 0
2665 9839 0
2702 9843 0
2732 9847 0
2755 9848 0
2771 9849 0
2779 9849 0
2783 9849 0
2780 9846 0
2775 9845 0
.PEN_UP
