.VERSION 1.0 
.HIERARCHY CHARACTER
.COORD X Y T
.SEGMENT CHARACTER 0-3 OK "80"
.H_LINE 7874 8750
.V_LINE 499 1250
.X_DIM 750
.Y_DIM 875
.X_POINTS_PER_INCH 1000
.Y_POINTS_PER_INCH 1000
.POINTS_PER_SECOND 125
.COMMENT CALIB X: -72 Y: -127

.WRITER_INFO
 Name: CHANDAN SHETTY
 WriterId: 105
 Hand: right
 EducationLevel: college graduate
 Gender: male
 Profession: student
 Region: bangalore
 Age: 22
 DeviceType: digimemo a402
 SkillDevice: average
 Language: hindi
 Script: indic
 Native: false
 Style: discrete
 UsageFreq: rarely
 Proficiency: good
 Date: 2007-9-1
 WritingInProfession: no

.PEN_DOWN
783 8078 0
782 8075 0
779 8074 0
776 8076 0
772 8080 0
769 8083 0
767 8086 0
765 8089 0
763 8092 0
762 8095 0
762 8098 0
762 8102 0
763 8105 0
763 8108 0
764 8111 0
764 8114 0
765 8117 0
765 8120 0
765 8125 0
765 8130 0
766 8135 0
766 8139 0
766 8144 0
766 8149 0
766 8153 0
766 8157 0
766 8161 0
767 8165 0
767 8169 0
769 8173 0
771 8177 0
773 8180 0
776 8183 0
779 8185 0
783 8187 0
787 8189 0
792 8190 0
798 8191 0
806 8192 0
814 8193 0
823 8192 0
831 8190 0
838 8188 0
845 8186 0
852 8183 0
860 8179 0
868 8175 0
875 8170 0
882 8166 0
888 8161 0
894 8161 0
897 8153 0
.PEN_UP
.PEN_DOWN
892 8096 0
893 8092 0
894 8089 0
894 8086 0
895 8083 0
895 8087 0
896 8091 0
896 8096 0
897 8102 0
897 8109 0
897 8118 0
896 8127 0
895 8139 0
894 8153 0
892 8169 0
891 8184 0
890 8198 0
889 8212 0
888 8225 0
888 8235 0
887 8246 0
887 8254 0
886 8260 0
886 8266 0
886 8270 0
886 8273 0
885 8270 0
888 8268 0
.PEN_UP
.PEN_DOWN
857 8191 0
860 8191 0
863 8190 0
866 8189 0
869 8187 0
874 8185 0
878 8184 0
883 8182 0
888 8181 0
891 8180 0
894 8179 0
897 8178 0
901 8178 0
904 8179 0
907 8180 0
910 8183 0
912 8186 0
915 8189 0
918 8192 0
920 8196 0
922 8200 0
924 8204 0
926 8207 0
927 8210 0
929 8213 0
929 8213 0
.PEN_UP
.PEN_DOWN
740 8068 0
743 8070 0
746 8072 0
749 8074 0
753 8076 0
759 8077 0
766 8078 0
774 8078 0
785 8078 0
798 8077 0
814 8076 0
834 8073 0
853 8071 0
873 8068 0
891 8065 0
907 8062 0
921 8061 0
931 8060 0
936 8059 0
940 8059 0
943 8058 0
943 8058 0
.PEN_UP
