.VERSION 1.0 
.HIERARCHY CHARACTER
.COORD X Y T
.SEGMENT CHARACTER 0-1 OK "88"
.H_LINE 9500 10374
.V_LINE 5000 5750
.X_DIM 750
.Y_DIM 874
.X_POINTS_PER_INCH 1000
.Y_POINTS_PER_INCH 1000
.POINTS_PER_SECOND 125
.COMMENT CALIB X: 2 Y: -87

.WRITER_INFO
 Name: CHANDAN SHETTY
 WriterId: 105
 Hand: right
 EducationLevel: college graduate
 Gender: male
 Profession: student
 Region: bangalore
 Age: 22
 DeviceType: digimemo a402
 SkillDevice: average
 Language: hindi
 Script: indic
 Native: false
 Style: discrete
 UsageFreq: rarely
 Proficiency: good
 Date: 2007-9-1
 WritingInProfession: no

.PEN_DOWN
5391 10052 0
5395 10054 0
5398 10056 0
5401 10058 0
5403 10061 0
5405 10064 0
5407 10068 0
5408 10071 0
5408 10074 0
5408 10077 0
5407 10080 0
5404 10082 0
5400 10082 0
5396 10081 0
5393 10079 0
5390 10075 0
5387 10071 0
5384 10066 0
5381 10060 0
5379 10054 0
5378 10047 0
5379 10041 0
5383 10036 0
5388 10031 0
5395 10027 0
5401 10024 0
5409 10022 0
5417 10021 0
5424 10021 0
5429 10022 0
5434 10025 0
5440 10029 0
5446 10034 0
5450 10039 0
5454 10044 0
5457 10049 0
5459 10053 0
5460 10057 0
5460 10060 0
5457 10056 0
5455 10051 0
5455 10044 0
5455 10037 0
5457 10030 0
5460 10022 0
5465 10015 0
5471 10008 0
5478 10003 0
5485 9998 0
5493 9994 0
5502 9993 0
5510 9993 0
5517 9994 0
5524 9996 0
5529 9998 0
5532 9999 0
5530 10004 0
5524 9999 0
.PEN_UP
.PEN_DOWN
5383 9901 0
5380 9903 0
5377 9905 0
5380 9905 0
5384 9905 0
5390 9904 0
5399 9904 0
5411 9903 0
5425 9902 0
5442 9901 0
5459 9900 0
5475 9899 0
5488 9898 0
5500 9897 0
5511 9896 0
5519 9895 0
5527 9894 0
5532 9893 0
5535 9893 0
5529 9887 0
.PEN_UP
