.VERSION 1.0 
.HIERARCHY CHARACTER
.COORD X Y T
.SEGMENT CHARACTER 0-3 OK "2"
.H_LINE 1374 2249
.V_LINE 3500 4250
.X_DIM 750
.Y_DIM 874
.X_POINTS_PER_INCH 1000
.Y_POINTS_PER_INCH 1000
.POINTS_PER_SECOND 125
.COMMENT CALIB X: 26 Y: -86

.WRITER_INFO
 Name: GUNA SEKHAR
 WriterId: 83
 Hand: right
 EducationLevel: college graduate
 Gender: male
 Profession: student
 Region: coimbatore
 Age: 21
 DeviceType: digimemo a402
 SkillDevice: average
 Language: hindi
 Script: indic
 Native: false
 Style: discrete
 UsageFreq: once a month
 Proficiency: average
 Date: 2007-6-30
 WritingInProfession: no

.PEN_DOWN
3725 1711 0
3724 1708 0
3731 1707 0
3741 1709 0
3753 1713 0
3765 1720 0
3775 1727 0
3782 1735 0
3787 1742 0
3790 1748 0
3791 1753 0
3789 1759 0
3785 1763 0
3780 1766 0
3773 1769 0
3766 1771 0
3760 1772 0
3757 1773 0
3761 1777 0
3767 1782 0
3773 1788 0
3780 1794 0
3788 1801 0
3795 1809 0
3801 1818 0
3805 1826 0
3807 1833 0
3807 1839 0
3804 1845 0
3798 1850 0
3790 1854 0
3777 1857 0
3764 1859 0
3751 1859 0
3739 1857 0
3728 1854 0
3721 1851 0
3717 1848 0
3717 1848 0
.PEN_UP
.PEN_DOWN
3760 1771 0
3766 1770 0
3775 1769 0
3788 1768 0
3804 1766 0
3824 1765 0
3844 1761 0
3865 1757 0
3881 1753 0
3891 1749 0
3895 1743 0
3894 1737 0
3889 1731 0
3883 1726 0
3875 1720 0
3867 1715 0
3860 1711 0
3856 1709 0
3855 1713 0
3856 1721 0
3858 1730 0
3861 1741 0
3864 1754 0
3866 1766 0
3867 1780 0
3869 1794 0
3871 1808 0
3873 1822 0
3876 1833 0
3879 1844 0
3880 1848 0
.PEN_UP
.PEN_DOWN
3955 1700 0
3952 1700 0
3951 1703 0
3950 1707 0
3950 1715 0
3950 1726 0
3949 1739 0
3948 1753 0
3948 1768 0
3948 1784 0
3949 1801 0
3950 1818 0
3952 1832 0
3956 1842 0
.PEN_UP
.PEN_DOWN
3809 1710 0
3816 1708 0
3831 1706 0
3853 1705 0
3883 1704 0
3920 1703 0
3955 1701 0
3985 1696 0
.PEN_UP
