.VERSION 1.0 
.HIERARCHY CHARACTER
.COORD X Y T
.SEGMENT CHARACTER 0-4 OK "103"
.H_LINE 4624 5499
.V_LINE 5000 5750
.X_DIM 750
.Y_DIM 874
.X_POINTS_PER_INCH 1000
.Y_POINTS_PER_INCH 1000
.POINTS_PER_SECOND 125
.COMMENT CALIB X: 37 Y: -98

.WRITER_INFO
 Name: GUNA SEKHAR
 WriterId: 83
 Hand: right
 EducationLevel: college graduate
 Gender: male
 Profession: student
 Region: coimbatore
 Age: 21
 DeviceType: digimemo a402
 SkillDevice: average
 Language: hindi
 Script: indic
 Native: false
 Style: discrete
 UsageFreq: once a month
 Proficiency: average
 Date: 2007-6-30
 WritingInProfession: no

.PEN_DOWN
5382 4989 0
5385 4991 0
5388 4993 0
5390 4997 0
5391 5000 0
5390 5004 0
5387 5008 0
5381 5012 0
5373 5015 0
5364 5018 0
5355 5020 0
5345 5021 0
5336 5020 0
5327 5018 0
5321 5016 0
5317 5013 0
5315 5010 0
5313 5007 0
5314 5004 0
5317 5000 0
5324 4997 0
5334 4995 0
5348 4993 0
5366 4992 0
5386 4991 0
5409 4991 0
5431 4991 0
5450 4991 0
5465 4992 0
5476 4993 0
5484 4993 0
5489 4994 0
5492 4994 0
5495 4993 0
5498 4992 0
5501 4991 0
.PEN_UP
.PEN_DOWN
5427 5049 0
5430 5049 0
5434 5052 0
5438 5056 0
5441 5060 0
5443 5065 0
5443 5069 0
5440 5075 0
5437 5081 0
5432 5087 0
5425 5093 0
5415 5100 0
5405 5105 0
5396 5108 0
5388 5110 0
5380 5110 0
5373 5110 0
5369 5109 0
5366 5106 0
5365 5102 0
5365 5096 0
5367 5090 0
5371 5083 0
5379 5075 0
5389 5066 0
5404 5057 0
5420 5048 0
5438 5040 0
5456 5033 0
5472 5027 0
5485 5021 0
5495 5016 0
5504 5011 0
5510 5007 0
5514 5004 0
5517 5002 0
5517 5002 0
.PEN_UP
.PEN_DOWN
5523 4996 0
5526 4996 0
5523 4994 0
5518 4993 0
5510 4993 0
5501 4993 0
5497 4993 0
.PEN_UP
.PEN_DOWN
5537 4930 0
5536 4927 0
5534 4932 0
5533 4939 0
5532 4952 0
5531 4968 0
5531 4984 0
5531 5000 0
5530 5018 0
5529 5037 0
5529 5056 0
5529 5075 0
5529 5091 0
5528 5102 0
5528 5107 0
.PEN_UP
.PEN_DOWN
5456 4912 0
5453 4912 0
5456 4913 0
5460 4914 0
5467 4915 0
5479 4915 0
5493 4915 0
5508 4914 0
5523 4912 0
5538 4910 0
5553 4911 0
5565 4905 0
.PEN_UP
