.VERSION 1.0 
.HIERARCHY CHARACTER
.COORD X Y T
.SEGMENT CHARACTER 0-3 OK "104"
.H_LINE 4624 5499
.V_LINE 6500 7250
.X_DIM 750
.Y_DIM 874
.X_POINTS_PER_INCH 1000
.Y_POINTS_PER_INCH 1000
.POINTS_PER_SECOND 125
.COMMENT CALIB X: 23 Y: -108

.WRITER_INFO
 Name: GUNA SEKHAR
 WriterId: 83
 Hand: right
 EducationLevel: college graduate
 Gender: male
 Profession: student
 Region: coimbatore
 Age: 21
 DeviceType: digimemo a402
 SkillDevice: average
 Language: hindi
 Script: indic
 Native: false
 Style: discrete
 UsageFreq: once a month
 Proficiency: average
 Date: 2007-6-30
 WritingInProfession: no

.PEN_DOWN
6974 4897 0
6971 4898 0
6970 4901 0
6969 4905 0
6969 4911 0
6969 4921 0
6969 4934 0
6969 4951 0
6970 4971 0
6971 4990 0
6970 5010 0
6969 5032 0
6968 5052 0
6967 5071 0
6966 5087 0
6964 5097 0
6963 5103 0
6975 5104 0
.PEN_UP
.PEN_DOWN
6955 4990 0
6958 4989 0
6961 4988 0
6964 4988 0
6967 4987 0
6970 4986 0
6967 4986 0
6961 4987 0
6951 4989 0
6938 4990 0
6924 4990 0
6908 4988 0
6890 4986 0
6873 4984 0
6858 4980 0
6845 4976 0
6835 4972 0
6829 4967 0
6826 4963 0
6825 4960 0
6826 4955 0
6830 4949 0
6836 4943 0
6842 4938 0
6848 4934 0
6855 4932 0
6862 4930 0
6870 4928 0
6878 4928 0
6883 4929 0
6887 4931 0
6891 4934 0
6895 4938 0
6898 4944 0
6899 4950 0
6898 4957 0
6895 4964 0
6890 4973 0
6882 4981 0
6873 4988 0
6862 4994 0
6850 5001 0
6837 5009 0
6825 5016 0
6814 5022 0
6805 5026 0
6798 5028 0
6793 5029 0
6797 5026 0
.PEN_UP
.PEN_DOWN
6977 5002 0
6977 4999 0
6974 4999 0
6968 5000 0
6957 5004 0
6944 5009 0
6929 5016 0
6911 5025 0
6892 5034 0
6877 5044 0
6865 5054 0
6855 5063 0
6848 5069 0
6844 5073 0
6837 5071 0
.PEN_UP
.PEN_DOWN
6845 4898 0
6842 4896 0
6846 4894 0
6856 4893 0
6875 4892 0
6900 4892 0
6928 4892 0
6955 4891 0
6979 4890 0
7000 4889 0
7017 4886 0
7032 4882 0
.PEN_UP
