315.0,130.0
314.0,130.0
312.0,131.0
312.0,132.0
311.0,133.0
310.0,135.0
308.0,136.0
307.0,136.0
307.0,137.0
305.0,138.0
305.0,139.0
304.0,140.0
303.0,143.0
301.0,145.0
301.0,147.0
300.0,149.0
300.0,150.0
300.0,151.0
300.0,152.0
300.0,153.0
300.0,155.0
300.0,156.0
300.0,157.0
300.0,159.0
300.0,162.0
300.0,163.0
300.0,165.0
300.0,166.0
300.0,167.0
300.0,169.0
300.0,171.0
301.0,173.0
303.0,176.0
304.0,177.0
305.0,179.0
307.0,180.0
310.0,183.0
310.0,184.0
312.0,185.0
312.0,186.0
315.0,187.0
317.0,187.0
318.0,189.0
320.0,189.0
321.0,189.0
322.0,189.0
324.0,189.0
324.0,187.0
324.0,186.0
322.0,185.0
321.0,185.0
320.0,185.0
318.0,184.0
317.0,184.0
315.0,184.0
314.0,184.0
312.0,184.0
311.0,184.0
310.0,184.0
308.0,184.0
307.0,184.0
305.0,184.0
304.0,184.0
303.0,185.0
301.0,185.0
301.0,186.0
300.0,186.0
298.0,186.0
298.0,187.0
297.0,187.0
297.0,189.0
296.0,190.0
296.0,191.0
294.0,192.0
293.0,193.0
293.0,194.0
291.0,197.0
291.0,198.0
290.0,200.0
290.0,201.0
290.0,203.0
290.0,205.0
290.0,206.0
289.0,208.0
289.0,211.0
289.0,212.0
289.0,213.0
289.0,216.0
289.0,217.0
289.0,219.0
289.0,220.0
289.0,221.0
289.0,223.0
289.0,225.0
289.0,226.0
290.0,228.0
291.0,231.0
293.0,232.0
294.0,233.0
296.0,234.0
297.0,237.0
298.0,237.0
300.0,238.0
301.0,239.0
303.0,240.0
304.0,240.0
307.0,241.0
310.0,241.0
311.0,241.0
314.0,241.0
315.0,241.0
318.0,241.0
321.0,241.0
324.0,241.0
327.0,241.0
329.0,241.0
331.0,241.0
334.0,240.0
336.0,240.0
338.0,239.0
339.0,238.0
342.0,237.0
343.0,235.0
346.0,234.0
348.0,233.0
349.0,232.0
350.0,231.0
353.0,228.0
353.0,227.0
355.0,225.0
356.0,224.0
358.0,221.0
358.0,219.0
359.0,217.0
360.0,213.0
362.0,208.0
365.0,205.0
366.0,200.0
367.0,198.0
369.0,194.0
369.0,193.0
370.0,190.0
372.0,187.0
373.0,185.0
373.0,184.0
373.0,183.0
374.0,182.0
374.0,180.0
376.0,178.0
376.0,177.0
376.0,174.0
376.0,172.0
376.0,170.0
377.0,169.0
377.0,167.0
377.0,166.0
377.0,165.0
377.0,164.0
377.0,162.0
377.0,160.0
377.0,159.0
377.0,158.0
377.0,157.0
377.0,156.0
377.0,155.0
377.0,153.0
377.0,152.0
377.0,151.0
377.0,150.0
377.0,149.0
377.0,147.0
377.0,146.0
377.0,145.0
377.0,144.0
377.0,143.0
377.0,142.0
377.0,140.0
376.0,140.0
376.0,139.0
376.0,138.0
376.0,139.0
376.0,142.0
376.0,145.0
376.0,149.0
376.0,151.0
376.0,156.0
376.0,158.0
376.0,163.0
376.0,165.0
376.0,170.0
376.0,172.0
376.0,177.0
376.0,180.0
376.0,185.0
374.0,189.0
374.0,192.0
374.0,193.0
374.0,197.0
374.0,198.0
374.0,200.0
374.0,203.0
374.0,205.0
374.0,207.0
374.0,210.0
374.0,211.0
374.0,213.0
374.0,216.0
374.0,218.0
374.0,219.0
374.0,221.0
374.0,224.0
374.0,227.0
374.0,230.0
374.0,231.0
374.0,233.0
374.0,234.0
374.0,238.0
374.0,239.0
374.0,241.0
374.0,243.0
374.0,244.0
374.0,245.0
374.0,246.0
374.0,247.0
374.0,248.0
374.0,250.0
374.0,251.0
-1.0,-1.0
273.0,130.0
277.0,130.0
280.0,130.0
283.0,130.0
286.0,130.0
289.0,130.0
291.0,130.0
294.0,130.0
297.0,130.0
301.0,130.0
304.0,130.0
310.0,130.0
313.0,130.0
317.0,130.0
320.0,130.0
322.0,130.0
325.0,130.0
328.0,130.0
331.0,130.0
334.0,130.0
335.0,130.0
339.0,130.0
341.0,130.0
343.0,130.0
346.0,130.0
351.0,130.0
353.0,130.0
358.0,130.0
359.0,130.0
362.0,130.0
365.0,131.0
367.0,131.0
369.0,131.0
370.0,131.0
372.0,131.0
374.0,131.0
377.0,131.0
379.0,131.0
381.0,131.0
383.0,131.0
386.0,132.0
389.0,132.0
390.0,132.0
391.0,132.0
393.0,132.0
396.0,132.0
398.0,132.0
400.0,132.0
401.0,132.0
403.0,132.0
404.0,132.0
407.0,132.0
408.0,132.0
411.0,132.0
412.0,132.0
415.0,132.0
417.0,132.0
418.0,132.0
420.0,132.0
421.0,132.0
-1.0,-1.0
 
