243.0,99.0
240.0,99.0
234.0,99.0
231.0,99.0
226.0,99.0
221.0,99.0
217.0,101.0
214.0,101.0
210.0,103.0
207.0,104.0
203.0,105.0
200.0,106.0
199.0,109.0
197.0,110.0
195.0,111.0
193.0,112.0
193.0,115.0
192.0,115.0
190.0,117.0
190.0,118.0
189.0,119.0
189.0,120.0
189.0,122.0
189.0,123.0
189.0,124.0
189.0,126.0
189.0,128.0
189.0,129.0
190.0,131.0
195.0,132.0
197.0,133.0
202.0,135.0
205.0,135.0
209.0,135.0
213.0,135.0
217.0,135.0
220.0,135.0
223.0,133.0
224.0,133.0
226.0,133.0
227.0,132.0
226.0,132.0
223.0,132.0
220.0,132.0
216.0,132.0
214.0,132.0
210.0,133.0
209.0,135.0
205.0,136.0
203.0,137.0
199.0,139.0
197.0,142.0
196.0,144.0
195.0,145.0
193.0,147.0
193.0,149.0
192.0,151.0
192.0,152.0
192.0,155.0
192.0,156.0
192.0,158.0
192.0,159.0
192.0,162.0
192.0,164.0
193.0,167.0
196.0,170.0
199.0,172.0
203.0,173.0
205.0,173.0
207.0,174.0
210.0,174.0
214.0,174.0
219.0,174.0
223.0,174.0
227.0,174.0
234.0,174.0
238.0,172.0
251.0,169.0
262.0,164.0
274.0,160.0
278.0,159.0
282.0,156.0
285.0,155.0
288.0,154.0
291.0,153.0
295.0,149.0
296.0,148.0
301.0,144.0
302.0,143.0
306.0,140.0
308.0,137.0
312.0,134.0
313.0,132.0
316.0,128.0
317.0,126.0
320.0,123.0
322.0,121.0
322.0,119.0
323.0,117.0
323.0,116.0
323.0,115.0
323.0,114.0
323.0,113.0
322.0,113.0
322.0,112.0
320.0,112.0
319.0,112.0
317.0,112.0
316.0,112.0
315.0,112.0
315.0,113.0
315.0,115.0
315.0,117.0
313.0,121.0
313.0,124.0
313.0,129.0
313.0,133.0
313.0,135.0
313.0,137.0
313.0,140.0
313.0,142.0
313.0,144.0
313.0,147.0
313.0,149.0
313.0,151.0
313.0,155.0
313.0,156.0
313.0,160.0
313.0,162.0
313.0,166.0
313.0,168.0
313.0,169.0
313.0,171.0
313.0,173.0
315.0,175.0
315.0,176.0
315.0,177.0
315.0,178.0
315.0,180.0
315.0,181.0
-1.0,-1.0
166.0,95.0
169.0,94.0
173.0,94.0
175.0,94.0
179.0,94.0
183.0,94.0
187.0,93.0
192.0,93.0
197.0,93.0
202.0,92.0
207.0,92.0
211.0,92.0
217.0,92.0
221.0,92.0
225.0,92.0
228.0,92.0
234.0,92.0
237.0,92.0
241.0,92.0
244.0,92.0
248.0,92.0
251.0,92.0
254.0,92.0
256.0,92.0
259.0,92.0
261.0,92.0
263.0,92.0
266.0,92.0
269.0,92.0
275.0,92.0
278.0,92.0
279.0,92.0
282.0,92.0
285.0,92.0
287.0,92.0
290.0,92.0
292.0,92.0
293.0,92.0
296.0,92.0
299.0,92.0
301.0,92.0
304.0,92.0
307.0,92.0
310.0,92.0
313.0,92.0
317.0,92.0
318.0,92.0
323.0,92.0
325.0,92.0
330.0,92.0
331.0,92.0
335.0,92.0
337.0,92.0
340.0,92.0
342.0,92.0
344.0,92.0
347.0,92.0
348.0,92.0
349.0,92.0
352.0,92.0
354.0,92.0
355.0,92.0
356.0,92.0
358.0,92.0
-1.0,-1.0
 
