255.0,67.0
252.0,68.0
251.0,68.0
248.0,71.0
246.0,72.0
245.0,73.0
243.0,74.0
242.0,75.0
241.0,78.0
239.0,79.0
238.0,81.0
238.0,82.0
238.0,85.0
236.0,86.0
236.0,89.0
236.0,91.0
236.0,94.0
236.0,96.0
236.0,100.0
239.0,102.0
242.0,106.0
245.0,107.0
246.0,109.0
247.0,110.0
250.0,112.0
252.0,113.0
253.0,116.0
254.0,117.0
256.0,118.0
257.0,119.0
259.0,120.0
259.0,121.0
260.0,123.0
260.0,124.0
260.0,125.0
260.0,126.0
260.0,128.0
260.0,131.0
259.0,133.0
259.0,134.0
257.0,135.0
256.0,137.0
254.0,139.0
253.0,141.0
253.0,143.0
252.0,144.0
252.0,145.0
250.0,147.0
250.0,150.0
250.0,153.0
250.0,155.0
250.0,159.0
250.0,160.0
250.0,162.0
250.0,164.0
250.0,166.0
254.0,170.0
257.0,172.0
263.0,174.0
266.0,175.0
270.0,175.0
273.0,175.0
277.0,177.0
280.0,177.0
283.0,177.0
285.0,175.0
290.0,174.0
291.0,173.0
295.0,170.0
299.0,166.0
305.0,161.0
308.0,158.0
311.0,153.0
314.0,151.0
318.0,144.0
322.0,139.0
327.0,128.0
330.0,124.0
330.0,120.0
332.0,118.0
333.0,115.0
335.0,111.0
336.0,108.0
337.0,106.0
337.0,105.0
337.0,103.0
337.0,100.0
337.0,98.0
337.0,97.0
337.0,96.0
337.0,93.0
337.0,92.0
337.0,91.0
337.0,90.0
337.0,89.0
337.0,87.0
337.0,86.0
337.0,84.0
337.0,81.0
337.0,80.0
337.0,79.0
337.0,78.0
337.0,77.0
337.0,79.0
337.0,80.0
337.0,81.0
337.0,84.0
337.0,87.0
337.0,97.0
337.0,103.0
337.0,115.0
337.0,120.0
337.0,124.0
336.0,128.0
336.0,131.0
336.0,135.0
336.0,138.0
336.0,141.0
336.0,144.0
336.0,147.0
335.0,149.0
335.0,150.0
335.0,152.0
335.0,154.0
335.0,156.0
335.0,158.0
335.0,159.0
335.0,162.0
335.0,164.0
335.0,165.0
335.0,167.0
335.0,168.0
335.0,169.0
335.0,170.0
-1.0,-1.0
221.0,63.0
224.0,63.0
228.0,63.0
231.0,63.0
237.0,63.0
241.0,63.0
244.0,62.0
247.0,62.0
251.0,62.0
256.0,62.0
259.0,62.0
265.0,62.0
268.0,62.0
273.0,61.0
276.0,61.0
282.0,61.0
285.0,61.0
290.0,61.0
293.0,61.0
297.0,61.0
300.0,61.0
303.0,61.0
306.0,61.0
309.0,61.0
316.0,61.0
320.0,61.0
327.0,61.0
330.0,61.0
334.0,61.0
335.0,61.0
339.0,61.0
341.0,61.0
342.0,61.0
344.0,61.0
347.0,61.0
349.0,61.0
351.0,61.0
354.0,61.0
355.0,61.0
-1.0,-1.0
 
