377.0,79.0
373.0,80.0
363.0,81.0
358.0,81.0
349.0,83.0
345.0,83.0
338.0,84.0
335.0,84.0
329.0,85.0
327.0,86.0
324.0,87.0
322.0,88.0
320.0,91.0
320.0,92.0
320.0,94.0
320.0,97.0
320.0,99.0
320.0,103.0
320.0,106.0
322.0,110.0
325.0,111.0
329.0,113.0
332.0,114.0
338.0,114.0
341.0,114.0
344.0,114.0
345.0,114.0
348.0,114.0
349.0,114.0
351.0,114.0
352.0,114.0
349.0,114.0
345.0,114.0
342.0,115.0
338.0,117.0
337.0,118.0
334.0,120.0
332.0,121.0
331.0,123.0
331.0,124.0
331.0,125.0
331.0,126.0
331.0,127.0
331.0,131.0
334.0,133.0
341.0,140.0
351.0,145.0
363.0,150.0
374.0,155.0
391.0,157.0
402.0,157.0
420.0,157.0
431.0,155.0
446.0,150.0
454.0,144.0
469.0,131.0
478.0,121.0
492.0,104.0
501.0,94.0
503.0,88.0
506.0,80.0
514.0,65.0
523.0,48.0
526.0,42.0
527.0,39.0
527.0,38.0
527.0,37.0
527.0,35.0
526.0,35.0
525.0,35.0
523.0,35.0
522.0,35.0
520.0,35.0
520.0,37.0
519.0,38.0
518.0,39.0
516.0,40.0
515.0,41.0
515.0,44.0
513.0,45.0
513.0,47.0
512.0,48.0
512.0,52.0
512.0,53.0
512.0,55.0
512.0,58.0
512.0,61.0
512.0,72.0
512.0,85.0
512.0,109.0
512.0,118.0
512.0,131.0
513.0,135.0
513.0,144.0
516.0,152.0
516.0,156.0
516.0,158.0
517.0,160.0
517.0,164.0
518.0,166.0
518.0,168.0
518.0,170.0
518.0,173.0
518.0,174.0
518.0,177.0
518.0,178.0
518.0,179.0
518.0,180.0
-1.0,-1.0
328.0,45.0
329.0,45.0
332.0,44.0
338.0,43.0
342.0,43.0
349.0,42.0
353.0,42.0
358.0,40.0
360.0,40.0
365.0,40.0
373.0,39.0
377.0,39.0
381.0,39.0
384.0,38.0
390.0,38.0
398.0,38.0
403.0,37.0
410.0,37.0
414.0,36.0
419.0,36.0
422.0,36.0
428.0,36.0
431.0,36.0
436.0,34.0
439.0,34.0
443.0,34.0
445.0,34.0
448.0,33.0
450.0,33.0
453.0,33.0
456.0,33.0
459.0,33.0
460.0,33.0
463.0,33.0
464.0,33.0
466.0,33.0
467.0,33.0
469.0,33.0
470.0,33.0
472.0,33.0
473.0,33.0
476.0,33.0
477.0,33.0
479.0,33.0
481.0,33.0
483.0,33.0
484.0,33.0
486.0,33.0
488.0,33.0
490.0,33.0
493.0,33.0
494.0,33.0
497.0,32.0
498.0,32.0
501.0,32.0
503.0,32.0
505.0,31.0
507.0,31.0
510.0,31.0
511.0,31.0
514.0,31.0
515.0,31.0
517.0,31.0
518.0,31.0
519.0,31.0
525.0,31.0
528.0,31.0
532.0,31.0
535.0,31.0
539.0,31.0
541.0,32.0
543.0,32.0
545.0,32.0
546.0,33.0
548.0,33.0
549.0,33.0
550.0,33.0
552.0,34.0
553.0,34.0
555.0,34.0
556.0,34.0
556.0,36.0
557.0,36.0
559.0,36.0
-1.0,-1.0
 
