335.0,61.0
334.0,64.0
334.0,66.0
332.0,70.0
331.0,72.0
331.0,76.0
330.0,77.0
330.0,80.0
330.0,81.0
330.0,85.0
330.0,87.0
330.0,92.0
330.0,94.0
330.0,96.0
330.0,98.0
330.0,100.0
330.0,103.0
330.0,104.0
330.0,106.0
330.0,107.0
331.0,108.0
331.0,110.0
331.0,111.0
332.0,111.0
332.0,112.0
334.0,113.0
332.0,113.0
330.0,113.0
327.0,113.0
324.0,113.0
320.0,113.0
318.0,113.0
315.0,113.0
314.0,113.0
311.0,114.0
310.0,114.0
308.0,115.0
307.0,117.0
307.0,118.0
306.0,119.0
306.0,120.0
304.0,121.0
304.0,124.0
303.0,126.0
303.0,128.0
303.0,130.0
301.0,131.0
301.0,132.0
301.0,133.0
301.0,134.0
301.0,137.0
301.0,138.0
301.0,140.0
301.0,142.0
303.0,146.0
304.0,148.0
307.0,152.0
310.0,154.0
313.0,158.0
315.0,160.0
318.0,164.0
321.0,165.0
325.0,167.0
328.0,168.0
332.0,171.0
335.0,171.0
339.0,172.0
342.0,172.0
345.0,172.0
348.0,172.0
352.0,172.0
355.0,172.0
360.0,171.0
363.0,169.0
368.0,166.0
370.0,164.0
375.0,160.0
377.0,157.0
382.0,153.0
383.0,151.0
387.0,146.0
389.0,142.0
391.0,138.0
393.0,135.0
396.0,131.0
397.0,127.0
399.0,120.0
400.0,115.0
403.0,110.0
403.0,107.0
404.0,104.0
404.0,101.0
404.0,99.0
404.0,98.0
404.0,97.0
404.0,96.0
404.0,94.0
404.0,93.0
404.0,92.0
406.0,91.0
406.0,90.0
406.0,88.0
406.0,87.0
406.0,86.0
406.0,85.0
407.0,84.0
407.0,83.0
407.0,81.0
407.0,80.0
407.0,78.0
407.0,77.0
407.0,74.0
407.0,72.0
407.0,71.0
407.0,70.0
407.0,69.0
407.0,70.0
407.0,71.0
407.0,73.0
407.0,76.0
407.0,80.0
407.0,83.0
407.0,84.0
407.0,86.0
407.0,90.0
407.0,94.0
407.0,98.0
407.0,103.0
407.0,106.0
407.0,111.0
407.0,114.0
407.0,117.0
407.0,119.0
407.0,121.0
406.0,126.0
406.0,128.0
406.0,132.0
406.0,134.0
406.0,139.0
406.0,141.0
406.0,145.0
406.0,147.0
406.0,151.0
406.0,153.0
406.0,157.0
406.0,158.0
406.0,160.0
406.0,161.0
406.0,164.0
406.0,165.0
406.0,166.0
406.0,167.0
406.0,168.0
406.0,169.0
406.0,171.0
-1.0,-1.0
-1.0,-1.0
287.0,62.0
291.0,62.0
296.0,62.0
303.0,62.0
308.0,62.0
318.0,62.0
322.0,62.0
329.0,62.0
334.0,62.0
339.0,61.0
342.0,61.0
348.0,61.0
351.0,61.0
353.0,61.0
356.0,61.0
360.0,60.0
363.0,60.0
367.0,60.0
370.0,60.0
372.0,60.0
373.0,60.0
376.0,60.0
380.0,60.0
383.0,60.0
389.0,60.0
391.0,60.0
396.0,60.0
398.0,60.0
403.0,60.0
404.0,60.0
408.0,60.0
411.0,60.0
414.0,60.0
415.0,60.0
418.0,60.0
420.0,60.0
422.0,60.0
425.0,60.0
428.0,61.0
429.0,61.0
432.0,61.0
435.0,61.0
438.0,61.0
439.0,61.0
442.0,61.0
445.0,61.0
446.0,62.0
448.0,62.0
449.0,62.0
451.0,62.0
452.0,62.0
453.0,62.0
455.0,62.0
-1.0,-1.0
 
