331.0,97.0
331.0,101.0
331.0,106.0
331.0,110.0
331.0,116.0
330.0,119.0
330.0,124.0
330.0,128.0
330.0,131.0
330.0,133.0
330.0,137.0
330.0,140.0
330.0,145.0
330.0,146.0
330.0,150.0
330.0,151.0
330.0,153.0
330.0,156.0
330.0,157.0
330.0,158.0
330.0,159.0
330.0,160.0
330.0,162.0
330.0,163.0
330.0,164.0
330.0,165.0
330.0,166.0
330.0,167.0
330.0,169.0
330.0,170.0
330.0,171.0
330.0,173.0
330.0,176.0
330.0,177.0
330.0,178.0
330.0,179.0
330.0,180.0
330.0,181.0
330.0,183.0
-1.0,-1.0
302.0,99.0
299.0,99.0
298.0,99.0
295.0,98.0
291.0,98.0
288.0,98.0
282.0,98.0
281.0,98.0
276.0,98.0
275.0,98.0
272.0,98.0
271.0,98.0
269.0,98.0
268.0,98.0
267.0,98.0
265.0,98.0
264.0,99.0
262.0,101.0
262.0,102.0
261.0,104.0
261.0,105.0
260.0,106.0
260.0,109.0
260.0,111.0
260.0,113.0
260.0,117.0
260.0,119.0
260.0,124.0
260.0,128.0
261.0,131.0
264.0,133.0
265.0,135.0
267.0,136.0
268.0,137.0
269.0,137.0
271.0,138.0
272.0,138.0
274.0,138.0
275.0,138.0
276.0,138.0
278.0,138.0
278.0,137.0
276.0,137.0
275.0,137.0
274.0,137.0
272.0,137.0
269.0,137.0
268.0,137.0
265.0,137.0
264.0,137.0
262.0,137.0
261.0,138.0
260.0,139.0
258.0,139.0
257.0,140.0
257.0,142.0
255.0,143.0
255.0,144.0
255.0,145.0
255.0,146.0
254.0,147.0
254.0,149.0
254.0,150.0
254.0,152.0
254.0,153.0
254.0,156.0
254.0,158.0
255.0,160.0
257.0,163.0
260.0,164.0
261.0,165.0
264.0,167.0
265.0,167.0
267.0,169.0
269.0,169.0
271.0,170.0
272.0,170.0
275.0,170.0
276.0,170.0
281.0,170.0
282.0,170.0
283.0,170.0
286.0,170.0
288.0,170.0
292.0,167.0
295.0,165.0
298.0,163.0
299.0,162.0
302.0,160.0
302.0,159.0
303.0,158.0
303.0,157.0
305.0,157.0
305.0,156.0
306.0,155.0
306.0,153.0
306.0,152.0
307.0,150.0
307.0,149.0
307.0,147.0
309.0,146.0
309.0,145.0
310.0,144.0
312.0,142.0
312.0,140.0
313.0,139.0
313.0,138.0
314.0,138.0
314.0,137.0
314.0,136.0
316.0,136.0
316.0,135.0
317.0,133.0
-1.0,-1.0
233.0,92.0
234.0,92.0
237.0,92.0
240.0,92.0
244.0,92.0
247.0,92.0
253.0,92.0
255.0,92.0
260.0,92.0
262.0,92.0
267.0,92.0
269.0,92.0
272.0,92.0
275.0,92.0
279.0,92.0
282.0,92.0
285.0,92.0
288.0,92.0
292.0,92.0
293.0,92.0
298.0,92.0
299.0,92.0
300.0,92.0
302.0,92.0
305.0,91.0
309.0,91.0
312.0,91.0
316.0,91.0
319.0,91.0
321.0,91.0
323.0,91.0
327.0,91.0
329.0,91.0
333.0,91.0
334.0,91.0
337.0,91.0
338.0,91.0
340.0,91.0
341.0,91.0
344.0,91.0
345.0,91.0
347.0,91.0
350.0,91.0
351.0,91.0
354.0,91.0
355.0,91.0
358.0,91.0
359.0,91.0
362.0,91.0
364.0,91.0
365.0,91.0
367.0,91.0
368.0,91.0
369.0,91.0
-1.0,-1.0
 
