278.0,67.0
275.0,67.0
271.0,67.0
267.0,69.0
264.0,70.0
263.0,72.0
261.0,74.0
260.0,75.0
260.0,80.0
258.0,85.0
258.0,92.0
258.0,95.0
260.0,99.0
261.0,103.0
264.0,106.0
267.0,108.0
271.0,111.0
274.0,112.0
278.0,114.0
282.0,115.0
287.0,115.0
288.0,116.0
289.0,116.0
289.0,117.0
289.0,118.0
289.0,119.0
289.0,121.0
288.0,123.0
285.0,125.0
284.0,128.0
281.0,131.0
280.0,133.0
277.0,137.0
277.0,139.0
275.0,143.0
275.0,145.0
275.0,149.0
275.0,151.0
275.0,153.0
275.0,156.0
275.0,158.0
275.0,160.0
277.0,163.0
280.0,165.0
282.0,168.0
285.0,169.0
287.0,170.0
288.0,171.0
289.0,171.0
294.0,172.0
296.0,172.0
301.0,173.0
303.0,173.0
309.0,173.0
312.0,172.0
318.0,170.0
320.0,166.0
326.0,162.0
330.0,157.0
333.0,153.0
334.0,151.0
336.0,149.0
337.0,148.0
337.0,146.0
337.0,145.0
-1.0,-1.0
339.0,74.0
339.0,76.0
339.0,80.0
339.0,85.0
339.0,89.0
339.0,99.0
337.0,111.0
337.0,121.0
337.0,122.0
337.0,126.0
337.0,128.0
337.0,131.0
337.0,134.0
337.0,137.0
337.0,140.0
337.0,143.0
337.0,146.0
337.0,148.0
337.0,149.0
337.0,151.0
337.0,153.0
337.0,155.0
337.0,156.0
337.0,158.0
337.0,161.0
337.0,163.0
337.0,165.0
337.0,168.0
337.0,171.0
337.0,175.0
337.0,177.0
337.0,181.0
337.0,183.0
337.0,185.0
337.0,187.0
337.0,188.0
337.0,189.0
-1.0,-1.0
233.0,67.0
236.0,67.0
242.0,67.0
246.0,67.0
255.0,67.0
259.0,67.0
267.0,67.0
272.0,67.0
277.0,67.0
282.0,67.0
287.0,67.0
290.0,67.0
296.0,67.0
300.0,67.0
305.0,67.0
310.0,67.0
314.0,67.0
317.0,67.0
321.0,67.0
324.0,67.0
328.0,67.0
331.0,67.0
332.0,67.0
334.0,67.0
336.0,67.0
339.0,67.0
341.0,69.0
343.0,69.0
345.0,69.0
348.0,69.0
349.0,69.0
352.0,69.0
353.0,69.0
356.0,69.0
358.0,69.0
359.0,70.0
360.0,70.0
363.0,70.0
365.0,70.0
366.0,70.0
-1.0,-1.0
 
