.VERSION 1.0 
.HIERARCHY CHARACTER
.COORD X Y T
.SEGMENT CHARACTER 0-2 OK "35"
.H_LINE 2999 3874
.V_LINE 499 1250
.X_DIM 750
.Y_DIM 874
.X_POINTS_PER_INCH 1000
.Y_POINTS_PER_INCH 1000
.POINTS_PER_SECOND 125
.COMMENT CALIB X: -4 Y: -35

.WRITER_INFO
 Name: SHASHANK
 WriterId: 52
 Hand: right
 EducationLevel: college graduate
 Gender: male
 Profession: student
 Region: mumbai
 Age: 20
 DeviceType: digimemo a402
 SkillDevice: average
 Language: hindi
 Script: indic
 Native: true
 Style: discrete
 UsageFreq: once a week
 Proficiency: average
 Date: 2007-6-22
 WritingInProfession: no

.PEN_DOWN
806 3374 0
805 3371 0
805 3374 0
805 3380 0
805 3390 0
805 3405 0
806 3421 0
808 3437 0
810 3453 0
811 3469 0
812 3481 0
812 3490 0
811 3495 0
810 3498 0
806 3495 0
800 3490 0
791 3483 0
781 3475 0
772 3467 0
763 3459 0
757 3453 0
753 3448 0
751 3444 0
751 3441 0
754 3437 0
759 3434 0
768 3431 0
783 3428 0
802 3426 0
823 3425 0
847 3423 0
874 3421 0
899 3419 0
918 3416 0
930 3414 0
936 3412 0
939 3410 0
939 3406 0
937 3402 0
935 3398 0
932 3394 0
928 3386 0
923 3379 0
918 3371 0
915 3365 0
913 3360 0
913 3356 0
913 3359 0
914 3366 0
916 3376 0
920 3388 0
925 3404 0
929 3420 0
932 3436 0
936 3451 0
938 3463 0
939 3471 0
938 3476 0
940 3479 0
.PEN_UP
.PEN_DOWN
796 3354 0
794 3350 0
793 3347 0
791 3343 0
789 3339 0
787 3336 0
784 3332 0
781 3327 0
777 3322 0
772 3317 0
767 3311 0
761 3306 0
757 3304 0
752 3303 0
746 3305 0
740 3309 0
734 3317 0
727 3327 0
721 3339 0
718 3348 0
717 3357 0
720 3364 0
725 3369 0
733 3372 0
743 3373 0
755 3373 0
768 3369 0
784 3369 0
.PEN_UP
.PEN_DOWN
876 3345 0
883 3344 0
891 3342 0
899 3341 0
909 3340 0
923 3339 0
940 3337 0
959 3335 0
979 3333 0
997 3333 0
.PEN_UP
