.VERSION 1.0 
.HIERARCHY CHARACTER
.COORD X Y T
.SEGMENT CHARACTER 0-2 OK "71"
.H_LINE 4624 5499
.V_LINE 1999 2749
.X_DIM 749
.Y_DIM 874
.X_POINTS_PER_INCH 1000
.Y_POINTS_PER_INCH 1000
.POINTS_PER_SECOND 125
.COMMENT CALIB X: 26 Y: -58

.WRITER_INFO
 Name: SHASHANK
 WriterId: 52
 Hand: right
 EducationLevel: college graduate
 Gender: male
 Profession: student
 Region: mumbai
 Age: 20
 DeviceType: digimemo a402
 SkillDevice: average
 Language: hindi
 Script: indic
 Native: true
 Style: discrete
 UsageFreq: once a week
 Proficiency: average
 Date: 2007-6-22
 WritingInProfession: no

.PEN_DOWN
2292 4932 0
2292 4929 0
2292 4925 0
2292 4921 0
2292 4928 0
2292 4937 0
2293 4947 0
2294 4958 0
2295 4967 0
2296 4974 0
2297 4979 0
2298 4983 0
2298 4980 0
2298 4977 0
2297 4974 0
2296 4971 0
2295 4968 0
2293 4964 0
2288 4959 0
2284 4955 0
2280 4953 0
2275 4952 0
2270 4953 0
2266 4955 0
2262 4958 0
2258 4964 0
2252 4972 0
2246 4983 0
2241 4995 0
2239 5008 0
2238 5019 0
2240 5029 0
2243 5037 0
2249 5043 0
2255 5048 0
2264 5050 0
2272 5051 0
2279 5052 0
2284 5053 0
2289 5053 0
2293 5053 0
2296 5053 0
2299 5055 0
2301 5058 0
2302 5062 0
2303 5067 0
2303 5072 0
2303 5078 0
2302 5083 0
2301 5089 0
2299 5095 0
2296 5100 0
2291 5105 0
2285 5109 0
2277 5111 0
2268 5112 0
2257 5112 0
2246 5111 0
2235 5110 0
2226 5109 0
2220 5107 0
2216 5105 0
2215 5102 0
2216 5099 0
2219 5097 0
2225 5096 0
2232 5095 0
2240 5095 0
2248 5096 0
2255 5098 0
2262 5100 0
2268 5103 0
2273 5107 0
2278 5110 0
2282 5114 0
2285 5118 0
2287 5122 0
2290 5125 0
2293 5127 0
2296 5128 0
2299 5128 0
2302 5127 0
2306 5125 0
2311 5122 0
2315 5117 0
.PEN_UP
.PEN_DOWN
2301 5059 0
2306 5061 0
2312 5061 0
2320 5061 0
2331 5060 0
2341 5059 0
2349 5058 0
2354 5057 0
2357 5055 0
2360 5051 0
2363 5010 0
2362 5023 0
.PEN_UP
.PEN_DOWN
2220 4904 0
2225 4901 0
2235 4898 0
2247 4895 0
2263 4893 0
2279 4891 0
2296 4890 0
2315 4889 0
2334 4889 0
2351 4888 0
2366 4884 0
.PEN_UP
