.VERSION 1.0 
.HIERARCHY CHARACTER
.COORD X Y T
.SEGMENT CHARACTER 0-2 OK "100"
.H_LINE 4624 5499
.V_LINE 499 1250
.X_DIM 750
.Y_DIM 874
.X_POINTS_PER_INCH 1000
.Y_POINTS_PER_INCH 1000
.POINTS_PER_SECOND 125
.COMMENT CALIB X: 2 Y: -43

.WRITER_INFO
 Name: SHASHANK
 WriterId: 52
 Hand: right
 EducationLevel: college graduate
 Gender: male
 Profession: student
 Region: mumbai
 Age: 20
 DeviceType: digimemo a402
 SkillDevice: average
 Language: hindi
 Script: indic
 Native: true
 Style: discrete
 UsageFreq: once a week
 Proficiency: average
 Date: 2007-6-22
 WritingInProfession: no

.PEN_DOWN
818 4957 0
818 4954 0
819 4959 0
820 4965 0
821 4974 0
822 4984 0
824 4995 0
826 5005 0
828 5014 0
830 5022 0
831 5028 0
833 5033 0
834 5036 0
833 5033 0
831 5030 0
829 5027 0
827 5024 0
824 5023 0
819 5022 0
813 5022 0
806 5023 0
800 5025 0
794 5027 0
790 5030 0
785 5036 0
781 5042 0
777 5049 0
774 5057 0
772 5066 0
770 5075 0
769 5083 0
769 5091 0
769 5099 0
770 5107 0
771 5113 0
774 5117 0
777 5121 0
782 5125 0
790 5128 0
800 5131 0
812 5133 0
823 5134 0
833 5134 0
842 5133 0
849 5130 0
859 5126 0
868 5123 0
874 5120 0
877 5116 0
879 5113 0
880 5110 0
880 5107 0
879 5103 0
877 5100 0
874 5098 0
871 5097 0
868 5097 0
864 5100 0
859 5105 0
856 5110 0
853 5115 0
852 5120 0
852 5124 0
853 5128 0
855 5132 0
858 5135 0
862 5140 0
867 5144 0
871 5150 0
874 5155 0
877 5160 0
878 5165 0
878 5169 0
877 5173 0
874 5177 0
869 5180 0
862 5182 0
854 5182 0
843 5182 0
.PEN_UP
.PEN_DOWN
817 5125 0
813 5125 0
809 5124 0
804 5123 0
800 5122 0
795 5121 0
789 5120 0
783 5120 0
778 5120 0
775 5121 0
772 5123 0
770 5128 0
766 5135 0
763 5141 0
762 5147 0
762 5154 0
765 5159 0
769 5163 0
777 5165 0
790 5166 0
808 5165 0
826 5164 0
842 5163 0
856 5160 0
861 5158 0
.PEN_UP
.PEN_DOWN
729 4958 0
732 4957 0
740 4955 0
752 4952 0
768 4949 0
789 4947 0
814 4945 0
841 4943 0
867 4942 0
888 4944 0
898 4944 0
.PEN_UP
