.VERSION 1.0 
.HIERARCHY CHARACTER
.COORD X Y T
.SEGMENT CHARACTER 0-1 OK "101"
.H_LINE 4624 5499
.V_LINE 1999 2749
.X_DIM 749
.Y_DIM 874
.X_POINTS_PER_INCH 1000
.Y_POINTS_PER_INCH 1000
.POINTS_PER_SECOND 125
.COMMENT CALIB X: 108 Y: -152

.WRITER_INFO
 Name: SHASHANK
 WriterId: 52
 Hand: right
 EducationLevel: college graduate
 Gender: male
 Profession: student
 Region: mumbai
 Age: 20
 DeviceType: digimemo a402
 SkillDevice: average
 Language: hindi
 Script: indic
 Native: true
 Style: discrete
 UsageFreq: once a week
 Proficiency: average
 Date: 2007-6-22
 WritingInProfession: no

.PEN_DOWN
2383 4900 0
2383 4904 0
2385 4910 0
2387 4917 0
2389 4924 0
2392 4931 0
2394 4938 0
2396 4944 0
2398 4949 0
2399 4953 0
2396 4953 0
2393 4951 0
2389 4947 0
2385 4942 0
2381 4937 0
2375 4931 0
2371 4926 0
2367 4923 0
2364 4921 0
2361 4923 0
2358 4928 0
2353 4937 0
2347 4948 0
2341 4959 0
2336 4972 0
2332 4983 0
2329 4991 0
2328 4998 0
2329 5003 0
2332 5006 0
2336 5008 0
2341 5010 0
2345 5011 0
2350 5011 0
2354 5011 0
2357 5011 0
2356 5008 0
2354 5005 0
2351 5003 0
2348 5003 0
2345 5004 0
2342 5007 0
2340 5010 0
2337 5015 0
2332 5022 0
2326 5029 0
2322 5037 0
2320 5045 0
2320 5053 0
2324 5060 0
2331 5065 0
2340 5068 0
2352 5070 0
2364 5070 0
2376 5068 0
2389 5063 0
2402 5059 0
2415 5054 0
2428 5048 0
2439 5041 0
2450 5035 0
2460 5025 0
2472 5015 0
2480 5003 0
2486 4993 0
2488 4983 0
2487 4974 0
2485 4965 0
2483 4956 0
2479 4946 0
2475 4936 0
2471 4928 0
2468 4922 0
2465 4917 0
2464 4921 0
2465 4931 0
2468 4946 0
2470 4963 0
2471 4981 0
2472 4998 0
2472 5012 0
2470 5023 0
2469 5031 0
2469 5038 0
2471 5042 0
2475 5043 0
.PEN_UP
.PEN_DOWN
2272 4858 0
2275 4859 0
2284 4860 0
2302 4858 0
2329 4856 0
2360 4854 0
2402 4853 0
2456 4852 0
2512 4852 0
2559 4850 0
.PEN_UP
