264.0,121.0
264.0,122.0
264.0,123.0
264.0,127.0
264.0,130.0
264.0,136.0
264.0,142.0
264.0,151.0
264.0,156.0
264.0,166.0
265.0,170.0
266.0,177.0
266.0,182.0
268.0,188.0
268.0,191.0
269.0,196.0
269.0,198.0
269.0,201.0
269.0,202.0
269.0,204.0
269.0,207.0
269.0,208.0
269.0,209.0
268.0,209.0
266.0,209.0
265.0,208.0
262.0,207.0
261.0,205.0
258.0,204.0
257.0,204.0
255.0,203.0
254.0,203.0
252.0,202.0
251.0,202.0
251.0,201.0
250.0,201.0
250.0,200.0
248.0,200.0
248.0,198.0
247.0,197.0
-1.0,-1.0
321.0,127.0
321.0,128.0
321.0,130.0
321.0,134.0
321.0,141.0
321.0,146.0
321.0,154.0
321.0,157.0
321.0,163.0
321.0,167.0
321.0,170.0
321.0,173.0
321.0,175.0
321.0,177.0
321.0,178.0
321.0,180.0
321.0,181.0
321.0,182.0
321.0,183.0
321.0,184.0
323.0,187.0
323.0,188.0
323.0,189.0
323.0,190.0
323.0,191.0
323.0,193.0
323.0,194.0
323.0,195.0
323.0,196.0
323.0,197.0
-1.0,-1.0
238.0,129.0
240.0,129.0
245.0,129.0
249.0,129.0
254.0,128.0
257.0,128.0
263.0,128.0
267.0,126.0
273.0,125.0
277.0,125.0
284.0,124.0
288.0,124.0
300.0,123.0
307.0,123.0
314.0,122.0
318.0,122.0
322.0,122.0
325.0,121.0
329.0,121.0
332.0,121.0
335.0,121.0
336.0,121.0
339.0,121.0
340.0,121.0
342.0,119.0
343.0,119.0
345.0,119.0
346.0,119.0
347.0,119.0
349.0,119.0
352.0,119.0
353.0,119.0
356.0,119.0
359.0,119.0
-1.0,-1.0
 
