160.0,77.0
161.0,80.0
162.0,83.0
168.0,94.0
177.0,110.0
189.0,136.0
196.0,143.0
201.0,154.0
201.0,162.0
204.0,172.0
204.0,180.0
206.0,193.0
206.0,200.0
206.0,211.0
206.0,217.0
206.0,223.0
206.0,227.0
206.0,232.0
206.0,235.0
206.0,237.0
206.0,240.0
205.0,243.0
204.0,246.0
202.0,248.0
201.0,250.0
198.0,252.0
197.0,253.0
194.0,254.0
192.0,254.0
189.0,254.0
188.0,254.0
184.0,254.0
181.0,254.0
177.0,254.0
175.0,254.0
171.0,254.0
168.0,254.0
166.0,254.0
164.0,253.0
161.0,252.0
161.0,250.0
161.0,249.0
160.0,249.0
-1.0,-1.0
264.0,92.0
264.0,97.0
264.0,102.0
264.0,116.0
264.0,131.0
261.0,163.0
261.0,180.0
258.0,211.0
258.0,223.0
258.0,239.0
258.0,247.0
258.0,252.0
258.0,253.0
258.0,255.0
258.0,256.0
258.0,257.0
258.0,258.0
-1.0,-1.0
133.0,89.0
137.0,89.0
143.0,89.0
147.0,88.0
151.0,88.0
155.0,88.0
161.0,88.0
183.0,88.0
195.0,88.0
216.0,88.0
226.0,88.0
241.0,88.0
251.0,88.0
262.0,90.0
270.0,90.0
277.0,90.0
280.0,90.0
283.0,90.0
284.0,90.0
-1.0,-1.0
 
