318.0,52.0
318.0,57.0
320.0,60.0
320.0,68.0
321.0,72.0
323.0,78.0
323.0,80.0
323.0,84.0
323.0,85.0
323.0,87.0
324.0,92.0
324.0,95.0
326.0,98.0
326.0,99.0
326.0,102.0
326.0,103.0
326.0,105.0
326.0,106.0
327.0,107.0
327.0,109.0
327.0,110.0
327.0,111.0
327.0,113.0
327.0,116.0
327.0,117.0
327.0,118.0
327.0,119.0
327.0,120.0
327.0,121.0
327.0,123.0
327.0,124.0
327.0,125.0
326.0,125.0
324.0,125.0
323.0,124.0
321.0,123.0
320.0,121.0
318.0,120.0
317.0,120.0
316.0,119.0
314.0,119.0
313.0,119.0
313.0,118.0
311.0,118.0
310.0,117.0
309.0,117.0
307.0,117.0
307.0,116.0
306.0,116.0
306.0,114.0
304.0,114.0
-1.0,-1.0
364.0,55.0
364.0,58.0
364.0,62.0
364.0,64.0
364.0,66.0
364.0,70.0
364.0,75.0
364.0,77.0
364.0,82.0
364.0,84.0
364.0,86.0
364.0,89.0
364.0,91.0
364.0,93.0
364.0,95.0
364.0,96.0
364.0,97.0
364.0,98.0
365.0,99.0
365.0,100.0
365.0,102.0
365.0,103.0
365.0,104.0
365.0,105.0
365.0,106.0
366.0,107.0
366.0,109.0
366.0,110.0
366.0,111.0
366.0,112.0
366.0,113.0
366.0,114.0
366.0,116.0
368.0,116.0
368.0,117.0
368.0,118.0
368.0,119.0
368.0,120.0
368.0,121.0
368.0,123.0
368.0,124.0
368.0,125.0
-1.0,-1.0
278.0,46.0
282.0,46.0
285.0,46.0
290.0,48.0
295.0,49.0
302.0,50.0
306.0,51.0
311.0,51.0
314.0,52.0
318.0,52.0
321.0,52.0
323.0,52.0
324.0,52.0
327.0,53.0
331.0,53.0
335.0,55.0
340.0,55.0
341.0,55.0
344.0,55.0
347.0,55.0
348.0,55.0
349.0,55.0
352.0,55.0
354.0,55.0
356.0,55.0
358.0,55.0
359.0,55.0
361.0,55.0
365.0,55.0
368.0,55.0
371.0,55.0
373.0,55.0
376.0,55.0
380.0,55.0
383.0,55.0
387.0,55.0
390.0,55.0
393.0,55.0
396.0,55.0
397.0,55.0
399.0,55.0
402.0,55.0
403.0,55.0
404.0,55.0
406.0,55.0
407.0,55.0
409.0,55.0
410.0,55.0
-1.0,-1.0
 
