235.0,81.0
237.0,81.0
238.0,81.0
239.0,81.0
241.0,81.0
245.0,81.0
248.0,81.0
252.0,81.0
255.0,81.0
259.0,81.0
263.0,81.0
267.0,83.0
270.0,84.0
275.0,85.0
277.0,86.0
280.0,87.0
283.0,88.0
286.0,91.0
287.0,92.0
291.0,94.0
293.0,97.0
296.0,99.0
298.0,100.0
301.0,102.0
303.0,105.0
304.0,107.0
305.0,109.0
307.0,112.0
308.0,114.0
308.0,115.0
308.0,118.0
310.0,120.0
311.0,125.0
311.0,128.0
313.0,131.0
313.0,133.0
314.0,136.0
314.0,141.0
314.0,145.0
314.0,149.0
314.0,153.0
314.0,158.0
314.0,160.0
314.0,166.0
314.0,168.0
314.0,173.0
314.0,176.0
314.0,180.0
314.0,183.0
313.0,187.0
311.0,188.0
310.0,192.0
308.0,194.0
305.0,196.0
304.0,199.0
300.0,201.0
298.0,202.0
294.0,205.0
291.0,206.0
289.0,207.0
286.0,207.0
282.0,207.0
279.0,207.0
275.0,207.0
270.0,207.0
269.0,207.0
267.0,207.0
265.0,206.0
262.0,205.0
259.0,202.0
258.0,200.0
256.0,199.0
255.0,197.0
255.0,196.0
255.0,195.0
255.0,194.0
253.0,193.0
253.0,192.0
253.0,189.0
253.0,188.0
253.0,187.0
253.0,186.0
253.0,185.0
253.0,182.0
255.0,181.0
256.0,180.0
258.0,179.0
259.0,178.0
260.0,176.0
262.0,175.0
265.0,175.0
266.0,175.0
267.0,174.0
269.0,174.0
270.0,174.0
272.0,174.0
273.0,174.0
-1.0,-1.0
365.0,77.0
365.0,80.0
365.0,90.0
365.0,95.0
365.0,109.0
365.0,121.0
365.0,144.0
365.0,153.0
365.0,160.0
365.0,163.0
365.0,166.0
365.0,169.0
365.0,171.0
365.0,173.0
365.0,177.0
365.0,178.0
365.0,183.0
365.0,185.0
365.0,190.0
365.0,192.0
365.0,194.0
365.0,196.0
365.0,197.0
365.0,199.0
365.0,200.0
365.0,203.0
365.0,204.0
365.0,205.0
365.0,206.0
-1.0,-1.0
212.0,73.0
215.0,73.0
219.0,73.0
224.0,73.0
229.0,73.0
233.0,73.0
240.0,71.0
245.0,71.0
253.0,70.0
259.0,70.0
267.0,70.0
271.0,70.0
278.0,70.0
281.0,70.0
287.0,70.0
290.0,70.0
295.0,70.0
298.0,70.0
302.0,70.0
307.0,70.0
308.0,70.0
311.0,70.0
314.0,70.0
318.0,70.0
321.0,70.0
325.0,70.0
326.0,70.0
331.0,70.0
332.0,70.0
336.0,70.0
338.0,70.0
340.0,70.0
342.0,70.0
345.0,70.0
347.0,70.0
350.0,70.0
352.0,70.0
356.0,70.0
359.0,70.0
361.0,70.0
364.0,70.0
366.0,70.0
369.0,70.0
370.0,70.0
376.0,70.0
378.0,70.0
383.0,69.0
384.0,69.0
387.0,69.0
388.0,69.0
390.0,69.0
-1.0,-1.0
 
