252.0,109.0
252.0,111.0
252.0,117.0
252.0,121.0
252.0,128.0
252.0,132.0
252.0,138.0
252.0,142.0
252.0,144.0
252.0,145.0
252.0,147.0
252.0,151.0
252.0,153.0
253.0,156.0
253.0,158.0
253.0,160.0
253.0,162.0
253.0,164.0
253.0,165.0
255.0,167.0
255.0,169.0
255.0,170.0
255.0,171.0
255.0,172.0
255.0,173.0
255.0,174.0
255.0,176.0
255.0,177.0
255.0,178.0
253.0,178.0
252.0,178.0
251.0,178.0
249.0,178.0
248.0,177.0
246.0,177.0
245.0,177.0
245.0,176.0
244.0,174.0
242.0,174.0
242.0,173.0
242.0,172.0
241.0,172.0
241.0,171.0
-1.0,-1.0
287.0,115.0
287.0,119.0
287.0,124.0
289.0,132.0
289.0,136.0
289.0,143.0
290.0,146.0
290.0,151.0
290.0,153.0
291.0,157.0
291.0,159.0
291.0,160.0
291.0,162.0
291.0,163.0
291.0,164.0
291.0,165.0
-1.0,-1.0
229.0,110.0
234.0,110.0
236.0,110.0
242.0,110.0
245.0,110.0
250.0,110.0
255.0,109.0
258.0,109.0
260.0,109.0
263.0,109.0
269.0,108.0
272.0,108.0
276.0,107.0
280.0,107.0
283.0,107.0
286.0,107.0
288.0,106.0
290.0,106.0
293.0,106.0
294.0,106.0
297.0,106.0
298.0,106.0
301.0,106.0
303.0,106.0
304.0,106.0
305.0,106.0
307.0,106.0
310.0,106.0
311.0,106.0
312.0,106.0
314.0,106.0
317.0,106.0
318.0,106.0
319.0,106.0
321.0,106.0
322.0,106.0
324.0,106.0
-1.0,-1.0
 
