.VERSION 1.0 
.HIERARCHY CHARACTER
.COORD X Y T
.SEGMENT CHARACTER 0-2 OK "4"
.H_LINE 1374 2249
.V_LINE 6500 7250
.X_DIM 750
.Y_DIM 874
.X_POINTS_PER_INCH 1000
.Y_POINTS_PER_INCH 1000
.POINTS_PER_SECOND 125
.COMMENT CALIB X: 65 Y: -60

.WRITER_INFO
 Name: B. SRIMANARAYANA
 WriterId: 5
 Hand: right
 EducationLevel: post graduate
 Gender: male
 Profession: student
 Region: prakasam
 Age: 27
 DeviceType: digimemo a402
 SkillDevice: average
 Language: hindi
 Script: indic
 Native: false
 Style: discrete
 UsageFreq: rarely
 Proficiency: average
 Date: 2007-6-11
 WritingInProfession: no

.PEN_DOWN
6766 1566 0
6769 1565 0
6775 1564 0
6785 1563 0
6794 1562 0
6806 1558 0
6822 1553 0
6841 1548 0
6859 1543 0
6880 1540 0
6902 1536 0
6921 1534 0
6934 1532 0
6942 1532 0
6945 1532 0
6938 1540 0
.PEN_UP
.PEN_DOWN
6838 1577 0
6838 1580 0
6838 1583 0
6838 1588 0
6838 1591 0
6838 1597 0
6837 1603 0
6837 1609 0
6838 1617 0
6838 1625 0
6837 1632 0
6836 1640 0
6835 1645 0
6834 1648 0
6834 1652 0
6832 1649 0
6828 1647 0
6821 1644 0
6816 1642 0
6813 1641 0
6809 1639 0
6805 1638 0
6801 1637 0
6794 1638 0
6787 1640 0
6780 1642 0
6771 1644 0
6762 1648 0
6755 1652 0
6748 1657 0
6742 1662 0
6737 1668 0
6733 1674 0
6731 1680 0
6731 1689 0
6732 1698 0
6733 1706 0
6735 1715 0
6738 1721 0
6741 1729 0
6747 1734 0
6753 1736 0
6761 1737 0
6771 1736 0
6783 1733 0
6793 1732 0
6804 1731 0
6811 1727 0
6815 1726 0
6818 1726 0
6821 1729 0
6825 1734 0
6826 1738 0
6827 1743 0
6828 1750 0
6826 1758 0
6825 1770 0
6822 1782 0
6818 1795 0
6815 1808 0
6810 1819 0
6804 1830 0
6797 1837 0
6789 1844 0
6780 1848 0
6771 1850 0
6763 1851 0
6755 1850 0
6746 1848 0
6737 1846 0
6731 1844 0
6725 1838 0
6722 1831 0
6721 1824 0
6722 1818 0
6724 1812 0
6731 1806 0
6737 1800 0
6743 1796 0
6752 1793 0
6762 1791 0
6773 1790 0
6785 1791 0
6792 1793 0
6799 1799 0
6807 1806 0
6811 1812 0
6814 1818 0
6820 1821 0
.PEN_UP
.PEN_DOWN
6841 1593 0
6841 1586 0
6842 1582 0
6842 1579 0
6843 1574 0
6844 1571 0
6844 1565 0
6846 1558 0
6847 1551 0
6848 1546 0
6848 1542 0
6848 1537 0
6847 1532 0
6847 1527 0
6849 1521 0
6850 1516 0
6852 1510 0
6853 1502 0
6856 1489 0
6859 1478 0
6860 1466 0
6860 1457 0
6860 1451 0
6859 1444 0
6858 1440 0
6862 1437 0
6865 1434 0
6868 1431 0
6874 1427 0
6880 1425 0
6884 1424 0
6887 1423 0
6890 1427 0
6891 1430 0
6891 1433 0
6892 1439 0
6893 1442 0
6895 1446 0
6895 1449 0
6895 1449 0
.PEN_UP
