.VERSION 1.0 
.HIERARCHY CHARACTER
.COORD X Y T
.SEGMENT CHARACTER 0-5 OK "8"
.H_LINE 2999 3874
.V_LINE 5000 5750
.X_DIM 750
.Y_DIM 874
.X_POINTS_PER_INCH 1000
.Y_POINTS_PER_INCH 1000
.POINTS_PER_SECOND 125
.COMMENT CALIB X: 78 Y: -51

.WRITER_INFO
 Name: B. SRIMANARAYANA
 WriterId: 5
 Hand: right
 EducationLevel: post graduate
 Gender: male
 Profession: student
 Region: prakasam
 Age: 27
 DeviceType: digimemo a402
 SkillDevice: average
 Language: hindi
 Script: indic
 Native: false
 Style: discrete
 UsageFreq: rarely
 Proficiency: average
 Date: 2007-6-11
 WritingInProfession: no

.PEN_DOWN
5298 3258 0
5302 3259 0
5307 3261 0
5312 3262 0
5319 3263 0
5328 3263 0
5343 3261 0
5365 3257 0
5393 3252 0
5422 3248 0
5450 3244 0
5474 3241 0
5491 3239 0
5501 3238 0
5506 3238 0
5505 3244 0
5502 3251 0
.PEN_UP
.PEN_DOWN
5336 3287 0
5335 3290 0
5334 3293 0
5334 3296 0
5334 3302 0
5333 3309 0
5332 3318 0
5331 3325 0
5330 3332 0
5329 3338 0
5329 3343 0
5328 3347 0
5327 3350 0
5327 3353 0
5326 3356 0
5324 3359 0
5325 3362 0
5326 3365 0
5325 3370 0
5324 3373 0
5322 3376 0
5320 3379 0
5323 3382 0
5329 3383 0
5335 3385 0
5344 3384 0
5355 3385 0
5364 3387 0
5373 3387 0
5383 3388 0
5393 3388 0
5403 3389 0
5415 3391 0
5427 3393 0
5439 3396 0
5449 3400 0
5457 3404 0
5463 3405 0
5466 3409 0
5468 3412 0
5470 3416 0
5473 3421 0
5476 3425 0
5479 3428 0
5482 3432 0
5485 3435 0
5490 3437 0
5497 3442 0
5500 3440 0
.PEN_UP
.PEN_DOWN
5417 3253 0
5417 3273 0
5414 3269 0
.PEN_UP
.PEN_DOWN
5421 3405 0
5423 3402 0
5425 3399 0
5428 3399 0
5431 3397 0
5436 3395 0
5439 3398 0
5443 3401 0
5449 3404 0
5457 3406 0
5462 3407 0
5465 3410 0
5467 3413 0
5470 3416 0
5473 3422 0
5476 3428 0
5479 3435 0
5482 3443 0
5488 3452 0
5493 3462 0
5498 3470 0
5502 3477 0
5505 3482 0
5508 3486 0
5511 3489 0
5512 3492 0
5516 3492 0
.PEN_UP
.PEN_DOWN
5427 3253 0
5422 3253 0
5419 3251 0
5417 3254 0
5416 3257 0
5415 3261 0
5414 3266 0
5414 3274 0
5414 3282 0
5415 3292 0
5415 3304 0
5414 3314 0
5413 3323 0
5413 3333 0
5412 3342 0
5412 3351 0
5412 3360 0
5411 3368 0
5411 3372 0
5411 3377 0
5412 3380 0
5412 3377 0
5408 3378 0
.PEN_UP
.PEN_DOWN
5481 3450 0
5482 3444 0
5482 3441 0
5483 3438 0
5484 3442 0
5486 3447 0
5488 3451 0
5491 3455 0
5493 3459 0
5494 3464 0
5493 3469 0
5492 3474 0
5490 3479 0
5487 3485 0
5483 3493 0
5476 3504 0
5468 3514 0
5459 3524 0
5451 3533 0
5441 3539 0
5435 3545 0
5428 3549 0
5418 3553 0
5407 3555 0
5397 3556 0
5391 3557 0
5386 3557 0
5380 3557 0
5372 3557 0
5364 3557 0
5360 3557 0
5357 3557 0
5354 3556 0
5349 3557 0
5345 3557 0
5340 3557 0
5340 3557 0
.PEN_UP
