.VERSION 1.0 
.HIERARCHY CHARACTER
.COORD X Y T
.SEGMENT CHARACTER 0-3 OK "13"
.H_LINE 4624 5499
.V_LINE 5000 5750
.X_DIM 750
.Y_DIM 874
.X_POINTS_PER_INCH 1000
.Y_POINTS_PER_INCH 1000
.POINTS_PER_SECOND 125
.COMMENT CALIB X: 73 Y: -27

.WRITER_INFO
 Name: B. SRIMANARAYANA
 WriterId: 5
 Hand: right
 EducationLevel: post graduate
 Gender: male
 Profession: student
 Region: prakasam
 Age: 27
 DeviceType: digimemo a402
 SkillDevice: average
 Language: hindi
 Script: indic
 Native: false
 Style: discrete
 UsageFreq: rarely
 Proficiency: average
 Date: 2007-6-11
 WritingInProfession: no

.PEN_DOWN
5223 4899 0
5226 4899 0
5230 4901 0
5239 4901 0
5252 4900 0
5271 4900 0
5291 4895 0
5315 4890 0
5341 4886 0
5375 4881 0
5412 4877 0
5451 4875 0
5482 4872 0
5505 4870 0
5517 4869 0
5523 4868 0
5526 4868 0
5521 4875 0
5510 4880 0
.PEN_UP
.PEN_DOWN
5291 4917 0
5293 4914 0
5298 4915 0
5303 4915 0
5307 4917 0
5313 4919 0
5318 4923 0
5319 4928 0
5320 4935 0
5319 4946 0
5316 4962 0
5311 4977 0
5306 4992 0
5300 5004 0
5291 5015 0
5281 5024 0
5270 5029 0
5261 5032 0
5253 5033 0
5248 5032 0
5245 5031 0
5242 5029 0
5240 5026 0
5243 5024 0
5247 5026 0
5251 5029 0
5256 5034 0
5260 5041 0
5265 5051 0
5269 5062 0
5273 5072 0
5276 5083 0
5280 5093 0
5283 5100 0
5285 5105 0
5287 5108 0
5289 5111 0
5289 5111 0
.PEN_UP
.PEN_DOWN
5380 4945 0
5378 4942 0
5374 4940 0
5370 4939 0
5366 4939 0
5360 4941 0
5354 4944 0
5347 4947 0
5339 4953 0
5331 4958 0
5324 4965 0
5317 4971 0
5314 4977 0
5312 4984 0
5311 4992 0
5313 5000 0
5318 5010 0
5325 5020 0
5332 5027 0
5340 5031 0
5349 5031 0
5359 5026 0
5369 5020 0
5378 5012 0
5386 5002 0
5392 4990 0
5397 4977 0
5399 4965 0
5399 4956 0
5395 4947 0
5387 4940 0
5377 4936 0
5366 4934 0
5357 4934 0
5350 4935 0
5345 4937 0
5343 4922 0
.PEN_UP
.PEN_DOWN
5412 4892 0
5411 4900 0
5408 4911 0
5406 4926 0
5402 4944 0
5400 4965 0
5396 4988 0
5390 5010 0
5383 5033 0
5376 5053 0
5368 5070 0
5363 5086 0
5360 5096 0
5357 5102 0
5358 5105 0
5362 5106 0
.PEN_UP
