.VERSION 1.0 
.HIERARCHY CHARACTER
.COORD X Y T
.SEGMENT CHARACTER 0-2 OK "20"
.H_LINE 7874 8750
.V_LINE 499 1250
.X_DIM 750
.Y_DIM 875
.X_POINTS_PER_INCH 1000
.Y_POINTS_PER_INCH 1000
.POINTS_PER_SECOND 125
.COMMENT CALIB X: -6 Y: -100

.WRITER_INFO
 Name: B. SRIMANARAYANA
 WriterId: 5
 Hand: right
 EducationLevel: post graduate
 Gender: male
 Profession: student
 Region: prakasam
 Age: 27
 DeviceType: digimemo a402
 SkillDevice: average
 Language: hindi
 Script: indic
 Native: false
 Style: discrete
 UsageFreq: rarely
 Proficiency: average
 Date: 2007-6-11
 WritingInProfession: no

.PEN_DOWN
740 8097 0
735 8096 0
731 8095 0
735 8094 0
741 8092 0
750 8091 0
763 8089 0
784 8087 0
810 8084 0
839 8081 0
869 8078 0
901 8074 0
933 8071 0
955 8068 0
971 8067 0
980 8066 0
985 8066 0
985 8069 0
981 8073 0
.PEN_UP
.PEN_DOWN
841 8090 0
838 8089 0
838 8095 0
840 8102 0
842 8110 0
843 8118 0
844 8125 0
844 8131 0
844 8138 0
843 8143 0
842 8146 0
841 8149 0
839 8153 0
836 8157 0
833 8160 0
830 8162 0
826 8165 0
822 8166 0
817 8167 0
810 8167 0
803 8168 0
795 8170 0
784 8172 0
775 8175 0
765 8177 0
759 8180 0
754 8183 0
751 8185 0
750 8189 0
749 8193 0
749 8198 0
748 8204 0
748 8211 0
749 8219 0
750 8227 0
752 8234 0
753 8240 0
757 8245 0
761 8248 0
766 8250 0
773 8250 0
782 8250 0
790 8249 0
797 8247 0
802 8247 0
805 8247 0
808 8246 0
811 8245 0
814 8244 0
818 8243 0
823 8242 0
827 8241 0
828 8244 0
828 8249 0
826 8256 0
824 8266 0
820 8279 0
815 8290 0
810 8300 0
804 8309 0
797 8318 0
790 8323 0
784 8327 0
778 8330 0
774 8332 0
769 8333 0
761 8333 0
755 8333 0
750 8333 0
746 8332 0
745 8329 0
748 8330 0
752 8332 0
757 8334 0
763 8338 0
768 8345 0
774 8354 0
781 8363 0
786 8370 0
790 8375 0
792 8378 0
795 8380 0
798 8380 0
802 8379 0
.PEN_UP
.PEN_DOWN
824 8257 0
827 8254 0
829 8251 0
832 8249 0
836 8250 0
846 8253 0
859 8254 0
870 8255 0
880 8255 0
890 8252 0
902 8246 0
916 8238 0
926 8229 0
934 8219 0
942 8204 0
951 8187 0
960 8166 0
969 8142 0
976 8122 0
982 8104 0
988 8090 0
992 8077 0
992 8071 0
992 8067 0
990 8071 0
988 8078 0
986 8090 0
983 8107 0
980 8124 0
976 8145 0
970 8170 0
964 8197 0
956 8225 0
949 8251 0
941 8275 0
934 8295 0
928 8313 0
922 8325 0
918 8334 0
916 8341 0
916 8345 0
916 8349 0
917 8352 0
918 8355 0
.PEN_UP
