.VERSION 1.0 
.HIERARCHY CHARACTER
.COORD X Y T
.SEGMENT CHARACTER 0-3 OK "21"
.H_LINE 7874 8750
.V_LINE 1999 2749
.X_DIM 749
.Y_DIM 875
.X_POINTS_PER_INCH 1000
.Y_POINTS_PER_INCH 1000
.POINTS_PER_SECOND 125
.COMMENT CALIB X: 2 Y: -83

.WRITER_INFO
 Name: B. SRIMANARAYANA
 WriterId: 5
 Hand: right
 EducationLevel: post graduate
 Gender: male
 Profession: student
 Region: prakasam
 Age: 27
 DeviceType: digimemo a402
 SkillDevice: average
 Language: hindi
 Script: indic
 Native: false
 Style: discrete
 UsageFreq: rarely
 Proficiency: average
 Date: 2007-6-11
 WritingInProfession: no

.PEN_DOWN
2236 8118 0
2240 8120 0
2244 8121 0
2249 8122 0
2259 8121 0
2269 8120 0
2285 8116 0
2313 8113 0
2346 8111 0
2382 8110 0
2418 8110 0
2447 8110 0
2469 8110 0
2485 8109 0
2495 8110 0
2500 8109 0
2503 8110 0
2499 8113 0
2491 8117 0
.PEN_UP
.PEN_DOWN
2265 8229 0
2268 8226 0
2271 8222 0
2276 8219 0
2282 8217 0
2286 8216 0
2290 8216 0
2293 8216 0
2296 8216 0
2299 8218 0
2302 8221 0
2306 8224 0
2312 8228 0
2318 8232 0
2324 8237 0
2330 8243 0
2334 8247 0
2337 8252 0
2339 8257 0
2339 8262 0
2339 8268 0
2337 8278 0
2332 8289 0
2325 8300 0
2316 8310 0
2307 8320 0
2296 8328 0
2287 8334 0
2277 8338 0
2268 8341 0
2260 8343 0
2254 8344 0
2249 8343 0
2244 8343 0
2241 8342 0
2238 8340 0
2236 8337 0
2236 8334 0
2236 8334 0
.PEN_UP
.PEN_DOWN
2339 8261 0
2342 8261 0
2345 8262 0
2349 8263 0
2355 8264 0
2363 8265 0
2374 8264 0
2389 8262 0
2403 8261 0
2412 8260 0
2417 8260 0
2420 8260 0
2420 8260 0
.PEN_UP
.PEN_DOWN
2432 8145 0
2434 8142 0
2433 8146 0
2433 8151 0
2432 8158 0
2431 8171 0
2431 8189 0
2429 8210 0
2425 8236 0
2418 8260 0
2412 8282 0
2405 8302 0
2399 8320 0
2390 8335 0
2384 8346 0
2379 8359 0
2374 8372 0
2368 8382 0
2365 8388 0
2364 8392 0
2363 8395 0
2363 8395 0
.PEN_UP
