.VERSION 1.0 
.HIERARCHY CHARACTER
.COORD X Y T
.SEGMENT CHARACTER 0-1 OK "24"
.H_LINE 7874 8750
.V_LINE 6500 7250
.X_DIM 750
.Y_DIM 875
.X_POINTS_PER_INCH 1000
.Y_POINTS_PER_INCH 1000
.POINTS_PER_SECOND 125
.COMMENT CALIB X: 61 Y: -52

.WRITER_INFO
 Name: B. SRIMANARAYANA
 WriterId: 5
 Hand: right
 EducationLevel: post graduate
 Gender: male
 Profession: student
 Region: prakasam
 Age: 27
 DeviceType: digimemo a402
 SkillDevice: average
 Language: hindi
 Script: indic
 Native: false
 Style: discrete
 UsageFreq: rarely
 Proficiency: average
 Date: 2007-6-11
 WritingInProfession: no

.PEN_DOWN
6838 8138 0
6841 8139 0
6846 8141 0
6855 8140 0
6866 8141 0
6880 8141 0
6898 8140 0
6921 8139 0
6952 8137 0
6983 8135 0
7005 8131 0
7024 8129 0
7035 8129 0
7043 8128 0
7047 8126 0
7039 8129 0
.PEN_UP
.PEN_DOWN
6958 8148 0
6956 8145 0
6953 8144 0
6952 8141 0
6951 8145 0
6951 8148 0
6951 8153 0
6951 8158 0
6952 8163 0
6952 8168 0
6953 8173 0
6954 8180 0
6954 8184 0
6955 8191 0
6955 8199 0
6955 8206 0
6953 8212 0
6953 8216 0
6952 8219 0
6949 8219 0
6946 8220 0
6943 8217 0
6940 8215 0
6935 8212 0
6929 8210 0
6924 8209 0
6919 8209 0
6914 8209 0
6909 8208 0
6905 8208 0
6901 8207 0
6898 8206 0
6893 8206 0
6890 8206 0
6887 8206 0
6884 8207 0
6879 8210 0
6874 8213 0
6870 8214 0
6866 8216 0
6862 8219 0
6857 8222 0
6852 8223 0
6847 8226 0
6844 8228 0
6841 8231 0
6839 8234 0
6837 8239 0
6835 8247 0
6834 8255 0
6832 8262 0
6833 8270 0
6834 8277 0
6835 8283 0
6838 8288 0
6842 8293 0
6851 8295 0
6861 8299 0
6872 8301 0
6884 8301 0
6894 8300 0
6907 8299 0
6917 8299 0
6927 8296 0
6937 8293 0
6946 8292 0
6954 8290 0
6960 8289 0
6963 8289 0
6964 8293 0
6966 8298 0
6965 8305 0
6965 8313 0
6962 8321 0
6958 8330 0
6954 8340 0
6949 8348 0
6943 8356 0
6936 8365 0
6926 8372 0
6917 8378 0
6906 8386 0
6895 8390 0
6883 8394 0
6873 8395 0
6863 8398 0
6854 8400 0
6843 8400 0
6831 8397 0
6819 8395 0
6810 8391 0
6803 8385 0
6798 8379 0
6792 8366 0
6786 8353 0
6783 8343 0
6779 8337 0
6776 8331 0
6773 8325 0
6771 8320 0
6769 8316 0
6768 8313 0
6768 8310 0
6769 8307 0
6771 8304 0
6771 8304 0
.PEN_UP
