.VERSION 1.0 
.HIERARCHY CHARACTER
.COORD X Y T
.SEGMENT CHARACTER 0-3 OK "47"
.H_LINE 6249 7124
.V_LINE 3500 4250
.X_DIM 750
.Y_DIM 875
.X_POINTS_PER_INCH 1000
.Y_POINTS_PER_INCH 1000
.POINTS_PER_SECOND 125
.COMMENT CALIB X: 32 Y: -45

.WRITER_INFO
 Name: B. SRIMANARAYANA
 WriterId: 5
 Hand: right
 EducationLevel: post graduate
 Gender: male
 Profession: student
 Region: prakasam
 Age: 27
 DeviceType: digimemo a402
 SkillDevice: average
 Language: hindi
 Script: indic
 Native: false
 Style: discrete
 UsageFreq: rarely
 Proficiency: average
 Date: 2007-6-11
 WritingInProfession: no

.PEN_DOWN
3784 6538 0
3784 6535 0
3790 6533 0
3798 6531 0
3807 6528 0
3826 6526 0
3852 6524 0
3881 6519 0
3917 6514 0
3953 6510 0
3985 6505 0
4012 6500 0
4033 6495 0
4048 6492 0
4056 6490 0
4060 6489 0
4058 6492 0
4049 6493 0
.PEN_UP
.PEN_DOWN
4025 6521 0
4026 6517 0
4026 6514 0
4026 6518 0
4024 6528 0
4023 6541 0
4022 6557 0
4021 6574 0
4019 6592 0
4017 6612 0
4015 6629 0
4012 6647 0
4010 6664 0
4008 6684 0
4005 6704 0
4001 6726 0
3997 6748 0
3990 6767 0
3986 6784 0
3980 6795 0
3977 6802 0
3975 6805 0
3972 6801 0
.PEN_UP
.PEN_DOWN
3798 6643 0
3803 6642 0
3809 6642 0
3821 6641 0
3836 6640 0
3859 6637 0
3890 6634 0
3922 6629 0
3956 6623 0
3985 6619 0
4004 6616 0
4015 6614 0
4019 6614 0
4018 6617 0
4016 6620 0
4015 6623 0
.PEN_UP
.PEN_DOWN
3847 6647 0
3856 6646 0
3866 6645 0
3876 6645 0
3885 6646 0
3892 6647 0
3897 6649 0
3899 6654 0
3900 6660 0
3899 6669 0
3896 6682 0
3891 6695 0
3884 6707 0
3877 6717 0
3870 6725 0
3861 6731 0
3850 6737 0
3839 6740 0
3831 6741 0
3825 6742 0
3818 6742 0
3811 6742 0
3808 6740 0
3805 6739 0
3808 6738 0
3813 6737 0
3820 6739 0
3826 6742 0
3831 6748 0
3834 6757 0
3837 6771 0
3841 6787 0
3845 6802 0
3848 6816 0
3851 6828 0
3854 6837 0
3859 6842 0
3864 6843 0
3871 6845 0
.PEN_UP
