.VERSION 1.0 
.HIERARCHY CHARACTER
.COORD X Y T
.SEGMENT CHARACTER 0-2 OK "66"
.H_LINE 2999 3874
.V_LINE 1999 2749
.X_DIM 749
.Y_DIM 874
.X_POINTS_PER_INCH 1000
.Y_POINTS_PER_INCH 1000
.POINTS_PER_SECOND 125
.COMMENT CALIB X: 33 Y: -110

.WRITER_INFO
 Name: B. SRIMANARAYANA
 WriterId: 5
 Hand: right
 EducationLevel: post graduate
 Gender: male
 Profession: student
 Region: prakasam
 Age: 27
 DeviceType: digimemo a402
 SkillDevice: average
 Language: hindi
 Script: indic
 Native: false
 Style: discrete
 UsageFreq: rarely
 Proficiency: average
 Date: 2007-6-11
 WritingInProfession: no

.PEN_DOWN
2242 3281 0
2245 3279 0
2252 3278 0
2262 3278 0
2278 3276 0
2295 3274 0
2314 3271 0
2337 3268 0
2364 3265 0
2397 3264 0
2424 3262 0
2445 3260 0
2462 3259 0
2477 3258 0
2488 3257 0
2494 3257 0
2497 3257 0
2494 3263 0
2485 3267 0
.PEN_UP
.PEN_DOWN
2284 3291 0
2285 3288 0
2288 3287 0
2292 3291 0
2296 3298 0
2300 3305 0
2304 3312 0
2307 3319 0
2308 3327 0
2307 3336 0
2305 3346 0
2302 3356 0
2297 3365 0
2289 3375 0
2280 3380 0
2271 3384 0
2261 3387 0
2250 3388 0
2241 3388 0
2233 3387 0
2227 3385 0
2224 3384 0
2227 3384 0
2234 3385 0
2244 3389 0
2256 3395 0
2267 3403 0
2277 3412 0
2283 3422 0
2288 3435 0
2293 3452 0
2297 3467 0
2299 3479 0
2301 3490 0
2302 3500 0
2303 3508 0
2304 3512 0
2306 3516 0
2309 3520 0
.PEN_UP
.PEN_DOWN
2367 3324 0
2364 3323 0
2361 3322 0
2358 3321 0
2355 3321 0
2352 3320 0
2348 3319 0
2344 3319 0
2340 3319 0
2336 3319 0
2332 3320 0
2328 3322 0
2322 3326 0
2316 3331 0
2311 3337 0
2308 3343 0
2306 3351 0
2305 3358 0
2305 3365 0
2308 3371 0
2313 3376 0
2321 3380 0
2334 3383 0
2351 3383 0
2368 3382 0
2380 3380 0
2386 3378 0
2390 3376 0
2391 3371 0
2390 3363 0
2389 3355 0
2388 3347 0
2386 3339 0
2380 3332 0
2373 3326 0
2366 3322 0
2359 3320 0
2353 3319 0
2349 3319 0
2349 3319 0
.PEN_UP
