.VERSION 1.0 
.HIERARCHY CHARACTER
.COORD X Y T
.SEGMENT CHARACTER 0-4 OK "100"
.H_LINE 4624 5499
.V_LINE 499 1250
.X_DIM 750
.Y_DIM 874
.X_POINTS_PER_INCH 1000
.Y_POINTS_PER_INCH 1000
.POINTS_PER_SECOND 125
.COMMENT CALIB X: 31 Y: -95

.WRITER_INFO
 Name: B. SRIMANARAYANA
 WriterId: 5
 Hand: right
 EducationLevel: post graduate
 Gender: male
 Profession: student
 Region: prakasam
 Age: 27
 DeviceType: digimemo a402
 SkillDevice: average
 Language: hindi
 Script: indic
 Native: false
 Style: discrete
 UsageFreq: rarely
 Proficiency: average
 Date: 2007-6-11
 WritingInProfession: no

.PEN_DOWN
759 5023 0
757 5015 0
756 5010 0
757 5007 0
761 5005 0
770 5004 0
779 5004 0
789 5004 0
800 5003 0
812 5002 0
821 5000 0
838 4998 0
860 4997 0
883 4996 0
907 4995 0
926 4994 0
941 4993 0
950 4992 0
955 4992 0
951 4998 0
.PEN_UP
.PEN_DOWN
856 5045 0
856 5033 0
855 5027 0
855 5022 0
855 5019 0
858 5019 0
861 5020 0
864 5022 0
867 5026 0
870 5031 0
873 5036 0
875 5041 0
877 5047 0
880 5054 0
881 5061 0
881 5067 0
881 5071 0
881 5074 0
878 5074 0
874 5073 0
870 5071 0
866 5070 0
861 5070 0
854 5069 0
848 5068 0
843 5068 0
837 5068 0
832 5068 0
826 5068 0
821 5068 0
815 5069 0
810 5070 0
806 5070 0
803 5071 0
800 5072 0
798 5075 0
794 5080 0
791 5083 0
789 5086 0
787 5089 0
785 5093 0
783 5097 0
781 5102 0
780 5105 0
779 5108 0
779 5112 0
779 5116 0
779 5119 0
779 5124 0
779 5130 0
779 5135 0
780 5141 0
780 5145 0
782 5149 0
783 5152 0
785 5155 0
787 5158 0
790 5163 0
794 5168 0
798 5173 0
802 5178 0
806 5183 0
810 5187 0
814 5191 0
818 5194 0
822 5197 0
827 5200 0
832 5203 0
838 5204 0
845 5206 0
853 5207 0
860 5208 0
867 5209 0
873 5210 0
876 5210 0
879 5208 0
882 5206 0
886 5202 0
892 5198 0
898 5193 0
904 5188 0
908 5183 0
912 5178 0
914 5174 0
916 5171 0
916 5167 0
915 5164 0
912 5162 0
909 5160 0
906 5159 0
903 5160 0
900 5161 0
897 5162 0
897 5165 0
897 5165 0
.PEN_UP
.PEN_DOWN
808 5206 0
809 5203 0
810 5200 0
809 5197 0
806 5195 0
803 5194 0
800 5196 0
796 5197 0
793 5198 0
790 5200 0
788 5204 0
786 5209 0
783 5214 0
779 5218 0
776 5221 0
774 5224 0
772 5227 0
771 5230 0
769 5233 0
768 5236 0
766 5239 0
765 5243 0
764 5247 0
763 5251 0
762 5257 0
761 5265 0
759 5271 0
758 5276 0
758 5280 0
759 5283 0
762 5286 0
766 5288 0
771 5291 0
777 5293 0
784 5295 0
791 5297 0
799 5298 0
807 5299 0
817 5301 0
827 5302 0
838 5303 0
848 5303 0
860 5304 0
869 5304 0
876 5303 0
882 5302 0
886 5301 0
889 5300 0
892 5298 0
892 5295 0
892 5288 0
892 5288 0
.PEN_UP
.PEN_DOWN
868 5306 0
872 5305 0
876 5302 0
884 5299 0
891 5297 0
897 5294 0
902 5291 0
907 5286 0
915 5281 0
920 5278 0
924 5275 0
927 5273 0
930 5271 0
931 5268 0
935 5265 0
.PEN_UP
.PEN_DOWN
886 5215 0
891 5217 0
898 5220 0
904 5225 0
912 5230 0
921 5236 0
932 5243 0
945 5251 0
959 5259 0
976 5268 0
994 5275 0
1009 5281 0
1020 5285 0
1028 5288 0
1034 5290 0
1038 5291 0
1038 5291 0
.PEN_UP
