.VERSION 1.0 
.HIERARCHY CHARACTER
.COORD X Y T
.SEGMENT CHARACTER 0-4 OK "108"
.H_LINE 6249 7124
.V_LINE 5000 5750
.X_DIM 750
.Y_DIM 875
.X_POINTS_PER_INCH 1000
.Y_POINTS_PER_INCH 1000
.POINTS_PER_SECOND 125
.COMMENT CALIB X: 67 Y: -55

.WRITER_INFO
 Name: B. SRIMANARAYANA
 WriterId: 5
 Hand: right
 EducationLevel: post graduate
 Gender: male
 Profession: student
 Region: prakasam
 Age: 27
 DeviceType: digimemo a402
 SkillDevice: average
 Language: hindi
 Script: indic
 Native: false
 Style: discrete
 UsageFreq: rarely
 Proficiency: average
 Date: 2007-6-11
 WritingInProfession: no

.PEN_DOWN
5328 6557 0
5325 6555 0
5329 6554 0
5333 6554 0
5337 6553 0
5347 6550 0
5364 6548 0
5389 6543 0
5417 6540 0
5447 6535 0
5477 6532 0
5501 6529 0
5519 6527 0
5530 6525 0
5536 6525 0
5539 6525 0
5537 6529 0
5531 6531 0
.PEN_UP
.PEN_DOWN
5460 6551 0
5457 6551 0
5454 6551 0
5453 6554 0
5452 6559 0
5453 6563 0
5454 6569 0
5454 6575 0
5454 6582 0
5455 6590 0
5456 6598 0
5456 6605 0
5455 6610 0
5454 6615 0
5454 6620 0
5454 6623 0
5451 6623 0
5447 6623 0
5443 6622 0
5438 6622 0
5430 6621 0
5421 6621 0
5412 6620 0
5406 6618 0
5400 6618 0
5393 6619 0
5386 6619 0
5379 6621 0
5372 6621 0
5368 6620 0
5365 6621 0
5362 6623 0
5358 6626 0
5353 6630 0
5349 6635 0
5344 6640 0
5341 6643 0
5339 6646 0
5338 6649 0
5336 6652 0
5338 6655 0
5340 6661 0
5343 6665 0
5346 6669 0
5350 6672 0
5356 6675 0
5363 6678 0
5369 6681 0
5373 6683 0
5379 6684 0
5390 6686 0
5403 6687 0
5417 6688 0
5430 6688 0
5443 6687 0
5452 6687 0
5459 6686 0
5456 6686 0
5453 6686 0
5449 6686 0
5444 6686 0
5437 6687 0
5432 6688 0
5428 6688 0
5425 6688 0
5422 6689 0
5419 6689 0
5418 6686 0
5419 6680 0
.PEN_UP
.PEN_DOWN
5433 6702 0
5430 6700 0
5427 6699 0
5427 6699 0
.PEN_UP
.PEN_DOWN
5410 6716 0
5408 6712 0
5407 6709 0
5406 6706 0
5403 6703 0
5400 6701 0
5397 6700 0
5394 6699 0
5390 6699 0
5387 6699 0
5384 6700 0
5381 6702 0
5375 6706 0
5369 6711 0
5362 6718 0
5354 6726 0
5346 6733 0
5340 6741 0
5337 6749 0
5335 6755 0
5334 6761 0
5334 6768 0
5334 6777 0
5336 6787 0
5339 6797 0
5341 6808 0
5345 6817 0
5351 6825 0
5359 6831 0
5369 6836 0
5383 6839 0
5399 6839 0
5416 6839 0
5432 6839 0
5445 6838 0
5454 6837 0
5459 6837 0
5459 6837 0
.PEN_UP
.PEN_DOWN
5456 6763 0
5452 6763 0
5453 6759 0
5458 6754 0
5464 6749 0
5472 6744 0
5479 6740 0
5483 6737 0
5485 6734 0
5486 6731 0
5486 6728 0
5485 6724 0
5484 6720 0
5483 6717 0
5481 6714 0
5478 6711 0
5475 6709 0
5471 6707 0
5462 6705 0
5450 6704 0
5439 6702 0
5431 6702 0
5423 6704 0
5415 6706 0
5409 6709 0
5405 6711 0
5403 6714 0
5400 6716 0
5399 6722 0
5399 6733 0
5397 6744 0
5397 6755 0
5398 6767 0
5403 6777 0
5410 6786 0
5423 6793 0
5445 6798 0
5475 6799 0
5508 6800 0
5538 6798 0
5562 6796 0
5580 6794 0
5593 6792 0
5600 6791 0
5604 6790 0
5602 6793 0
.PEN_UP
