.VERSION 1.0 
.HIERARCHY CHARACTER
.COORD X Y T
.SEGMENT CHARACTER 0-2 OK "44"
.H_LINE 4624 5499
.V_LINE 6500 7250
.X_DIM 750
.Y_DIM 874
.X_POINTS_PER_INCH 1000
.Y_POINTS_PER_INCH 1000
.POINTS_PER_SECOND 125
.COMMENT CALIB X: -54 Y: 28

.WRITER_INFO
 Name: DIVIJ DESAI
 WriterId: 81
 Hand: right
 EducationLevel: post graduate
 Gender: male
 Profession: student
 Region: mumbai
 Age: 23
 DeviceType: digimemo a402
 SkillDevice: average
 Language: hindi
 Script: indic
 Native: true
 Style: discrete
 UsageFreq: once a week
 Proficiency: average
 Date: 2007-6-30
 WritingInProfession: no

.PEN_DOWN
6899 4983 0
6898 4987 0
6899 4994 0
6903 5004 0
6906 5015 0
6909 5025 0
6911 5038 0
6913 5048 0
6914 5058 0
6915 5067 0
6915 5074 0
6915 5078 0
6912 5075 0
6909 5072 0
6903 5068 0
6893 5063 0
6879 5061 0
6861 5062 0
6843 5064 0
6826 5066 0
6813 5068 0
6803 5071 0
6797 5073 0
6795 5076 0
6795 5081 0
6797 5086 0
6801 5090 0
6808 5095 0
6819 5100 0
6831 5105 0
6844 5108 0
6857 5111 0
6871 5115 0
6884 5119 0
6895 5124 0
6904 5129 0
6910 5134 0
6912 5140 0
6912 5147 0
6909 5153 0
6903 5160 0
6897 5165 0
6891 5168 0
6885 5171 0
6879 5172 0
6874 5172 0
6870 5171 0
6865 5168 0
6863 5161 0
.PEN_UP
.PEN_DOWN
6868 5126 0
6861 5123 0
6856 5121 0
6852 5119 0
6848 5118 0
6844 5118 0
6841 5119 0
6836 5121 0
6832 5126 0
6825 5133 0
6818 5143 0
6814 5155 0
6814 5170 0
6816 5185 0
6822 5199 0
6832 5213 0
6844 5223 0
6859 5229 0
6874 5229 0
6896 5222 0
.PEN_UP
.PEN_DOWN
6842 4979 0
6838 4977 0
6835 4975 0
6838 4975 0
6847 4975 0
6861 4976 0
6879 4976 0
6898 4974 0
6917 4972 0
6933 4970 0
6945 4968 0
6954 4967 0
6959 4970 0
6957 4966 0
.PEN_UP
