441.0,96.0
440.0,100.0
437.0,107.0
435.0,113.0
432.0,127.0
430.0,136.0
427.0,147.0
425.0,152.0
425.0,156.0
425.0,157.0
425.0,160.0
425.0,161.0
425.0,163.0
425.0,168.0
425.0,171.0
425.0,176.0
425.0,179.0
425.0,182.0
425.0,183.0
425.0,187.0
425.0,188.0
425.0,190.0
425.0,191.0
425.0,193.0
425.0,194.0
425.0,195.0
425.0,197.0
425.0,198.0
425.0,201.0
425.0,202.0
425.0,204.0
425.0,207.0
425.0,208.0
425.0,209.0
425.0,210.0
425.0,211.0
-1.0,-1.0
354.0,99.0
354.0,101.0
354.0,102.0
353.0,105.0
353.0,107.0
351.0,111.0
351.0,113.0
351.0,115.0
350.0,116.0
350.0,119.0
350.0,120.0
350.0,122.0
350.0,125.0
350.0,128.0
350.0,130.0
350.0,134.0
350.0,135.0
350.0,138.0
350.0,139.0
350.0,140.0
350.0,141.0
350.0,142.0
350.0,145.0
350.0,146.0
351.0,149.0
353.0,152.0
354.0,154.0
356.0,155.0
357.0,159.0
358.0,160.0
360.0,162.0
361.0,162.0
361.0,163.0
363.0,165.0
364.0,165.0
364.0,166.0
365.0,166.0
367.0,167.0
368.0,168.0
370.0,168.0
371.0,169.0
372.0,169.0
374.0,170.0
375.0,170.0
377.0,170.0
378.0,172.0
381.0,172.0
382.0,172.0
385.0,172.0
388.0,173.0
389.0,173.0
391.0,173.0
392.0,173.0
396.0,173.0
399.0,173.0
402.0,173.0
403.0,173.0
406.0,173.0
408.0,173.0
409.0,172.0
410.0,170.0
412.0,170.0
412.0,169.0
413.0,169.0
413.0,168.0
415.0,167.0
416.0,166.0
416.0,165.0
418.0,163.0
419.0,163.0
419.0,162.0
-1.0,-1.0
319.0,93.0
323.0,93.0
330.0,92.0
335.0,91.0
342.0,91.0
346.0,90.0
352.0,90.0
356.0,90.0
361.0,90.0
364.0,90.0
370.0,90.0
373.0,90.0
377.0,90.0
380.0,90.0
384.0,90.0
387.0,90.0
391.0,90.0
394.0,90.0
398.0,90.0
401.0,90.0
406.0,91.0
409.0,91.0
413.0,91.0
416.0,91.0
418.0,91.0
419.0,91.0
422.0,91.0
423.0,91.0
425.0,91.0
426.0,91.0
428.0,91.0
429.0,91.0
430.0,91.0
432.0,91.0
433.0,91.0
437.0,91.0
440.0,91.0
444.0,91.0
447.0,91.0
451.0,91.0
456.0,91.0
460.0,91.0
463.0,91.0
466.0,91.0
467.0,91.0
468.0,91.0
470.0,91.0
471.0,91.0
473.0,91.0
474.0,91.0
475.0,91.0
477.0,91.0
-1.0,-1.0
 
