260.0,127.0
260.0,129.0
262.0,133.0
264.0,137.0
266.0,139.0
269.0,142.0
270.0,145.0
274.0,147.0
275.0,150.0
278.0,154.0
279.0,156.0
282.0,159.0
284.0,161.0
287.0,164.0
289.0,165.0
293.0,168.0
296.0,169.0
298.0,169.0
302.0,170.0
304.0,170.0
308.0,168.0
311.0,168.0
316.0,168.0
318.0,166.0
321.0,165.0
325.0,164.0
327.0,162.0
330.0,160.0
334.0,157.0
336.0,155.0
338.0,152.0
340.0,150.0
342.0,146.0
343.0,143.0
343.0,139.0
343.0,136.0
344.0,133.0
344.0,129.0
344.0,125.0
342.0,123.0
342.0,121.0
342.0,118.0
342.0,116.0
342.0,114.0
343.0,116.0
344.0,118.0
344.0,122.0
345.0,126.0
345.0,130.0
345.0,132.0
345.0,136.0
345.0,140.0
345.0,142.0
345.0,145.0
346.0,147.0
346.0,149.0
346.0,152.0
347.0,154.0
347.0,156.0
347.0,159.0
348.0,161.0
349.0,165.0
349.0,168.0
349.0,170.0
350.0,174.0
351.0,178.0
351.0,180.0
352.0,182.0
352.0,185.0
352.0,187.0
353.0,190.0
353.0,192.0
353.0,194.0
354.0,197.0
355.0,199.0
356.0,203.0
358.0,207.0
358.0,209.0
360.0,209.0
-1.0,-1.0
220.0,118.0
222.0,118.0
226.0,118.0
228.0,118.0
231.0,118.0
234.0,118.0
237.0,118.0
241.0,118.0
243.0,118.0
247.0,118.0
249.0,118.0
254.0,118.0
258.0,118.0
265.0,118.0
268.0,116.0
272.0,117.0
274.0,117.0
276.0,117.0
279.0,117.0
283.0,118.0
285.0,116.0
289.0,116.0
294.0,116.0
297.0,116.0
301.0,116.0
304.0,116.0
308.0,116.0
312.0,116.0
314.0,116.0
320.0,114.0
324.0,114.0
328.0,112.0
332.0,112.0
335.0,112.0
339.0,112.0
343.0,110.0
347.0,110.0
353.0,111.0
355.0,111.0
357.0,112.0
361.0,110.0
364.0,110.0
366.0,111.0
370.0,111.0
372.0,109.0
376.0,109.0
378.0,109.0
379.0,109.0
-1.0,-1.0
 
