198.0,108.0
198.0,110.0
196.0,113.0
196.0,115.0
196.0,117.0
196.0,120.0
194.0,124.0
194.0,126.0
194.0,131.0
195.0,137.0
195.0,142.0
196.0,150.0
197.0,155.0
200.0,158.0
204.0,162.0
208.0,166.0
212.0,169.0
218.0,172.0
224.0,173.0
229.0,174.0
232.0,176.0
235.0,176.0
239.0,174.0
243.0,173.0
246.0,172.0
250.0,169.0
252.0,166.0
255.0,162.0
258.0,160.0
259.0,156.0
260.0,148.0
262.0,144.0
262.0,141.0
262.0,138.0
262.0,134.0
262.0,132.0
262.0,130.0
262.0,126.0
262.0,124.0
260.0,121.0
260.0,123.0
258.0,127.0
258.0,129.0
258.0,133.0
258.0,137.0
258.0,139.0
256.0,142.0
256.0,145.0
256.0,149.0
256.0,153.0
256.0,155.0
256.0,158.0
256.0,160.0
256.0,162.0
256.0,165.0
256.0,167.0
256.0,169.0
256.0,171.0
256.0,174.0
256.0,176.0
256.0,180.0
256.0,182.0
256.0,185.0
257.0,187.0
257.0,189.0
257.0,193.0
257.0,195.0
258.0,198.0
258.0,200.0
259.0,203.0
257.0,203.0
-1.0,-1.0
143.0,107.0
145.0,107.0
149.0,107.0
151.0,107.0
157.0,107.0
159.0,107.0
163.0,107.0
168.0,108.0
174.0,108.0
179.0,108.0
183.0,108.0
187.0,108.0
191.0,108.0
196.0,108.0
200.0,109.0
204.0,109.0
206.0,110.0
210.0,110.0
214.0,110.0
216.0,110.0
220.0,110.0
224.0,111.0
227.0,111.0
230.0,111.0
234.0,111.0
237.0,111.0
240.0,112.0
243.0,112.0
247.0,112.0
249.0,112.0
253.0,112.0
255.0,112.0
260.0,112.0
264.0,112.0
268.0,112.0
271.0,113.0
273.0,113.0
275.0,114.0
278.0,114.0
280.0,114.0
282.0,115.0
285.0,115.0
289.0,115.0
291.0,115.0
293.0,115.0
296.0,113.0
-1.0,-1.0
 
