452.0,60.0
451.0,64.0
449.0,72.0
447.0,80.0
445.0,95.0
445.0,103.0
443.0,116.0
441.0,122.0
441.0,126.0
441.0,128.0
441.0,131.0
438.0,137.0
438.0,142.0
438.0,145.0
438.0,148.0
438.0,151.0
438.0,154.0
437.0,157.0
437.0,159.0
437.0,163.0
437.0,165.0
437.0,169.0
437.0,171.0
437.0,175.0
437.0,176.0
437.0,178.0
437.0,179.0
437.0,180.0
437.0,182.0
437.0,183.0
437.0,184.0
437.0,185.0
437.0,186.0
-1.0,-1.0
377.0,52.0
377.0,55.0
377.0,56.0
377.0,58.0
375.0,61.0
375.0,63.0
375.0,64.0
374.0,68.0
374.0,71.0
373.0,75.0
373.0,78.0
371.0,81.0
371.0,83.0
371.0,85.0
371.0,88.0
371.0,89.0
371.0,91.0
371.0,92.0
371.0,95.0
371.0,97.0
371.0,99.0
371.0,101.0
371.0,104.0
371.0,105.0
371.0,109.0
371.0,110.0
373.0,113.0
374.0,116.0
375.0,118.0
377.0,121.0
378.0,123.0
380.0,124.0
381.0,125.0
382.0,126.0
384.0,128.0
385.0,129.0
388.0,130.0
389.0,131.0
391.0,132.0
392.0,133.0
394.0,133.0
395.0,135.0
397.0,135.0
399.0,136.0
401.0,136.0
402.0,136.0
404.0,137.0
406.0,137.0
408.0,137.0
411.0,137.0
412.0,137.0
416.0,137.0
418.0,137.0
420.0,137.0
423.0,137.0
426.0,137.0
427.0,137.0
429.0,137.0
430.0,137.0
432.0,137.0
433.0,136.0
436.0,135.0
437.0,133.0
439.0,132.0
440.0,132.0
442.0,131.0
442.0,130.0
-1.0,-1.0
323.0,56.0
326.0,56.0
330.0,56.0
334.0,56.0
340.0,56.0
344.0,56.0
350.0,56.0
355.0,55.0
361.0,55.0
364.0,55.0
369.0,55.0
372.0,55.0
378.0,54.0
381.0,54.0
384.0,54.0
385.0,54.0
389.0,54.0
393.0,54.0
398.0,54.0
402.0,54.0
405.0,54.0
409.0,54.0
412.0,53.0
416.0,53.0
419.0,53.0
423.0,53.0
424.0,53.0
429.0,53.0
430.0,53.0
431.0,53.0
433.0,53.0
434.0,53.0
437.0,52.0
438.0,52.0
441.0,52.0
444.0,52.0
447.0,52.0
450.0,51.0
453.0,51.0
455.0,51.0
458.0,51.0
464.0,51.0
469.0,51.0
474.0,51.0
476.0,51.0
479.0,51.0
482.0,51.0
483.0,51.0
485.0,51.0
488.0,51.0
489.0,51.0
491.0,51.0
492.0,51.0
493.0,51.0
-1.0,-1.0
 
