168.0,166.0
168.0,168.0
168.0,170.0
168.0,176.0
168.0,180.0
168.0,185.0
169.0,189.0
170.0,194.0
172.0,198.0
173.0,204.0
174.0,208.0
177.0,212.0
179.0,214.0
184.0,217.0
189.0,220.0
192.0,221.0
197.0,221.0
201.0,221.0
205.0,219.0
211.0,216.0
216.0,215.0
219.0,211.0
225.0,208.0
229.0,204.0
233.0,200.0
237.0,196.0
241.0,191.0
244.0,185.0
247.0,183.0
248.0,180.0
249.0,176.0
251.0,174.0
251.0,177.0
251.0,183.0
251.0,185.0
251.0,187.0
252.0,193.0
252.0,195.0
252.0,199.0
252.0,204.0
252.0,208.0
252.0,212.0
253.0,216.0
253.0,220.0
253.0,224.0
253.0,229.0
253.0,233.0
253.0,237.0
253.0,241.0
254.0,243.0
254.0,247.0
255.0,249.0
256.0,252.0
256.0,254.0
257.0,251.0
257.0,249.0
-1.0,-1.0
126.0,168.0
130.0,169.0
132.0,169.0
136.0,169.0
140.0,170.0
144.0,170.0
151.0,170.0
155.0,170.0
160.0,170.0
164.0,170.0
169.0,170.0
175.0,170.0
178.0,170.0
184.0,168.0
186.0,168.0
190.0,168.0
193.0,169.0
196.0,169.0
199.0,169.0
203.0,169.0
205.0,170.0
210.0,170.0
213.0,170.0
215.0,170.0
219.0,170.0
221.0,170.0
225.0,170.0
229.0,170.0
233.0,170.0
235.0,171.0
241.0,171.0
244.0,171.0
248.0,171.0
254.0,171.0
259.0,171.0
264.0,171.0
268.0,171.0
276.0,171.0
280.0,171.0
282.0,171.0
284.0,171.0
287.0,172.0
289.0,170.0
292.0,170.0
294.0,170.0
291.0,170.0
289.0,168.0
-1.0,-1.0
 
