67.0,121.0
64.0,126.0
63.0,131.0
60.0,140.0
60.0,145.0
58.0,153.0
58.0,159.0
56.0,164.0
56.0,167.0
56.0,171.0
56.0,173.0
56.0,175.0
56.0,178.0
56.0,180.0
56.0,182.0
58.0,185.0
59.0,187.0
62.0,189.0
65.0,192.0
67.0,195.0
70.0,198.0
74.0,200.0
77.0,201.0
81.0,203.0
84.0,203.0
86.0,203.0
89.0,205.0
91.0,206.0
96.0,206.0
100.0,206.0
104.0,206.0
107.0,206.0
111.0,206.0
114.0,206.0
118.0,206.0
121.0,206.0
125.0,206.0
128.0,205.0
132.0,202.0
134.0,200.0
138.0,196.0
139.0,194.0
143.0,192.0
145.0,189.0
148.0,186.0
149.0,185.0
150.0,181.0
152.0,179.0
155.0,174.0
156.0,172.0
158.0,167.0
159.0,165.0
159.0,161.0
160.0,160.0
162.0,156.0
162.0,155.0
162.0,153.0
162.0,152.0
162.0,151.0
162.0,149.0
162.0,148.0
162.0,147.0
162.0,146.0
162.0,145.0
162.0,144.0
162.0,141.0
160.0,140.0
160.0,139.0
160.0,138.0
160.0,136.0
159.0,135.0
159.0,134.0
159.0,135.0
159.0,136.0
159.0,138.0
159.0,140.0
159.0,142.0
159.0,146.0
159.0,148.0
159.0,149.0
159.0,152.0
159.0,153.0
159.0,156.0
159.0,159.0
159.0,162.0
159.0,165.0
159.0,168.0
159.0,171.0
159.0,174.0
159.0,176.0
159.0,180.0
159.0,181.0
159.0,185.0
159.0,187.0
159.0,190.0
159.0,193.0
159.0,198.0
159.0,200.0
158.0,205.0
158.0,208.0
158.0,210.0
158.0,213.0
158.0,215.0
158.0,220.0
158.0,222.0
158.0,227.0
158.0,229.0
158.0,233.0
158.0,235.0
158.0,237.0
158.0,239.0
158.0,240.0
158.0,241.0
158.0,242.0
158.0,243.0
158.0,244.0
158.0,246.0
158.0,247.0
158.0,248.0
158.0,249.0
158.0,250.0
158.0,251.0
158.0,253.0
158.0,254.0
158.0,255.0
-1.0,-1.0
158.0,264.0
159.0,264.0
159.0,266.0
159.0,267.0
159.0,268.0
160.0,268.0
160.0,269.0
162.0,269.0
-1.0,-1.0
31.0,119.0
33.0,119.0
36.0,119.0
38.0,119.0
43.0,119.0
45.0,119.0
51.0,120.0
55.0,120.0
64.0,120.0
68.0,120.0
76.0,120.0
81.0,120.0
88.0,120.0
92.0,120.0
98.0,120.0
102.0,120.0
107.0,121.0
112.0,121.0
117.0,122.0
120.0,122.0
124.0,124.0
127.0,124.0
129.0,125.0
130.0,125.0
133.0,125.0
137.0,125.0
140.0,125.0
143.0,125.0
145.0,126.0
148.0,126.0
151.0,126.0
154.0,126.0
157.0,126.0
159.0,126.0
162.0,126.0
165.0,126.0
167.0,126.0
169.0,126.0
172.0,126.0
174.0,126.0
175.0,126.0
176.0,127.0
178.0,127.0
179.0,127.0
-1.0,-1.0
183.0,128.0
185.0,128.0
186.0,129.0
-1.0,-1.0
196.0,152.0
197.0,152.0
197.0,153.0
-1.0,-1.0
 
