122.0,87.0
121.0,93.0
119.0,96.0
117.0,106.0
115.0,116.0
112.0,130.0
112.0,138.0
110.0,145.0
110.0,147.0
108.0,150.0
108.0,151.0
108.0,153.0
108.0,156.0
108.0,157.0
108.0,158.0
108.0,159.0
108.0,163.0
110.0,165.0
111.0,170.0
112.0,171.0
114.0,174.0
115.0,177.0
118.0,179.0
119.0,181.0
122.0,184.0
124.0,185.0
126.0,187.0
128.0,189.0
131.0,190.0
132.0,191.0
135.0,192.0
138.0,192.0
142.0,193.0
145.0,194.0
148.0,196.0
150.0,196.0
153.0,197.0
156.0,197.0
160.0,197.0
164.0,198.0
169.0,198.0
171.0,198.0
176.0,198.0
177.0,198.0
180.0,198.0
181.0,198.0
183.0,198.0
186.0,198.0
187.0,198.0
190.0,197.0
193.0,196.0
195.0,194.0
197.0,193.0
200.0,192.0
201.0,191.0
202.0,189.0
204.0,187.0
207.0,186.0
207.0,185.0
208.0,183.0
209.0,180.0
211.0,179.0
212.0,178.0
214.0,176.0
214.0,173.0
-1.0,-1.0
217.0,79.0
217.0,82.0
217.0,86.0
217.0,90.0
217.0,98.0
217.0,102.0
215.0,112.0
215.0,117.0
214.0,127.0
214.0,135.0
214.0,140.0
214.0,144.0
214.0,149.0
214.0,152.0
214.0,156.0
214.0,158.0
214.0,161.0
214.0,164.0
214.0,167.0
214.0,170.0
214.0,173.0
214.0,174.0
214.0,178.0
214.0,180.0
214.0,184.0
214.0,186.0
214.0,188.0
214.0,190.0
214.0,191.0
214.0,193.0
214.0,194.0
214.0,197.0
214.0,199.0
214.0,200.0
214.0,202.0
214.0,204.0
214.0,205.0
214.0,207.0
214.0,208.0
214.0,210.0
214.0,211.0
214.0,212.0
214.0,213.0
214.0,215.0
214.0,218.0
214.0,219.0
214.0,220.0
214.0,221.0
214.0,224.0
214.0,227.0
214.0,231.0
214.0,234.0
214.0,237.0
214.0,239.0
214.0,241.0
214.0,244.0
215.0,245.0
215.0,246.0
215.0,247.0
-1.0,-1.0
87.0,77.0
90.0,77.0
95.0,77.0
99.0,77.0
109.0,77.0
115.0,77.0
119.0,76.0
123.0,76.0
130.0,75.0
149.0,70.0
160.0,68.0
172.0,66.0
177.0,66.0
188.0,64.0
196.0,64.0
211.0,63.0
221.0,63.0
235.0,63.0
243.0,63.0
259.0,63.0
269.0,61.0
284.0,61.0
292.0,59.0
300.0,59.0
304.0,58.0
309.0,58.0
312.0,58.0
316.0,58.0
318.0,58.0
319.0,58.0
-1.0,-1.0
 
