239.0,200.0
237.0,204.0
237.0,208.0
237.0,212.0
237.0,216.0
237.0,223.0
239.0,229.0
241.0,235.0
245.0,239.0
249.0,243.0
255.0,248.0
262.0,252.0
266.0,255.0
271.0,256.0
277.0,258.0
282.0,259.0
286.0,257.0
290.0,256.0
294.0,255.0
300.0,252.0
304.0,248.0
308.0,243.0
311.0,237.0
315.0,235.0
317.0,229.0
318.0,224.0
319.0,218.0
319.0,213.0
319.0,207.0
317.0,205.0
317.0,203.0
315.0,205.0
315.0,209.0
315.0,213.0
315.0,218.0
315.0,222.0
315.0,227.0
315.0,233.0
316.0,238.0
317.0,244.0
319.0,252.0
320.0,255.0
322.0,261.0
323.0,267.0
324.0,272.0
324.0,276.0
324.0,278.0
325.0,284.0
325.0,286.0
325.0,288.0
323.0,285.0
-1.0,-1.0
199.0,198.0
203.0,198.0
207.0,199.0
211.0,200.0
218.0,200.0
223.0,201.0
229.0,201.0
234.0,202.0
242.0,203.0
248.0,203.0
253.0,203.0
260.0,204.0
263.0,204.0
270.0,204.0
275.0,204.0
281.0,205.0
288.0,205.0
296.0,205.0
303.0,205.0
311.0,203.0
318.0,203.0
326.0,203.0
333.0,203.0
337.0,203.0
341.0,203.0
346.0,204.0
349.0,204.0
351.0,205.0
353.0,205.0
356.0,206.0
358.0,204.0
-1.0,-1.0
 
