219.0,94.0
219.0,97.0
219.0,100.0
219.0,104.0
219.0,108.0
217.0,115.0
217.0,119.0
217.0,128.0
217.0,131.0
217.0,137.0
217.0,139.0
217.0,143.0
217.0,145.0
217.0,149.0
217.0,150.0
217.0,154.0
217.0,155.0
219.0,158.0
219.0,161.0
222.0,164.0
222.0,166.0
224.0,170.0
226.0,172.0
227.0,175.0
229.0,176.0
230.0,177.0
231.0,177.0
231.0,178.0
234.0,179.0
236.0,180.0
238.0,182.0
240.0,183.0
243.0,183.0
244.0,184.0
247.0,185.0
250.0,185.0
252.0,185.0
255.0,185.0
258.0,185.0
261.0,185.0
264.0,185.0
265.0,185.0
268.0,185.0
271.0,185.0
274.0,184.0
276.0,184.0
281.0,183.0
283.0,182.0
286.0,180.0
289.0,179.0
292.0,177.0
295.0,176.0
298.0,173.0
299.0,172.0
300.0,170.0
302.0,169.0
303.0,166.0
305.0,165.0
306.0,163.0
306.0,162.0
307.0,159.0
-1.0,-1.0
303.0,84.0
303.0,85.0
303.0,89.0
303.0,92.0
303.0,98.0
303.0,102.0
303.0,105.0
303.0,109.0
303.0,114.0
303.0,121.0
303.0,124.0
303.0,130.0
303.0,134.0
303.0,138.0
303.0,141.0
305.0,145.0
305.0,148.0
305.0,152.0
305.0,155.0
305.0,157.0
305.0,158.0
305.0,161.0
305.0,164.0
305.0,166.0
305.0,170.0
305.0,172.0
305.0,177.0
305.0,179.0
305.0,184.0
305.0,188.0
305.0,193.0
305.0,197.0
305.0,200.0
305.0,203.0
305.0,204.0
305.0,205.0
305.0,206.0
305.0,209.0
305.0,211.0
305.0,215.0
305.0,216.0
305.0,218.0
305.0,219.0
305.0,220.0
306.0,222.0
306.0,223.0
306.0,224.0
306.0,225.0
306.0,226.0
-1.0,-1.0
168.0,87.0
171.0,87.0
175.0,87.0
179.0,87.0
185.0,86.0
189.0,86.0
198.0,86.0
202.0,86.0
209.0,85.0
212.0,85.0
217.0,85.0
220.0,85.0
224.0,85.0
227.0,85.0
231.0,85.0
234.0,85.0
238.0,85.0
243.0,85.0
244.0,85.0
247.0,85.0
250.0,85.0
258.0,85.0
264.0,85.0
272.0,85.0
275.0,85.0
282.0,85.0
285.0,85.0
291.0,84.0
295.0,84.0
299.0,82.0
302.0,82.0
307.0,81.0
310.0,81.0
315.0,81.0
316.0,80.0
320.0,80.0
323.0,80.0
327.0,79.0
330.0,79.0
333.0,79.0
336.0,79.0
338.0,78.0
341.0,78.0
344.0,78.0
347.0,78.0
350.0,78.0
351.0,78.0
354.0,78.0
357.0,78.0
358.0,77.0
361.0,77.0
362.0,77.0
364.0,77.0
-1.0,-1.0
 
