.VERSION 1.0 
.HIERARCHY CHARACTER
.COORD X Y T
.SEGMENT CHARACTER 0-1 OK "15"
.H_LINE 6249 7124
.V_LINE 499 1250
.X_DIM 750
.Y_DIM 875
.X_POINTS_PER_INCH 1000
.Y_POINTS_PER_INCH 1000
.POINTS_PER_SECOND 125
.COMMENT CALIB X: 8 Y: -68

.WRITER_INFO
 Name: RAJ BHUSHAN
 WriterId: 41
 Hand: right
 EducationLevel: post graduate
 Gender: male
 Profession: research scholar
 Region: karvar
 Age: 24
 DeviceType: digimemo a402
 SkillDevice: average
 Language: hindi
 Script: indic
 Native: false
 Style: discrete
 UsageFreq: once a month
 Proficiency: good
 Date: 2007-6-18
 WritingInProfession: no

.PEN_DOWN
847 6678 0
848 6675 0
845 6675 0
840 6675 0
834 6675 0
827 6674 0
819 6673 0
812 6673 0
806 6674 0
800 6676 0
793 6679 0
787 6684 0
781 6691 0
775 6700 0
771 6711 0
767 6724 0
765 6734 0
765 6742 0
766 6750 0
767 6757 0
771 6764 0
775 6769 0
780 6773 0
786 6775 0
794 6776 0
801 6777 0
807 6777 0
813 6776 0
818 6775 0
822 6775 0
819 6775 0
816 6775 0
812 6776 0
807 6776 0
801 6777 0
795 6778 0
790 6779 0
787 6781 0
784 6784 0
781 6788 0
780 6792 0
779 6796 0
779 6800 0
779 6804 0
780 6809 0
782 6814 0
786 6819 0
791 6822 0
798 6825 0
806 6827 0
816 6827 0
829 6827 0
845 6826 0
863 6823 0
880 6819 0
896 6814 0
911 6809 0
922 6805 0
930 6799 0
937 6792 0
941 6785 0
944 6777 0
945 6768 0
946 6758 0
947 6749 0
947 6740 0
947 6731 0
947 6724 0
947 6719 0
947 6714 0
947 6709 0
946 6702 0
946 6696 0
945 6691 0
944 6688 0
944 6693 0
944 6700 0
945 6708 0
945 6719 0
946 6734 0
946 6754 0
944 6774 0
942 6791 0
940 6806 0
939 6820 0
939 6831 0
940 6841 0
941 6850 0
943 6859 0
945 6867 0
947 6875 0
949 6880 0
950 6883 0
949 6878 0
.PEN_UP
.PEN_DOWN
736 6662 0
733 6662 0
736 6663 0
742 6665 0
751 6667 0
764 6670 0
781 6670 0
805 6669 0
834 6666 0
864 6663 0
894 6661 0
926 6660 0
953 6660 0
974 6659 0
990 6659 0
1002 6659 0
1010 6658 0
1015 6657 0
1019 6656 0
1022 6655 0
1022 6655 0
.PEN_UP
