.VERSION 1.0 
.HIERARCHY CHARACTER
.COORD X Y T
.SEGMENT CHARACTER 0-2 OK "41"
.H_LINE 4624 5499
.V_LINE 1999 2749
.X_DIM 749
.Y_DIM 874
.X_POINTS_PER_INCH 1000
.Y_POINTS_PER_INCH 1000
.POINTS_PER_SECOND 125
.COMMENT CALIB X: 31 Y: -69

.WRITER_INFO
 Name: RAJ BHUSHAN
 WriterId: 41
 Hand: right
 EducationLevel: post graduate
 Gender: male
 Profession: research scholar
 Region: karvar
 Age: 24
 DeviceType: digimemo a402
 SkillDevice: average
 Language: hindi
 Script: indic
 Native: false
 Style: discrete
 UsageFreq: once a month
 Proficiency: good
 Date: 2007-6-18
 WritingInProfession: no

.PEN_DOWN
2346 5067 0
2349 5070 0
2350 5074 0
2351 5078 0
2350 5081 0
2349 5084 0
2346 5086 0
2343 5088 0
2339 5090 0
2336 5090 0
2333 5089 0
2330 5087 0
2326 5084 0
2323 5081 0
2321 5078 0
2321 5075 0
2321 5071 0
2322 5067 0
2324 5061 0
2326 5056 0
2329 5052 0
2333 5049 0
2337 5047 0
2343 5046 0
2349 5047 0
2357 5049 0
2366 5053 0
2374 5057 0
2381 5062 0
2387 5067 0
2392 5073 0
2395 5080 0
2397 5088 0
2400 5096 0
2402 5104 0
2404 5112 0
2404 5121 0
2402 5130 0
2399 5140 0
2396 5150 0
2393 5161 0
2387 5170 0
2380 5178 0
2374 5183 0
2369 5186 0
2363 5188 0
2357 5188 0
2349 5187 0
2342 5184 0
2335 5181 0
2330 5177 0
2326 5173 0
2323 5168 0
2322 5164 0
2321 5161 0
2321 5157 0
2322 5153 0
2324 5150 0
2326 5147 0
2329 5144 0
2333 5142 0
2338 5141 0
2342 5141 0
2345 5142 0
2349 5144 0
2355 5147 0
2361 5150 0
2366 5154 0
2372 5161 0
2381 5167 0
2388 5171 0
2394 5174 0
2400 5177 0
2408 5179 0
2416 5181 0
2425 5182 0
2434 5183 0
2444 5183 0
2453 5183 0
2460 5182 0
2465 5182 0
2469 5181 0
2472 5180 0
2475 5179 0
2477 5175 0
.PEN_UP
.PEN_DOWN
2535 5047 0
2535 5051 0
2535 5055 0
2534 5059 0
2534 5066 0
2534 5074 0
2534 5085 0
2534 5096 0
2534 5106 0
2534 5118 0
2533 5131 0
2532 5142 0
2531 5152 0
2531 5161 0
2531 5168 0
2531 5172 0
2531 5168 0
2534 5166 0
.PEN_UP
.PEN_DOWN
2447 5050 0
2450 5048 0
2454 5047 0
2457 5046 0
2460 5046 0
2464 5046 0
2471 5045 0
2482 5045 0
2494 5045 0
2508 5046 0
2523 5048 0
2536 5050 0
2546 5050 0
2557 5050 0
2569 5050 0
2581 5049 0
2591 5047 0
2599 5049 0
2596 5045 0
.PEN_UP
