.VERSION 1.0 
.HIERARCHY CHARACTER
.COORD X Y T
.SEGMENT CHARACTER 0-2 OK "97"
.H_LINE 2999 3874
.V_LINE 3500 4250
.X_DIM 750
.Y_DIM 874
.X_POINTS_PER_INCH 1000
.Y_POINTS_PER_INCH 1000
.POINTS_PER_SECOND 125
.COMMENT CALIB X: 49 Y: -119

.WRITER_INFO
 Name: RAJ BHUSHAN
 WriterId: 41
 Hand: right
 EducationLevel: post graduate
 Gender: male
 Profession: research scholar
 Region: karvar
 Age: 24
 DeviceType: digimemo a402
 SkillDevice: average
 Language: hindi
 Script: indic
 Native: false
 Style: discrete
 UsageFreq: once a month
 Proficiency: good
 Date: 2007-6-18
 WritingInProfession: no

.PEN_DOWN
3803 3477 0
3804 3482 0
3804 3488 0
3804 3495 0
3805 3502 0
3805 3509 0
3805 3515 0
3805 3520 0
3805 3526 0
3806 3531 0
3806 3534 0
3805 3531 0
3805 3528 0
3804 3525 0
3801 3523 0
3796 3521 0
3789 3520 0
3782 3521 0
3776 3523 0
3771 3525 0
3767 3529 0
3762 3535 0
3757 3541 0
3753 3547 0
3751 3553 0
3750 3558 0
3751 3563 0
3755 3568 0
3759 3572 0
3764 3574 0
3769 3576 0
3775 3577 0
3782 3577 0
3788 3577 0
3795 3576 0
3802 3574 0
3807 3572 0
3811 3570 0
3814 3569 0
3813 3572 0
.PEN_UP
.PEN_DOWN
3816 3571 0
3815 3574 0
3815 3577 0
3815 3584 0
3815 3593 0
3815 3602 0
3815 3611 0
3815 3619 0
3816 3625 0
3816 3630 0
3816 3634 0
3816 3631 0
3816 3628 0
3815 3624 0
3813 3621 0
3810 3620 0
3806 3621 0
3801 3623 0
3797 3626 0
3793 3632 0
3787 3640 0
3782 3650 0
3778 3658 0
3775 3665 0
3774 3672 0
3775 3680 0
3777 3687 0
3780 3693 0
3786 3698 0
3791 3701 0
3797 3703 0
3803 3703 0
3811 3702 0
3818 3699 0
3824 3696 0
3830 3692 0
3837 3688 0
3842 3685 0
3845 3683 0
3845 3680 0
.PEN_UP
.PEN_DOWN
3675 3432 0
3672 3434 0
3675 3433 0
3678 3432 0
3683 3432 0
3692 3434 0
3706 3437 0
3725 3439 0
3746 3442 0
3768 3446 0
3790 3448 0
3813 3448 0
3837 3446 0
3861 3445 0
3883 3443 0
3901 3440 0
3914 3438 0
3923 3437 0
3928 3436 0
3931 3436 0
3927 3438 0
.PEN_UP
