.VERSION 1.0 
.HIERARCHY CHARACTER
.COORD X Y T
.SEGMENT CHARACTER 0-2 OK "98"
.H_LINE 2999 3874
.V_LINE 5000 5750
.X_DIM 750
.Y_DIM 874
.X_POINTS_PER_INCH 1000
.Y_POINTS_PER_INCH 1000
.POINTS_PER_SECOND 125
.COMMENT CALIB X: 45 Y: -84

.WRITER_INFO
 Name: RAJ BHUSHAN
 WriterId: 41
 Hand: right
 EducationLevel: post graduate
 Gender: male
 Profession: research scholar
 Region: karvar
 Age: 24
 DeviceType: digimemo a402
 SkillDevice: average
 Language: hindi
 Script: indic
 Native: false
 Style: discrete
 UsageFreq: once a month
 Proficiency: good
 Date: 2007-6-18
 WritingInProfession: no

.PEN_DOWN
5415 3468 0
5415 3472 0
5415 3477 0
5415 3484 0
5414 3492 0
5412 3502 0
5410 3514 0
5409 3525 0
5409 3537 0
5409 3549 0
5409 3559 0
5408 3568 0
5408 3575 0
5408 3580 0
5408 3584 0
5408 3588 0
5410 3585 0
5410 3581 0
5410 3578 0
5410 3575 0
5410 3571 0
5410 3565 0
5410 3560 0
5410 3554 0
5410 3548 0
5409 3542 0
5409 3536 0
5408 3531 0
5407 3527 0
5406 3524 0
5403 3522 0
5400 3520 0
5396 3519 0
5392 3518 0
5385 3517 0
5378 3516 0
5371 3516 0
5364 3515 0
5356 3514 0
5350 3515 0
5346 3515 0
5343 3516 0
5340 3518 0
5336 3520 0
5332 3522 0
5329 3525 0
5327 3528 0
5325 3531 0
5324 3534 0
5323 3539 0
5322 3544 0
5322 3551 0
5322 3558 0
5321 3566 0
5320 3573 0
5320 3579 0
5320 3582 0
5320 3585 0
5320 3585 0
.PEN_UP
.PEN_DOWN
5266 3529 0
5268 3526 0
5271 3524 0
5275 3522 0
5280 3522 0
5284 3522 0
5288 3522 0
5293 3522 0
5300 3522 0
5306 3523 0
5313 3524 0
5321 3524 0
5326 3524 0
5330 3524 0
5335 3524 0
5339 3524 0
5339 3524 0
.PEN_UP
.PEN_DOWN
5308 3427 0
5305 3427 0
5311 3429 0
5318 3431 0
5329 3434 0
5345 3438 0
5364 3439 0
5388 3440 0
5418 3439 0
5448 3437 0
5474 3433 0
5496 3429 0
5512 3426 0
5523 3424 0
5530 3423 0
5535 3422 0
5538 3421 0
5537 3417 0
.PEN_UP
