.VERSION 1.0 
.HIERARCHY CHARACTER
.COORD X Y T
.SEGMENT CHARACTER 0-2 OK "41"
.H_LINE 4624 5499
.V_LINE 1999 2749
.X_DIM 749
.Y_DIM 874
.X_POINTS_PER_INCH 1000
.Y_POINTS_PER_INCH 1000
.POINTS_PER_SECOND 125
.COMMENT CALIB X: 26 Y: -58

.WRITER_INFO
 Name: SHASHANK
 WriterId: 52
 Hand: right
 EducationLevel: college graduate
 Gender: male
 Profession: student
 Region: mumbai
 Age: 20
 DeviceType: digimemo a402
 SkillDevice: average
 Language: hindi
 Script: indic
 Native: true
 Style: discrete
 UsageFreq: once a week
 Proficiency: average
 Date: 2007-6-22
 WritingInProfession: no

.PEN_DOWN
2338 4992 0
2335 4991 0
2332 4988 0
2328 4984 0
2321 4978 0
2313 4970 0
2305 4961 0
2298 4951 0
2289 4939 0
2283 4929 0
2279 4920 0
2277 4913 0
2277 4908 0
2278 4904 0
2281 4901 0
2285 4900 0
2290 4902 0
2297 4906 0
2305 4912 0
2313 4921 0
2320 4931 0
2325 4943 0
2329 4956 0
2331 4970 0
2330 4985 0
2327 4999 0
2323 5013 0
2317 5027 0
2310 5039 0
2303 5049 0
2293 5058 0
2285 5064 0
2277 5068 0
2269 5071 0
2260 5072 0
2252 5072 0
2244 5070 0
2236 5067 0
2229 5065 0
2224 5062 0
2221 5058 0
2220 5055 0
2220 5052 0
2221 5049 0
2222 5046 0
2227 5042 0
2232 5040 0
2239 5039 0
2248 5040 0
2258 5041 0
2269 5042 0
2279 5044 0
2288 5048 0
2296 5052 0
2303 5056 0
2307 5060 0
2311 5065 0
2316 5071 0
2320 5076 0
2324 5080 0
2327 5084 0
2331 5087 0
2336 5089 0
2343 5090 0
2352 5089 0
2361 5087 0
2361 5082 0
.PEN_UP
.PEN_DOWN
2417 4920 0
2418 4917 0
2419 4914 0
2421 4911 0
2423 4915 0
2424 4925 0
2427 4941 0
2429 4961 0
2431 4983 0
2432 5004 0
2434 5023 0
2435 5038 0
2435 5050 0
2435 5058 0
2435 5063 0
2435 5066 0
.PEN_UP
.PEN_DOWN
2239 4900 0
2246 4900 0
2256 4899 0
2274 4897 0
2298 4894 0
2336 4891 0
2382 4889 0
2425 4888 0
2460 4888 0
2486 4888 0
2504 4889 0
2517 4883 0
.PEN_UP
