.VERSION 1.0 
.HIERARCHY CHARACTER
.COORD X Y T
.SEGMENT CHARACTER 0-1 OK "44"
.H_LINE 4624 5499
.V_LINE 6500 7250
.X_DIM 750
.Y_DIM 874
.X_POINTS_PER_INCH 1000
.Y_POINTS_PER_INCH 1000
.POINTS_PER_SECOND 125
.COMMENT CALIB X: 121 Y: -118

.WRITER_INFO
 Name: SHASHANK
 WriterId: 52
 Hand: right
 EducationLevel: college graduate
 Gender: male
 Profession: student
 Region: mumbai
 Age: 20
 DeviceType: digimemo a402
 SkillDevice: average
 Language: hindi
 Script: indic
 Native: true
 Style: discrete
 UsageFreq: once a week
 Proficiency: average
 Date: 2007-6-22
 WritingInProfession: no

.PEN_DOWN
6889 4817 0
6891 4823 0
6893 4829 0
6895 4836 0
6898 4846 0
6901 4855 0
6904 4862 0
6906 4868 0
6908 4871 0
6909 4868 0
6909 4863 0
6908 4858 0
6906 4853 0
6904 4848 0
6901 4842 0
6897 4836 0
6892 4831 0
6887 4828 0
6883 4827 0
6878 4829 0
6870 4834 0
6862 4841 0
6855 4851 0
6849 4862 0
6846 4873 0
6846 4883 0
6848 4891 0
6852 4898 0
6858 4904 0
6865 4909 0
6873 4914 0
6882 4918 0
6891 4921 0
6901 4924 0
6909 4927 0
6915 4929 0
6918 4932 0
6919 4935 0
6919 4939 0
6918 4944 0
6916 4952 0
6913 4960 0
6909 4968 0
6904 4975 0
6898 4980 0
6892 4982 0
6884 4981 0
6877 4978 0
6871 4974 0
6866 4969 0
6863 4964 0
6862 4960 0
6862 4956 0
6862 4952 0
6863 4949 0
6864 4946 0
6864 4943 0
6863 4940 0
6859 4939 0
6856 4940 0
6852 4944 0
6846 4951 0
6839 4959 0
6832 4971 0
6825 4984 0
6820 4996 0
6818 5008 0
6822 5019 0
6831 5028 0
6846 5035 0
6865 5040 0
6890 5042 0
6919 5046 0
6948 5038 0
.PEN_UP
.PEN_DOWN
6824 4803 0
6827 4803 0
6832 4802 0
6843 4801 0
6862 4799 0
6890 4798 0
6936 4797 0
6993 4797 0
7047 4797 0
.PEN_UP
