.VERSION 1.0 
.HIERARCHY CHARACTER
.COORD X Y T
.SEGMENT CHARACTER 0-2 OK "90"
.H_LINE 1374 2249
.V_LINE 499 1250
.X_DIM 750
.Y_DIM 874
.X_POINTS_PER_INCH 1000
.Y_POINTS_PER_INCH 1000
.POINTS_PER_SECOND 125
.COMMENT CALIB X: -12 Y: -29

.WRITER_INFO
 Name: SHASHANK
 WriterId: 52
 Hand: right
 EducationLevel: college graduate
 Gender: male
 Profession: student
 Region: mumbai
 Age: 20
 DeviceType: digimemo a402
 SkillDevice: average
 Language: hindi
 Script: indic
 Native: true
 Style: discrete
 UsageFreq: once a week
 Proficiency: average
 Date: 2007-6-22
 WritingInProfession: no

.PEN_DOWN
701 1768 0
696 1766 0
689 1762 0
681 1758 0
674 1753 0
668 1748 0
664 1742 0
662 1736 0
662 1731 0
664 1726 0
668 1721 0
674 1717 0
683 1715 0
693 1714 0
705 1714 0
715 1715 0
725 1718 0
734 1723 0
741 1729 0
746 1736 0
750 1744 0
752 1752 0
754 1761 0
754 1770 0
753 1779 0
751 1788 0
749 1796 0
747 1804 0
745 1812 0
742 1818 0
738 1824 0
734 1830 0
728 1836 0
722 1842 0
715 1847 0
708 1851 0
701 1856 0
693 1859 0
684 1861 0
676 1863 0
669 1864 0
662 1864 0
655 1863 0
650 1862 0
646 1861 0
643 1858 0
642 1855 0
646 1852 0
650 1850 0
654 1848 0
659 1848 0
663 1848 0
666 1848 0
671 1849 0
677 1851 0
684 1853 0
690 1855 0
695 1857 0
699 1860 0
703 1862 0
706 1865 0
709 1868 0
712 1871 0
714 1874 0
715 1877 0
716 1881 0
716 1884 0
717 1887 0
719 1890 0
722 1893 0
726 1895 0
731 1894 0
738 1893 0
744 1891 0
745 1886 0
.PEN_UP
.PEN_DOWN
716 1670 0
714 1667 0
713 1671 0
713 1676 0
714 1684 0
716 1694 0
717 1704 0
718 1711 0
719 1717 0
720 1721 0
720 1721 0
.PEN_UP
.PEN_DOWN
612 1669 0
615 1669 0
623 1669 0
635 1670 0
651 1671 0
670 1671 0
691 1670 0
709 1670 0
725 1670 0
739 1669 0
751 1669 0
760 1667 0
767 1674 0
.PEN_UP
