.VERSION 1.0 
.HIERARCHY CHARACTER
.COORD X Y T
.SEGMENT CHARACTER 0-4 OK "2"
.H_LINE 1374 2249
.V_LINE 3500 4250
.X_DIM 750
.Y_DIM 874
.X_POINTS_PER_INCH 1000
.Y_POINTS_PER_INCH 1000
.POINTS_PER_SECOND 125
.COMMENT CALIB X: -110 Y: 10

.WRITER_INFO
 Name: SAIRAM
 WriterId: 73
 Hand: right
 EducationLevel: college graduate
 Gender: male
 Profession: student
 Region: mumbai
 Age: 21
 DeviceType: digimemo a402
 SkillDevice: average
 Language: hindi
 Script: indic
 Native: false
 Style: discrete
 UsageFreq: once a month
 Proficiency: average
 Date: 2007-7-3
 WritingInProfession: no

.PEN_DOWN
3674 1713 0
3671 1713 0
3669 1709 0
3667 1706 0
3666 1702 0
3666 1698 0
3666 1695 0
3669 1690 0
3674 1684 0
3683 1677 0
3695 1670 0
3708 1665 0
3724 1663 0
3737 1662 0
3751 1663 0
3762 1666 0
3771 1672 0
3778 1679 0
3782 1689 0
3782 1702 0
3778 1717 0
3772 1735 0
3761 1752 0
3750 1768 0
3737 1781 0
3723 1791 0
3712 1798 0
3703 1801 0
3698 1802 0
3699 1798 0
3702 1794 0
3709 1790 0
3718 1786 0
3730 1785 0
3744 1785 0
3757 1788 0
3769 1794 0
3780 1802 0
3790 1812 0
3795 1822 0
3798 1833 0
3798 1842 0
3793 1851 0
3783 1858 0
3767 1864 0
3749 1868 0
3727 1869 0
3705 1870 0
3685 1868 0
3667 1866 0
3655 1864 0
3647 1862 0
3643 1858 0
3643 1854 0
3646 1849 0
3655 1842 0
.PEN_UP
.PEN_DOWN
3773 1804 0
3782 1804 0
3791 1804 0
3800 1804 0
3810 1800 0
3822 1797 0
3834 1793 0
3847 1787 0
3860 1778 0
3870 1769 0
3879 1757 0
.PEN_UP
.PEN_DOWN
3880 1708 0
3877 1705 0
3875 1708 0
3875 1712 0
3875 1718 0
3875 1726 0
3875 1736 0
3876 1749 0
3877 1765 0
3878 1783 0
3880 1804 0
3880 1826 0
3881 1846 0
3883 1861 0
3885 1872 0
3887 1879 0
3887 1879 0
.PEN_UP
.PEN_DOWN
3952 1705 0
3952 1708 0
3952 1713 0
3952 1721 0
3953 1733 0
3953 1747 0
3954 1764 0
3955 1782 0
3954 1802 0
3954 1821 0
3953 1838 0
3952 1853 0
3952 1862 0
3953 1870 0
3955 1864 0
3950 1866 0
.PEN_UP
.PEN_DOWN
3867 1713 0
3860 1712 0
3856 1712 0
3853 1711 0
3849 1710 0
3844 1706 0
3840 1704 0
3836 1702 0
3831 1701 0
3826 1701 0
3822 1701 0
3819 1701 0
3816 1699 0
3814 1696 0
3818 1694 0
3823 1692 0
3831 1691 0
3842 1690 0
3858 1690 0
3876 1689 0
3897 1690 0
3924 1689 0
3950 1688 0
3978 1687 0
4005 1686 0
4030 1684 0
4049 1681 0
4063 1680 0
4072 1678 0
4076 1678 0
4079 1678 0
4074 1676 0
4067 1672 0
.PEN_UP
