.VERSION 1.0 
.HIERARCHY CHARACTER
.COORD X Y T
.SEGMENT CHARACTER 0-1 OK "18"
.H_LINE 6249 7124
.V_LINE 5000 5750
.X_DIM 750
.Y_DIM 875
.X_POINTS_PER_INCH 1000
.Y_POINTS_PER_INCH 1000
.POINTS_PER_SECOND 125
.COMMENT CALIB X: -129 Y: 27

.WRITER_INFO
 Name: SAIRAM
 WriterId: 73
 Hand: right
 EducationLevel: college graduate
 Gender: male
 Profession: student
 Region: mumbai
 Age: 21
 DeviceType: digimemo a402
 SkillDevice: average
 Language: hindi
 Script: indic
 Native: false
 Style: discrete
 UsageFreq: once a month
 Proficiency: average
 Date: 2007-7-3
 WritingInProfession: no

.PEN_DOWN
5293 6619 0
5293 6616 0
5293 6619 0
5286 6621 0
5281 6623 0
5278 6625 0
5275 6628 0
5274 6631 0
5272 6635 0
5271 6640 0
5269 6645 0
5268 6648 0
5267 6651 0
5267 6654 0
5267 6657 0
5270 6662 0
5273 6666 0
5277 6671 0
5281 6678 0
5287 6684 0
5291 6687 0
5295 6690 0
5299 6692 0
5296 6691 0
5293 6690 0
5290 6690 0
5287 6691 0
5283 6693 0
5277 6697 0
5269 6703 0
5262 6709 0
5253 6716 0
5244 6726 0
5236 6735 0
5229 6746 0
5224 6758 0
5220 6770 0
5218 6783 0
5218 6795 0
5220 6809 0
5223 6821 0
5228 6832 0
5236 6842 0
5246 6849 0
5259 6854 0
5272 6857 0
5287 6859 0
5305 6856 0
5324 6851 0
5342 6844 0
5358 6833 0
5373 6820 0
5387 6807 0
5398 6796 0
5407 6785 0
5412 6775 0
5416 6767 0
5418 6757 0
5419 6747 0
5419 6739 0
5418 6732 0
5416 6725 0
5413 6719 0
5410 6713 0
5405 6708 0
5401 6704 0
5396 6701 0
5390 6701 0
5385 6703 0
5380 6708 0
5376 6715 0
5371 6724 0
5366 6737 0
5363 6750 0
5361 6763 0
5360 6776 0
5361 6788 0
5362 6798 0
5365 6806 0
5369 6812 0
5374 6814 0
5380 6813 0
5388 6807 0
5395 6798 0
5403 6786 0
5410 6770 0
5416 6752 0
5419 6736 0
5420 6724 0
5418 6714 0
5415 6705 0
5412 6697 0
5408 6691 0
5405 6686 0
5402 6682 0
5399 6680 0
5396 6679 0
5393 6680 0
5392 6674 0
5392 6667 0
5392 6656 0
5393 6643 0
5394 6628 0
5394 6615 0
5394 6605 0
5394 6600 0
5393 6597 0
5393 6603 0
5394 6610 0
5386 6618 0
.PEN_UP
.PEN_DOWN
5255 6614 0
5249 6614 0
5241 6614 0
5234 6614 0
5228 6614 0
5224 6613 0
5220 6613 0
5217 6612 0
5214 6612 0
5210 6612 0
5207 6612 0
5204 6612 0
5201 6612 0
5198 6612 0
5194 6610 0
5189 6610 0
5183 6610 0
5177 6610 0
5173 6609 0
5170 6609 0
5167 6609 0
5164 6609 0
5161 6609 0
5166 6609 0
5178 6609 0
5200 6609 0
5227 6608 0
5257 6607 0
5289 6606 0
5319 6604 0
5347 6600 0
5373 6598 0
5397 6598 0
5421 6597 0
5442 6597 0
5460 6596 0
5473 6596 0
5482 6596 0
5486 6595 0
5489 6595 0
5483 6593 0
5477 6593 0
5464 6599 0
5451 6598 0
.PEN_UP
