.VERSION 1.0 
.HIERARCHY CHARACTER
.COORD X Y T
.SEGMENT CHARACTER 0-1 OK "24"
.H_LINE 7874 8750
.V_LINE 6500 7250
.X_DIM 750
.Y_DIM 875
.X_POINTS_PER_INCH 1000
.Y_POINTS_PER_INCH 1000
.POINTS_PER_SECOND 125
.COMMENT CALIB X: -118 Y: 23

.WRITER_INFO
 Name: SAIRAM
 WriterId: 73
 Hand: right
 EducationLevel: college graduate
 Gender: male
 Profession: student
 Region: mumbai
 Age: 21
 DeviceType: digimemo a402
 SkillDevice: average
 Language: hindi
 Script: indic
 Native: false
 Style: discrete
 UsageFreq: once a month
 Proficiency: average
 Date: 2007-7-3
 WritingInProfession: no

.PEN_DOWN
6872 8296 0
6875 8301 0
6876 8307 0
6878 8314 0
6879 8320 0
6879 8327 0
6879 8333 0
6880 8339 0
6881 8345 0
6882 8351 0
6882 8355 0
6882 8358 0
6878 8354 0
6874 8351 0
6867 8349 0
6857 8349 0
6846 8350 0
6833 8353 0
6820 8358 0
6808 8365 0
6794 8371 0
6783 8378 0
6777 8385 0
6775 8392 0
6776 8397 0
6779 8401 0
6786 8404 0
6795 8406 0
6806 8407 0
6816 8407 0
6826 8407 0
6834 8408 0
6842 8411 0
6850 8416 0
6855 8423 0
6859 8433 0
6862 8444 0
6862 8458 0
6860 8473 0
6856 8488 0
6851 8499 0
6844 8508 0
6833 8513 0
6818 8516 0
6799 8517 0
6775 8515 0
6750 8513 0
6729 8509 0
6714 8505 0
6705 8501 0
6701 8496 0
6704 8489 0
6717 8479 0
.PEN_UP
.PEN_DOWN
6718 8306 0
6714 8306 0
6708 8306 0
6704 8307 0
6701 8307 0
6698 8306 0
6695 8306 0
6702 8303 0
6711 8301 0
6725 8299 0
6745 8297 0
6767 8294 0
6791 8293 0
6817 8292 0
6844 8289 0
6872 8285 0
6904 8280 0
6940 8275 0
6975 8270 0
7002 8267 0
7020 8266 0
7030 8265 0
7034 8264 0
7037 8264 0
7033 8253 0
7025 8268 0
.PEN_UP
