.VERSION 1.0 
.HIERARCHY CHARACTER
.COORD X Y T
.SEGMENT CHARACTER 0-2 OK "30"
.H_LINE 1374 2249
.V_LINE 499 1250
.X_DIM 750
.Y_DIM 874
.X_POINTS_PER_INCH 1000
.Y_POINTS_PER_INCH 1000
.POINTS_PER_SECOND 125
.COMMENT CALIB X: -79 Y: -1

.WRITER_INFO
 Name: SAIRAM
 WriterId: 73
 Hand: right
 EducationLevel: college graduate
 Gender: male
 Profession: student
 Region: mumbai
 Age: 21
 DeviceType: digimemo a402
 SkillDevice: average
 Language: hindi
 Script: indic
 Native: false
 Style: discrete
 UsageFreq: once a month
 Proficiency: average
 Date: 2007-7-3
 WritingInProfession: no

.PEN_DOWN
755 1724 0
760 1723 0
767 1723 0
778 1723 0
790 1722 0
803 1721 0
816 1717 0
829 1711 0
839 1704 0
847 1697 0
853 1689 0
855 1682 0
855 1676 0
853 1671 0
848 1667 0
841 1663 0
833 1662 0
823 1664 0
811 1669 0
798 1678 0
784 1690 0
771 1707 0
760 1724 0
750 1742 0
743 1758 0
739 1771 0
738 1782 0
740 1789 0
747 1795 0
758 1799 0
769 1802 0
784 1803 0
797 1804 0
809 1803 0
818 1802 0
824 1801 0
827 1801 0
823 1802 0
817 1803 0
810 1804 0
801 1807 0
791 1811 0
780 1817 0
770 1824 0
759 1831 0
751 1839 0
744 1847 0
741 1856 0
741 1865 0
743 1873 0
750 1881 0
761 1887 0
779 1890 0
801 1889 0
826 1885 0
852 1878 0
875 1870 0
896 1860 0
912 1845 0
929 1840 0
942 1819 0
.PEN_UP
.PEN_DOWN
947 1698 0
947 1702 0
946 1706 0
946 1714 0
945 1724 0
944 1738 0
945 1759 0
946 1784 0
947 1811 0
948 1835 0
949 1860 0
949 1883 0
950 1904 0
951 1919 0
952 1925 0
952 1925 0
.PEN_UP
.PEN_DOWN
882 1675 0
879 1674 0
876 1672 0
872 1670 0
869 1669 0
865 1668 0
861 1668 0
857 1667 0
852 1667 0
849 1668 0
856 1671 0
866 1672 0
879 1674 0
896 1674 0
913 1673 0
934 1672 0
956 1670 0
980 1669 0
1002 1668 0
1021 1668 0
1036 1667 0
1045 1667 0
1049 1667 0
1046 1667 0
1040 1672 0
.PEN_UP
