.VERSION 1.0 
.HIERARCHY CHARACTER
.COORD X Y T
.SEGMENT CHARACTER 0-2 OK "39"
.H_LINE 2999 3874
.V_LINE 6500 7250
.X_DIM 750
.Y_DIM 874
.X_POINTS_PER_INCH 1000
.Y_POINTS_PER_INCH 1000
.POINTS_PER_SECOND 125
.COMMENT CALIB X: -128 Y: 24

.WRITER_INFO
 Name: SAIRAM
 WriterId: 73
 Hand: right
 EducationLevel: college graduate
 Gender: male
 Profession: student
 Region: mumbai
 Age: 21
 DeviceType: digimemo a402
 SkillDevice: average
 Language: hindi
 Script: indic
 Native: false
 Style: discrete
 UsageFreq: once a month
 Proficiency: average
 Date: 2007-7-3
 WritingInProfession: no

.PEN_DOWN
6728 3561 0
6728 3565 0
6728 3568 0
6722 3566 0
6718 3561 0
6713 3554 0
6707 3545 0
6700 3531 0
6693 3516 0
6688 3498 0
6684 3479 0
6683 3461 0
6686 3444 0
6690 3430 0
6696 3419 0
6704 3411 0
6714 3406 0
6725 3404 0
6740 3405 0
6755 3409 0
6770 3415 0
6783 3423 0
6794 3433 0
6803 3442 0
6809 3451 0
6813 3463 0
6815 3473 0
6815 3483 0
6814 3493 0
6812 3500 0
6810 3504 0
6807 3505 0
6804 3505 0
6801 3505 0
6800 3501 0
6802 3494 0
6806 3486 0
6812 3476 0
6819 3464 0
6828 3454 0
6840 3444 0
6852 3434 0
6864 3426 0
6877 3418 0
6889 3411 0
6903 3401 0
.PEN_UP
.PEN_DOWN
6913 3373 0
6910 3373 0
6907 3375 0
6905 3379 0
6904 3383 0
6902 3393 0
6902 3406 0
6901 3421 0
6902 3441 0
6902 3464 0
6902 3490 0
6902 3514 0
6902 3532 0
6903 3545 0
6904 3553 0
6904 3553 0
.PEN_UP
.PEN_DOWN
6814 3350 0
6810 3351 0
6806 3352 0
6800 3352 0
6795 3352 0
6789 3351 0
6782 3351 0
6776 3350 0
6770 3350 0
6766 3350 0
6763 3349 0
6766 3350 0
6772 3350 0
6783 3350 0
6800 3349 0
6822 3349 0
6846 3348 0
6872 3346 0
6902 3344 0
6935 3341 0
6970 3340 0
7002 3338 0
7028 3337 0
7046 3336 0
7057 3336 0
7064 3336 0
7067 3335 0
7063 3334 0
7055 3334 0
.PEN_UP
