.VERSION 1.0 
.HIERARCHY CHARACTER
.COORD X Y T
.SEGMENT CHARACTER 0-1 OK "82"
.H_LINE 7874 8750
.V_LINE 3500 4250
.X_DIM 750
.Y_DIM 875
.X_POINTS_PER_INCH 1000
.Y_POINTS_PER_INCH 1000
.POINTS_PER_SECOND 125
.COMMENT CALIB X: -247 Y: 48

.WRITER_INFO
 Name: SAIRAM
 WriterId: 73
 Hand: right
 EducationLevel: college graduate
 Gender: male
 Profession: student
 Region: mumbai
 Age: 21
 DeviceType: digimemo a402
 SkillDevice: average
 Language: hindi
 Script: indic
 Native: false
 Style: discrete
 UsageFreq: once a month
 Proficiency: average
 Date: 2007-7-3
 WritingInProfession: no

.PEN_DOWN
3757 8319 0
3755 8322 0
3752 8326 0
3747 8330 0
3742 8334 0
3737 8337 0
3731 8339 0
3723 8339 0
3717 8338 0
3712 8335 0
3707 8329 0
3704 8322 0
3704 8314 0
3705 8305 0
3708 8298 0
3711 8291 0
3715 8286 0
3720 8283 0
3726 8283 0
3732 8284 0
3736 8289 0
3740 8297 0
3742 8306 0
3744 8319 0
3746 8334 0
3748 8350 0
3749 8365 0
3750 8379 0
3752 8392 0
3753 8405 0
3754 8419 0
3753 8435 0
3753 8454 0
3753 8472 0
3752 8488 0
3751 8500 0
3750 8507 0
3747 8506 0
3744 8502 0
3739 8496 0
3734 8488 0
3729 8479 0
3724 8473 0
3719 8467 0
3715 8461 0
3712 8457 0
3711 8454 0
3713 8451 0
3716 8449 0
3719 8448 0
3722 8448 0
3725 8448 0
3731 8447 0
3735 8446 0
3739 8446 0
3744 8445 0
3748 8444 0
3753 8443 0
3759 8442 0
3767 8440 0
3776 8438 0
3788 8435 0
3801 8432 0
3813 8430 0
3827 8428 0
3839 8426 0
3848 8425 0
3853 8424 0
3856 8424 0
3852 8422 0
3846 8418 0
3836 8411 0
.PEN_UP
.PEN_DOWN
3716 8150 0
3713 8152 0
3709 8153 0
3706 8153 0
3702 8153 0
3699 8154 0
3696 8155 0
3693 8157 0
3690 8158 0
3687 8160 0
3687 8163 0
3691 8166 0
3697 8168 0
3704 8170 0
3715 8172 0
3727 8173 0
3742 8171 0
3761 8169 0
3781 8167 0
3803 8166 0
3827 8164 0
3847 8165 0
3864 8166 0
3876 8166 0
3884 8168 0
3889 8169 0
3892 8169 0
3887 8172 0
.PEN_UP
