.VERSION 1.0 
.HIERARCHY CHARACTER
.COORD X Y T
.SEGMENT CHARACTER 0-4 OK "96"
.H_LINE 2999 3874
.V_LINE 1999 2749
.X_DIM 749
.Y_DIM 874
.X_POINTS_PER_INCH 1000
.Y_POINTS_PER_INCH 1000
.POINTS_PER_SECOND 125
.COMMENT CALIB X: -91 Y: 9

.WRITER_INFO
 Name: SAIRAM
 WriterId: 73
 Hand: right
 EducationLevel: college graduate
 Gender: male
 Profession: student
 Region: mumbai
 Age: 21
 DeviceType: digimemo a402
 SkillDevice: average
 Language: hindi
 Script: indic
 Native: false
 Style: discrete
 UsageFreq: once a month
 Proficiency: average
 Date: 2007-7-3
 WritingInProfession: no

.PEN_DOWN
2298 3672 0
2295 3672 0
2292 3672 0
2289 3672 0
2286 3671 0
2283 3667 0
2281 3664 0
2278 3661 0
2273 3656 0
2269 3651 0
2264 3644 0
2259 3636 0
2256 3629 0
2253 3622 0
2253 3615 0
2254 3606 0
2259 3598 0
2265 3589 0
2277 3580 0
2290 3571 0
2307 3562 0
2323 3555 0
2340 3550 0
2357 3545 0
2373 3542 0
2412 3538 0
.PEN_UP
.PEN_DOWN
2406 3488 0
2404 3482 0
2403 3476 0
2402 3469 0
2402 3464 0
2402 3460 0
2402 3457 0
2400 3461 0
2399 3466 0
2398 3475 0
2399 3488 0
2399 3505 0
2400 3525 0
2401 3544 0
2401 3565 0
2401 3584 0
2401 3598 0
2401 3610 0
2401 3620 0
2400 3628 0
2400 3624 0
.PEN_UP
.PEN_DOWN
2256 3541 0
2252 3542 0
2248 3543 0
2243 3544 0
2238 3545 0
2233 3546 0
2228 3547 0
2225 3548 0
2222 3547 0
2219 3545 0
2222 3544 0
2229 3543 0
2238 3543 0
2250 3543 0
2264 3543 0
2284 3545 0
2304 3546 0
2322 3547 0
2341 3549 0
2360 3551 0
2378 3551 0
2390 3550 0
2400 3551 0
2408 3550 0
2412 3550 0
2415 3549 0
2410 3552 0
.PEN_UP
.PEN_DOWN
2405 3569 0
2402 3568 0
2402 3565 0
2401 3561 0
2401 3556 0
2402 3551 0
2403 3548 0
2405 3544 0
2407 3540 0
2410 3535 0
2414 3529 0
2421 3524 0
2429 3518 0
2437 3514 0
2446 3511 0
2455 3510 0
2464 3509 0
2472 3511 0
2480 3514 0
2487 3517 0
2494 3522 0
2501 3527 0
2505 3532 0
2508 3537 0
2509 3541 0
2510 3545 0
2510 3549 0
2509 3555 0
2507 3561 0
2504 3569 0
2501 3580 0
2496 3590 0
2491 3602 0
2486 3612 0
2481 3622 0
2477 3627 0
2473 3629 0
2470 3624 0
.PEN_UP
.PEN_DOWN
2261 3463 0
2258 3463 0
2255 3463 0
2250 3463 0
2245 3460 0
2240 3457 0
2235 3456 0
2231 3455 0
2227 3455 0
2224 3454 0
2220 3454 0
2223 3454 0
2231 3453 0
2240 3452 0
2252 3452 0
2271 3452 0
2296 3451 0
2323 3451 0
2349 3451 0
2376 3451 0
2401 3451 0
2428 3452 0
2458 3454 0
2485 3455 0
2509 3456 0
2527 3456 0
2539 3456 0
2545 3455 0
2548 3455 0
2545 3453 0
2545 3450 0
.PEN_UP
