.VERSION 1.0 
.HIERARCHY CHARACTER
.COORD X Y T
.SEGMENT CHARACTER 0-3 OK "102"
.H_LINE 4624 5499
.V_LINE 3500 4250
.X_DIM 750
.Y_DIM 874
.X_POINTS_PER_INCH 1000
.Y_POINTS_PER_INCH 1000
.POINTS_PER_SECOND 125
.COMMENT CALIB X: -131 Y: 44

.WRITER_INFO
 Name: SAIRAM
 WriterId: 73
 Hand: right
 EducationLevel: college graduate
 Gender: male
 Profession: student
 Region: mumbai
 Age: 21
 DeviceType: digimemo a402
 SkillDevice: average
 Language: hindi
 Script: indic
 Native: false
 Style: discrete
 UsageFreq: once a month
 Proficiency: average
 Date: 2007-7-3
 WritingInProfession: no

.PEN_DOWN
3850 5004 0
3849 5001 0
3849 5004 0
3850 5009 0
3851 5014 0
3852 5019 0
3853 5024 0
3853 5030 0
3854 5036 0
3854 5043 0
3855 5051 0
3856 5056 0
3858 5061 0
3859 5064 0
3858 5061 0
3855 5059 0
3852 5057 0
3847 5055 0
3842 5053 0
3835 5051 0
3828 5050 0
3819 5050 0
3808 5053 0
3797 5059 0
3784 5066 0
3770 5076 0
3755 5088 0
3741 5101 0
3730 5114 0
3721 5127 0
3715 5140 0
3713 5152 0
3716 5166 0
3722 5180 0
3732 5193 0
3745 5205 0
3761 5212 0
3779 5215 0
3797 5214 0
3815 5210 0
3832 5202 0
3843 5194 0
3852 5187 0
3857 5179 0
3859 5173 0
3859 5168 0
3858 5164 0
3856 5161 0
3853 5160 0
3848 5165 0
3845 5172 0
3844 5180 0
3845 5191 0
3847 5204 0
3848 5218 0
3852 5235 0
3856 5252 0
3862 5270 0
3869 5283 0
3876 5291 0
3882 5294 0
3887 5295 0
3890 5294 0
3890 5294 0
.PEN_UP
.PEN_DOWN
3643 5116 0
3641 5113 0
3644 5112 0
3648 5111 0
3652 5110 0
3656 5108 0
3661 5104 0
3665 5103 0
3667 5100 0
3666 5097 0
3663 5095 0
3658 5094 0
3654 5094 0
3648 5095 0
3643 5097 0
3638 5100 0
3633 5104 0
3628 5108 0
3623 5114 0
3620 5121 0
3617 5127 0
3616 5131 0
3617 5134 0
3619 5138 0
3623 5141 0
3627 5144 0
3634 5147 0
3640 5148 0
3645 5148 0
3649 5148 0
3643 5148 0
3638 5149 0
3633 5151 0
3628 5153 0
3623 5157 0
3619 5164 0
3613 5173 0
3609 5184 0
3607 5194 0
3606 5203 0
3606 5212 0
3607 5219 0
3610 5225 0
3614 5231 0
3619 5237 0
3623 5241 0
3628 5244 0
3633 5246 0
3638 5246 0
3643 5246 0
3648 5245 0
3654 5245 0
3660 5244 0
3666 5243 0
3675 5242 0
3684 5240 0
3692 5238 0
3702 5236 0
3710 5234 0
3717 5232 0
3722 5230 0
3727 5229 0
3732 5226 0
3738 5225 0
3745 5223 0
3750 5222 0
3755 5221 0
3758 5219 0
3761 5217 0
3764 5216 0
3765 5211 0
.PEN_UP
.PEN_DOWN
3683 5237 0
3686 5239 0
3692 5240 0
3696 5238 0
3701 5237 0
3707 5234 0
3715 5231 0
3727 5228 0
3745 5224 0
.PEN_UP
.PEN_DOWN
3728 4982 0
3724 4983 0
3720 4983 0
3714 4983 0
3709 4983 0
3704 4983 0
3700 4984 0
3696 4984 0
3693 4985 0
3690 4986 0
3687 4986 0
3683 4987 0
3680 4985 0
3676 4982 0
3671 4979 0
3663 4974 0
3655 4971 0
3648 4969 0
3640 4968 0
3634 4967 0
3630 4967 0
3633 4968 0
3638 4970 0
3644 4971 0
3654 4973 0
3668 4974 0
3683 4975 0
3702 4977 0
3727 4978 0
3753 4979 0
3780 4980 0
3805 4982 0
3830 4982 0
3850 4982 0
3869 4982 0
3888 4981 0
3907 4981 0
3922 4981 0
3933 4981 0
3944 4980 0
3951 4979 0
3955 4979 0
3958 4979 0
3951 4977 0
3944 4975 0
.PEN_UP
