.VERSION 1.0 
.HIERARCHY CHARACTER
.COORD X Y T
.SEGMENT CHARACTER 0-4 OK "10"
.H_LINE 4624 5499
.V_LINE 499 1250
.X_DIM 750
.Y_DIM 874
.X_POINTS_PER_INCH 1000
.Y_POINTS_PER_INCH 1000
.POINTS_PER_SECOND 125
.COMMENT CALIB X: 43 Y: -112

.WRITER_INFO
 Name: PRAKASH VARMA
 WriterId: 14
 Hand: right
 EducationLevel: post graduate
 Gender: male
 Profession: student
 Region: vizayanagaram
 Age: 25
 DeviceType: digimemo a402
 SkillDevice: average
 Language: hindi
 Script: indic
 Native: false
 Style: discrete
 UsageFreq: once a month
 Proficiency: good
 Date: 2007-6-12
 WritingInProfession: can't say

.PEN_DOWN
676 4961 0
671 4960 0
667 4958 0
664 4957 0
664 4954 0
665 4951 0
668 4948 0
674 4944 0
689 4939 0
709 4934 0
728 4933 0
743 4938 0
755 4947 0
764 4961 0
767 4977 0
763 4995 0
752 5012 0
736 5027 0
717 5038 0
701 5044 0
690 5047 0
685 5048 0
690 5047 0
699 5047 0
711 5049 0
723 5053 0
735 5059 0
746 5067 0
753 5077 0
757 5089 0
757 5103 0
752 5116 0
742 5126 0
728 5134 0
708 5138 0
686 5139 0
666 5137 0
651 5129 0
640 5117 0
636 5103 0
641 5087 0
.PEN_UP
.PEN_DOWN
725 5049 0
721 5049 0
718 5047 0
721 5045 0
732 5043 0
751 5040 0
773 5037 0
793 5034 0
812 5031 0
831 5025 0
848 5017 0
862 5006 0
871 4993 0
875 4978 0
873 4964 0
867 4950 0
859 4936 0
852 4924 0
846 4915 0
841 4909 0
839 4906 0
839 4910 0
841 4919 0
844 4935 0
846 4955 0
847 4977 0
847 5000 0
845 5021 0
844 5039 0
843 5055 0
842 5070 0
842 5083 0
842 5093 0
844 5100 0
846 5104 0
848 5107 0
851 5103 0
.PEN_UP
.PEN_DOWN
975 4934 0
974 4931 0
972 4928 0
972 4933 0
973 4943 0
975 4958 0
978 4978 0
981 4998 0
983 5019 0
983 5038 0
984 5053 0
986 5066 0
988 5078 0
989 5086 0
989 5091 0
989 5094 0
986 5093 0
.PEN_UP
.PEN_DOWN
804 4915 0
803 4912 0
808 4911 0
822 4911 0
841 4912 0
868 4911 0
902 4911 0
939 4913 0
971 4913 0
999 4911 0
1020 4908 0
.PEN_UP
.PEN_DOWN
911 4797 0
908 4797 0
905 4796 0
911 4803 0
926 4814 0
947 4832 0
967 4854 0
986 4880 0
1002 4907 0
1015 4933 0
.PEN_UP
