.VERSION 1.0 
.HIERARCHY CHARACTER
.COORD X Y T
.SEGMENT CHARACTER 0-5 OK "11"
.H_LINE 4624 5499
.V_LINE 1999 2749
.X_DIM 749
.Y_DIM 874
.X_POINTS_PER_INCH 1000
.Y_POINTS_PER_INCH 1000
.POINTS_PER_SECOND 125
.COMMENT CALIB X: 80 Y: -78

.WRITER_INFO
 Name: PRAKASH VARMA
 WriterId: 14
 Hand: right
 EducationLevel: post graduate
 Gender: male
 Profession: student
 Region: vizayanagaram
 Age: 25
 DeviceType: digimemo a402
 SkillDevice: average
 Language: hindi
 Script: indic
 Native: false
 Style: discrete
 UsageFreq: once a month
 Proficiency: good
 Date: 2007-6-12
 WritingInProfession: can't say

.PEN_DOWN
2235 5109 0
2229 5108 0
2220 5107 0
2212 5105 0
2208 5104 0
2205 5102 0
2206 5099 0
2209 5098 0
2214 5096 0
2225 5094 0
2237 5093 0
2250 5095 0
2262 5097 0
2273 5101 0
2281 5106 0
2286 5115 0
2288 5125 0
2284 5136 0
2275 5146 0
2262 5155 0
2246 5161 0
2230 5165 0
2217 5167 0
2209 5168 0
2205 5168 0
2208 5167 0
2220 5165 0
2237 5164 0
2254 5164 0
2271 5166 0
2285 5172 0
2297 5180 0
2307 5190 0
2314 5202 0
2318 5216 0
2318 5229 0
2315 5242 0
2307 5253 0
2295 5262 0
2279 5268 0
2259 5273 0
2235 5276 0
2211 5277 0
2191 5275 0
2175 5272 0
2165 5267 0
2159 5261 0
2144 5249 0
.PEN_UP
.PEN_DOWN
2270 5155 0
2273 5152 0
2284 5150 0
2304 5147 0
2326 5142 0
2347 5138 0
2368 5134 0
2385 5129 0
2399 5123 0
2408 5116 0
2412 5109 0
2413 5103 0
2410 5096 0
2403 5091 0
2396 5087 0
2390 5084 0
2386 5082 0
2383 5081 0
2383 5084 0
2383 5090 0
2384 5097 0
2385 5107 0
2386 5118 0
2387 5130 0
2389 5145 0
2390 5162 0
2391 5179 0
2393 5194 0
2395 5208 0
2396 5220 0
2397 5228 0
2398 5233 0
2388 5227 0
.PEN_UP
.PEN_DOWN
2487 5103 0
2483 5101 0
2480 5099 0
2481 5102 0
2483 5106 0
2484 5116 0
2486 5127 0
2488 5139 0
2489 5153 0
2491 5171 0
2490 5188 0
2490 5203 0
2489 5218 0
2487 5229 0
2485 5237 0
2483 5242 0
2483 5242 0
.PEN_UP
.PEN_DOWN
2346 5059 0
2342 5058 0
2346 5059 0
2354 5060 0
2367 5061 0
2385 5062 0
2407 5062 0
2433 5062 0
2463 5061 0
2492 5059 0
2516 5056 0
2533 5054 0
2544 5052 0
2550 5050 0
2553 5048 0
2549 5047 0
2543 5047 0
.PEN_UP
.PEN_DOWN
2398 4971 0
2395 4971 0
2393 4966 0
2391 4963 0
2389 4960 0
2388 4957 0
2392 4956 0
2395 4957 0
2398 4963 0
2402 4974 0
2408 4986 0
2412 5000 0
2417 5014 0
2423 5029 0
2430 5043 0
2436 5055 0
2442 5065 0
2446 5073 0
2450 5079 0
2452 5083 0
2452 5083 0
.PEN_UP
.PEN_DOWN
2473 4918 0
2469 4914 0
2466 4911 0
2464 4908 0
2463 4911 0
2464 4918 0
2467 4935 0
2471 4956 0
2478 4981 0
2487 5006 0
2496 5032 0
2507 5054 0
.PEN_UP
