.VERSION 1.0 
.HIERARCHY CHARACTER
.COORD X Y T
.SEGMENT CHARACTER 0-1 OK "12"
.H_LINE 4624 5499
.V_LINE 3500 4250
.X_DIM 750
.Y_DIM 874
.X_POINTS_PER_INCH 1000
.Y_POINTS_PER_INCH 1000
.POINTS_PER_SECOND 125
.COMMENT CALIB X: 104 Y: -83

.WRITER_INFO
 Name: PRAKASH VARMA
 WriterId: 14
 Hand: right
 EducationLevel: post graduate
 Gender: male
 Profession: student
 Region: vizayanagaram
 Age: 25
 DeviceType: digimemo a402
 SkillDevice: average
 Language: hindi
 Script: indic
 Native: false
 Style: discrete
 UsageFreq: once a month
 Proficiency: good
 Date: 2007-6-12
 WritingInProfession: can't say

.PEN_DOWN
3909 5043 0
3907 5039 0
3907 5046 0
3909 5058 0
3911 5072 0
3913 5087 0
3917 5105 0
3920 5125 0
3922 5146 0
3924 5169 0
3925 5190 0
3926 5210 0
3926 5226 0
3926 5239 0
3925 5249 0
3924 5255 0
3924 5258 0
3924 5252 0
3924 5243 0
3925 5233 0
3926 5219 0
3927 5204 0
3927 5188 0
3926 5173 0
3925 5159 0
3923 5146 0
3921 5135 0
3919 5127 0
3916 5119 0
3913 5112 0
3908 5107 0
3902 5103 0
3895 5100 0
3886 5099 0
3878 5098 0
3869 5098 0
3862 5099 0
3856 5102 0
3848 5107 0
3841 5114 0
3835 5121 0
3831 5129 0
3829 5137 0
3829 5145 0
3831 5153 0
3834 5159 0
3838 5164 0
3843 5167 0
3849 5168 0
3856 5166 0
3864 5163 0
3871 5158 0
3879 5152 0
3889 5145 0
3899 5137 0
3912 5129 0
3926 5121 0
3942 5113 0
3963 5105 0
3985 5099 0
4004 5095 0
4022 5092 0
4036 5093 0
4046 5095 0
4053 5099 0
4057 5106 0
4060 5116 0
4062 5126 0
4063 5138 0
4063 5150 0
4063 5159 0
4063 5167 0
4063 5171 0
4063 5174 0
4060 5172 0
4055 5169 0
4046 5166 0
4042 5161 0
.PEN_UP
.PEN_DOWN
3808 5025 0
3804 5025 0
3799 5019 0
3794 5015 0
3790 5013 0
3794 5012 0
3804 5011 0
3820 5010 0
3839 5008 0
3860 5006 0
3890 5003 0
3927 5001 0
3967 4999 0
4003 4998 0
4029 4998 0
4047 4997 0
4058 4997 0
4063 4997 0
4063 5002 0
4063 5005 0
.PEN_UP
