.VERSION 1.0 
.HIERARCHY CHARACTER
.COORD X Y T
.SEGMENT CHARACTER 0-2 OK "13"
.H_LINE 4624 5499
.V_LINE 5000 5750
.X_DIM 750
.Y_DIM 874
.X_POINTS_PER_INCH 1000
.Y_POINTS_PER_INCH 1000
.POINTS_PER_SECOND 125
.COMMENT CALIB X: 42 Y: -121

.WRITER_INFO
 Name: PRAKASH VARMA
 WriterId: 14
 Hand: right
 EducationLevel: post graduate
 Gender: male
 Profession: student
 Region: vizayanagaram
 Age: 25
 DeviceType: digimemo a402
 SkillDevice: average
 Language: hindi
 Script: indic
 Native: false
 Style: discrete
 UsageFreq: once a month
 Proficiency: good
 Date: 2007-6-12
 WritingInProfession: can't say

.PEN_DOWN
5245 4979 0
5243 4975 0
5241 4970 0
5240 4966 0
5241 4970 0
5244 4979 0
5247 4993 0
5250 5010 0
5252 5028 0
5252 5045 0
5248 5063 0
5239 5081 0
5226 5095 0
5213 5104 0
5202 5108 0
5192 5107 0
5184 5100 0
5178 5089 0
5174 5077 0
5172 5067 0
5172 5058 0
5174 5053 0
5175 5050 0
5179 5052 0
5188 5057 0
5198 5064 0
5210 5073 0
5224 5081 0
5239 5090 0
5255 5096 0
5271 5099 0
5286 5099 0
5300 5097 0
5313 5092 0
5326 5087 0
5339 5081 0
5351 5074 0
5363 5068 0
5373 5062 0
5382 5053 0
5394 5046 0
5403 5039 0
5410 5032 0
5414 5025 0
5416 5018 0
5416 5011 0
5415 5004 0
5413 4997 0
5411 4990 0
5410 4985 0
5408 4982 0
5408 4985 0
5408 4988 0
5408 4991 0
5408 4995 0
5408 5001 0
5408 5009 0
5408 5018 0
5408 5029 0
5409 5041 0
5410 5056 0
5411 5074 0
5412 5094 0
5411 5115 0
5407 5135 0
5402 5153 0
5397 5168 0
5393 5179 0
5390 5187 0
5388 5191 0
5384 5189 0
.PEN_UP
.PEN_DOWN
5401 5042 0
5401 5039 0
5402 5035 0
5402 5032 0
5402 5028 0
5403 5025 0
5398 5022 0
5390 5018 0
5380 5015 0
5369 5013 0
5355 5012 0
5339 5011 0
5326 5013 0
5309 5017 0
5294 5023 0
5283 5027 0
5276 5031 0
5272 5037 0
5270 5042 0
5272 5048 0
5279 5054 0
5288 5058 0
5300 5060 0
5312 5061 0
5329 5060 0
5347 5057 0
5365 5051 0
.PEN_UP
.PEN_DOWN
5116 4956 0
5112 4955 0
5108 4953 0
5117 4951 0
5135 4951 0
5162 4952 0
5199 4952 0
5241 4952 0
5282 4953 0
5329 4956 0
5379 4959 0
5429 4960 0
5472 4962 0
.PEN_UP
