.VERSION 1.0 
.HIERARCHY CHARACTER
.COORD X Y T
.SEGMENT CHARACTER 0-1 OK "44"
.H_LINE 4624 5499
.V_LINE 6500 7250
.X_DIM 750
.Y_DIM 874
.X_POINTS_PER_INCH 1000
.Y_POINTS_PER_INCH 1000
.POINTS_PER_SECOND 125
.COMMENT CALIB X: 50 Y: -113

.WRITER_INFO
 Name: PRAKASH VARMA
 WriterId: 14
 Hand: right
 EducationLevel: post graduate
 Gender: male
 Profession: student
 Region: vizayanagaram
 Age: 25
 DeviceType: digimemo a402
 SkillDevice: average
 Language: hindi
 Script: indic
 Native: false
 Style: discrete
 UsageFreq: once a month
 Proficiency: good
 Date: 2007-6-12
 WritingInProfession: can't say

.PEN_DOWN
6769 4952 0
6769 4949 0
6771 4956 0
6773 4966 0
6774 4979 0
6775 4994 0
6776 5009 0
6777 5022 0
6778 5033 0
6779 5042 0
6779 5048 0
6779 5052 0
6777 5048 0
6774 5043 0
6770 5039 0
6765 5035 0
6757 5031 0
6749 5029 0
6740 5027 0
6731 5026 0
6721 5026 0
6712 5027 0
6701 5031 0
6690 5035 0
6682 5039 0
6677 5045 0
6672 5051 0
6668 5057 0
6666 5062 0
6666 5067 0
6667 5071 0
6669 5075 0
6673 5079 0
6680 5082 0
6689 5083 0
6698 5084 0
6709 5085 0
6717 5085 0
6725 5085 0
6733 5086 0
6742 5087 0
6750 5089 0
6759 5090 0
6767 5091 0
6776 5092 0
6783 5093 0
6790 5094 0
6795 5096 0
6798 5097 0
6801 5099 0
6804 5101 0
6806 5104 0
6807 5107 0
6808 5110 0
6808 5113 0
6807 5116 0
6807 5119 0
6807 5123 0
6806 5127 0
6805 5132 0
6805 5137 0
6805 5142 0
6804 5148 0
6804 5154 0
6803 5159 0
6802 5163 0
6801 5166 0
6800 5163 0
6800 5158 0
6800 5151 0
6800 5143 0
6799 5136 0
6796 5130 0
6793 5124 0
6790 5119 0
6786 5114 0
6781 5110 0
6776 5107 0
6770 5104 0
6764 5101 0
6758 5098 0
6752 5096 0
6747 5095 0
6742 5094 0
6736 5094 0
6731 5094 0
6727 5096 0
6721 5098 0
6713 5102 0
6704 5108 0
6695 5116 0
6687 5124 0
6682 5133 0
6679 5145 0
6678 5157 0
6679 5172 0
6683 5186 0
6690 5201 0
6699 5215 0
6709 5228 0
6721 5242 0
6735 5256 0
6749 5268 0
6762 5279 0
6774 5288 0
6787 5295 0
6797 5300 0
6805 5303 0
6813 5304 0
6820 5298 0
6825 5299 0
.PEN_UP
.PEN_DOWN
6639 4944 0
6639 4941 0
6642 4938 0
6652 4936 0
6677 4935 0
6710 4936 0
6747 4938 0
6782 4942 0
6816 4946 0
6850 4949 0
.PEN_UP
