.VERSION 1.0 
.HIERARCHY CHARACTER
.COORD X Y T
.SEGMENT CHARACTER 0-2 OK "66"
.H_LINE 2999 3874
.V_LINE 1999 2749
.X_DIM 749
.Y_DIM 874
.X_POINTS_PER_INCH 1000
.Y_POINTS_PER_INCH 1000
.POINTS_PER_SECOND 125
.COMMENT CALIB X: 53 Y: -118

.WRITER_INFO
 Name: PRAKASH VARMA
 WriterId: 14
 Hand: right
 EducationLevel: post graduate
 Gender: male
 Profession: student
 Region: vizayanagaram
 Age: 25
 DeviceType: digimemo a402
 SkillDevice: average
 Language: hindi
 Script: indic
 Native: false
 Style: discrete
 UsageFreq: once a month
 Proficiency: good
 Date: 2007-6-12
 WritingInProfession: can't say

.PEN_DOWN
2197 3298 0
2195 3302 0
2195 3306 0
2196 3311 0
2197 3316 0
2198 3320 0
2200 3325 0
2200 3333 0
2200 3341 0
2199 3349 0
2199 3356 0
2198 3363 0
2197 3370 0
2195 3379 0
2192 3389 0
2187 3397 0
2183 3403 0
2180 3409 0
2178 3413 0
2176 3416 0
2173 3418 0
2169 3422 0
2165 3424 0
2161 3425 0
2156 3426 0
2151 3426 0
2147 3426 0
2142 3425 0
2137 3422 0
2133 3419 0
2129 3417 0
2126 3415 0
2123 3413 0
2122 3410 0
2122 3407 0
2124 3404 0
2129 3401 0
2136 3398 0
2143 3396 0
2150 3395 0
2158 3395 0
2168 3397 0
2176 3398 0
2183 3399 0
2189 3400 0
2194 3402 0
2198 3404 0
2200 3407 0
2202 3411 0
2204 3414 0
2206 3417 0
2207 3422 0
2209 3428 0
2211 3434 0
2213 3440 0
2215 3447 0
2216 3454 0
2218 3461 0
2219 3466 0
2220 3471 0
2222 3475 0
2223 3479 0
2225 3483 0
2227 3486 0
2229 3489 0
2232 3492 0
2236 3495 0
2240 3497 0
2244 3499 0
2248 3500 0
2252 3501 0
2258 3502 0
2263 3502 0
2269 3503 0
2275 3503 0
2282 3502 0
2289 3500 0
2295 3499 0
2300 3498 0
2304 3496 0
2307 3494 0
2310 3492 0
2315 3489 0
2318 3487 0
2319 3484 0
2314 3481 0
.PEN_UP
.PEN_DOWN
2345 3313 0
2341 3311 0
2336 3311 0
2331 3311 0
2326 3312 0
2318 3316 0
2311 3321 0
2305 3326 0
2300 3332 0
2297 3337 0
2296 3343 0
2296 3349 0
2298 3356 0
2302 3363 0
2307 3369 0
2314 3373 0
2324 3374 0
2335 3373 0
2347 3369 0
2358 3364 0
2367 3360 0
2373 3356 0
2377 3353 0
.PEN_UP
.PEN_DOWN
2099 3260 0
2096 3259 0
2093 3259 0
2096 3259 0
2104 3260 0
2119 3260 0
2146 3259 0
2186 3257 0
2230 3257 0
2269 3259 0
2299 3261 0
2323 3265 0
.PEN_UP
