.VERSION 1.0 
.HIERARCHY CHARACTER
.COORD X Y T
.SEGMENT CHARACTER 0-1 OK "68"
.H_LINE 2999 3874
.V_LINE 5000 5750
.X_DIM 750
.Y_DIM 874
.X_POINTS_PER_INCH 1000
.Y_POINTS_PER_INCH 1000
.POINTS_PER_SECOND 125
.COMMENT CALIB X: 23 Y: -64

.WRITER_INFO
 Name: GOUTHAM
 WriterId: 61
 Hand: right
 EducationLevel: high school
 Gender: male
 Profession: student
 Region: kerela
 Age: 19
 DeviceType: digimemo a402
 SkillDevice: average
 Language: hindi
 Script: indic
 Native: false
 Style: discrete
 UsageFreq: once a month
 Proficiency: average
 Date: 2007-6-25
 WritingInProfession: no

.PEN_DOWN
5315 3411 0
5316 3408 0
5316 3405 0
5312 3404 0
5307 3405 0
5302 3407 0
5296 3411 0
5287 3418 0
5279 3425 0
5270 3433 0
5261 3444 0
5253 3454 0
5247 3464 0
5244 3473 0
5243 3480 0
5244 3488 0
5247 3494 0
5252 3498 0
5260 3500 0
5270 3500 0
5280 3498 0
5291 3494 0
5303 3490 0
5313 3486 0
5319 3485 0
5322 3485 0
5319 3488 0
5315 3491 0
5310 3494 0
5306 3497 0
5301 3502 0
5296 3509 0
5290 3519 0
5285 3528 0
5281 3536 0
5279 3543 0
5278 3550 0
5278 3555 0
5279 3560 0
5280 3564 0
5282 3567 0
5287 3569 0
5295 3569 0
5309 3566 0
5326 3562 0
5345 3558 0
5365 3553 0
5382 3547 0
5395 3541 0
5403 3534 0
.PEN_UP
.PEN_DOWN
5225 3399 0
5222 3399 0
5218 3399 0
5215 3398 0
5212 3397 0
5208 3397 0
5204 3398 0
5201 3398 0
5198 3399 0
5195 3399 0
5192 3399 0
5196 3400 0
5203 3400 0
5212 3400 0
5226 3401 0
5245 3401 0
5264 3401 0
5285 3398 0
5312 3394 0
5343 3389 0
5377 3383 0
5408 3379 0
5431 3376 0
5446 3374 0
5455 3373 0
5460 3373 0
5463 3373 0
5463 3373 0
.PEN_UP
