269.0,120.0
269.0,149.0
269.0,152.0
269.0,155.0
266.0,156.0
264.0,156.0
261.0,154.0
259.0,154.0
257.0,155.0
254.0,156.0
251.0,159.0
249.0,160.0
248.0,162.0
246.0,166.0
247.0,169.0
248.0,171.0
252.0,174.0
254.0,175.0
258.0,178.0
264.0,181.0
268.0,183.0
271.0,186.0
275.0,190.0
276.0,192.0
278.0,196.0
276.0,200.0
275.0,203.0
272.0,205.0
268.0,208.0
264.0,209.0
259.0,211.0
253.0,212.0
249.0,212.0
247.0,210.0
245.0,210.0
242.0,210.0
240.0,211.0
242.0,211.0
243.0,208.0
-1.0,-1.0
205.0,118.0
210.0,118.0
213.0,119.0
216.0,119.0
222.0,119.0
227.0,119.0
233.0,119.0
235.0,117.0
240.0,117.0
244.0,117.0
251.0,117.0
255.0,117.0
261.0,117.0
263.0,117.0
268.0,117.0
271.0,117.0
276.0,117.0
281.0,117.0
289.0,117.0
292.0,117.0
296.0,117.0
299.0,118.0
303.0,118.0
305.0,118.0
307.0,118.0
310.0,116.0
312.0,115.0
-1.0,-1.0
 
