.VERSION 1.0 
.HIERARCHY CHARACTER
.COORD X Y T
.SEGMENT CHARACTER 0-1 OK "39"
.H_LINE 2999 3874
.V_LINE 6500 7250
.X_DIM 750
.Y_DIM 874
.X_POINTS_PER_INCH 1000
.Y_POINTS_PER_INCH 1000
.POINTS_PER_SECOND 125
.COMMENT CALIB X: -14 Y: -133

.WRITER_INFO
 Name: ANUJ SHUKLA
 WriterId: 78
 Hand: right
 EducationLevel: college graduate
 Gender: male
 Profession: student
 Region: bhopal
 Age: 21
 DeviceType: digimemo a402
 SkillDevice: average
 Language: hindi
 Script: indic
 Native: true
 Style: discrete
 UsageFreq: once a month
 Proficiency: average
 Date: 2007-6-30
 WritingInProfession: no

.PEN_DOWN
6977 3218 0
6976 3214 0
6975 3211 0
6976 3216 0
6977 3225 0
6978 3235 0
6979 3247 0
6980 3260 0
6981 3272 0
6982 3285 0
6982 3297 0
6982 3307 0
6983 3315 0
6983 3322 0
6983 3325 0
6984 3321 0
6985 3314 0
6985 3306 0
6985 3299 0
6984 3290 0
6982 3283 0
6979 3278 0
6975 3274 0
6971 3270 0
6964 3268 0
6955 3266 0
6947 3265 0
6938 3265 0
6929 3266 0
6921 3268 0
6913 3272 0
6907 3277 0
6902 3283 0
6898 3290 0
6896 3296 0
6894 3303 0
6893 3309 0
6892 3312 0
6891 3307 0
6891 3302 0
6891 3295 0
6890 3287 0
6888 3280 0
6886 3274 0
6883 3268 0
6879 3263 0
6876 3258 0
6871 3255 0
6867 3253 0
6863 3253 0
6857 3254 0
6848 3256 0
6839 3258 0
6830 3263 0
6822 3269 0
6813 3276 0
6805 3284 0
6799 3292 0
6796 3302 0
6794 3313 0
6796 3324 0
6800 3336 0
6808 3345 0
6819 3353 0
6835 3358 0
6855 3358 0
6878 3349 0
.PEN_UP
.PEN_DOWN
6843 3204 0
6838 3204 0
6833 3204 0
6836 3204 0
6849 3203 0
6877 3203 0
6915 3201 0
6954 3198 0
6989 3195 0
7024 3192 0
7052 3191 0
7073 3191 0
.PEN_UP
