.VERSION 1.0 
.HIERARCHY CHARACTER
.COORD X Y T
.SEGMENT CHARACTER 0-2 OK "93"
.H_LINE 1374 2249
.V_LINE 5000 5750
.X_DIM 750
.Y_DIM 874
.X_POINTS_PER_INCH 1000
.Y_POINTS_PER_INCH 1000
.POINTS_PER_SECOND 125
.COMMENT CALIB X: -2 Y: -152

.WRITER_INFO
 Name: ANUJ SHUKLA
 WriterId: 78
 Hand: right
 EducationLevel: college graduate
 Gender: male
 Profession: student
 Region: bhopal
 Age: 21
 DeviceType: digimemo a402
 SkillDevice: average
 Language: hindi
 Script: indic
 Native: true
 Style: discrete
 UsageFreq: once a month
 Proficiency: average
 Date: 2007-6-30
 WritingInProfession: no

.PEN_DOWN
5231 1636 0
5226 1636 0
5222 1636 0
5233 1636 0
5249 1635 0
5270 1633 0
5297 1631 0
5324 1630 0
5347 1631 0
5363 1633 0
.PEN_UP
.PEN_DOWN
5281 1639 0
5281 1642 0
5281 1647 0
5282 1655 0
5283 1664 0
5284 1675 0
5287 1687 0
5289 1698 0
5291 1708 0
5293 1716 0
5294 1721 0
5295 1724 0
5295 1720 0
5295 1717 0
5294 1714 0
5293 1711 0
5292 1708 0
5290 1705 0
5287 1704 0
5284 1705 0
5279 1707 0
5273 1709 0
5268 1711 0
5262 1715 0
5257 1720 0
5253 1724 0
5250 1728 0
5247 1733 0
5246 1737 0
5245 1741 0
5245 1745 0
5246 1748 0
5248 1751 0
5251 1754 0
5255 1756 0
5261 1757 0
5268 1758 0
5276 1760 0
5285 1763 0
5292 1765 0
5297 1767 0
5301 1771 0
5304 1775 0
5308 1778 0
5310 1781 0
5310 1778 0
5310 1775 0
5308 1772 0
5305 1769 0
5302 1767 0
5299 1764 0
5296 1763 0
5293 1762 0
5290 1761 0
5287 1760 0
5284 1759 0
5281 1757 0
5278 1755 0
5275 1755 0
5272 1755 0
5269 1756 0
5265 1758 0
5261 1760 0
5258 1762 0
5256 1765 0
5253 1769 0
5251 1773 0
5250 1777 0
5249 1782 0
5247 1788 0
5246 1794 0
5245 1801 0
5245 1808 0
5247 1816 0
5250 1824 0
5254 1832 0
5259 1837 0
5266 1839 0
5278 1837 0
5294 1831 0
5313 1823 0
5331 1814 0
.PEN_UP
.PEN_DOWN
5283 1761 0
5291 1763 0
5305 1763 0
5323 1763 0
5343 1762 0
5362 1761 0
5377 1760 0
5385 1760 0
5378 1760 0
5365 1761 0
.PEN_UP
