.VERSION 1.0 
.HIERARCHY CHARACTER
.COORD X Y T
.SEGMENT CHARACTER 0-2 OK "97"
.H_LINE 2999 3874
.V_LINE 3500 4250
.X_DIM 750
.Y_DIM 874
.X_POINTS_PER_INCH 1000
.Y_POINTS_PER_INCH 1000
.POINTS_PER_SECOND 125
.COMMENT CALIB X: -43 Y: -134

.WRITER_INFO
 Name: ANUJ SHUKLA
 WriterId: 78
 Hand: right
 EducationLevel: college graduate
 Gender: male
 Profession: student
 Region: bhopal
 Age: 21
 DeviceType: digimemo a402
 SkillDevice: average
 Language: hindi
 Script: indic
 Native: true
 Style: discrete
 UsageFreq: once a month
 Proficiency: average
 Date: 2007-6-30
 WritingInProfession: no

.PEN_DOWN
3703 3284 0
3697 3285 0
3691 3285 0
3687 3285 0
3690 3285 0
3701 3285 0
3719 3282 0
3745 3280 0
3777 3278 0
3812 3276 0
3844 3275 0
3867 3275 0
3880 3277 0
.PEN_UP
.PEN_DOWN
3763 3294 0
3764 3298 0
3766 3304 0
3771 3310 0
3777 3317 0
3783 3323 0
3788 3329 0
3793 3334 0
3796 3337 0
3797 3334 0
3794 3331 0
3791 3330 0
3788 3329 0
3785 3329 0
3781 3332 0
3773 3337 0
3763 3343 0
3755 3350 0
3747 3357 0
3740 3366 0
3734 3377 0
3730 3387 0
3728 3396 0
3727 3405 0
3728 3414 0
3729 3420 0
3732 3426 0
3738 3431 0
3749 3434 0
3764 3434 0
3782 3433 0
3801 3431 0
3819 3428 0
3834 3433 0
3842 3424 0
.PEN_UP
.PEN_DOWN
3780 3453 0
3780 3457 0
3782 3461 0
3785 3466 0
3790 3473 0
3794 3480 0
3798 3486 0
3801 3491 0
3804 3495 0
3807 3498 0
3806 3495 0
3805 3492 0
3803 3489 0
3801 3486 0
3798 3484 0
3795 3484 0
3790 3486 0
3783 3489 0
3775 3493 0
3768 3498 0
3763 3504 0
3759 3510 0
3756 3517 0
3755 3525 0
3756 3533 0
3759 3539 0
3765 3544 0
3774 3548 0
3788 3549 0
3810 3547 0
3838 3537 0
3877 3521 0
.PEN_UP
