.VERSION 1.0 
.HIERARCHY CHARACTER
.COORD X Y T
.SEGMENT CHARACTER 0-3 OK "10"
.H_LINE 4624 5499
.V_LINE 499 1250
.X_DIM 750
.Y_DIM 874
.X_POINTS_PER_INCH 1000
.Y_POINTS_PER_INCH 1000
.POINTS_PER_SECOND 125
.COMMENT CALIB X: -109 Y: -71

.WRITER_INFO
 Name: SAI SATISH
 WriterId: 91
 Hand: right
 EducationLevel: post graduate
 Gender: male
 Profession: research scholar
 Region: chennai
 Age: 29
 DeviceType: digimemo a402
 SkillDevice: average
 Language: hindi
 Script: indic
 Native: false
 Style: discrete
 UsageFreq: once a week
 Proficiency: average
 Date: 2007-8-6
 WritingInProfession: no

.PEN_DOWN
653 5019 0
656 5018 0
660 5017 0
665 5018 0
672 5019 0
679 5021 0
686 5024 0
693 5027 0
699 5032 0
704 5038 0
707 5044 0
708 5049 0
708 5054 0
707 5059 0
703 5062 0
699 5066 0
693 5069 0
687 5071 0
681 5074 0
676 5077 0
673 5078 0
672 5081 0
672 5084 0
674 5087 0
678 5091 0
683 5094 0
689 5099 0
697 5104 0
704 5110 0
711 5116 0
720 5124 0
728 5131 0
734 5138 0
738 5145 0
739 5150 0
738 5153 0
734 5154 0
725 5155 0
711 5156 0
694 5156 0
676 5155 0
655 5151 0
639 5147 0
627 5142 0
620 5138 0
618 5133 0
622 5127 0
.PEN_UP
.PEN_DOWN
695 5095 0
698 5096 0
703 5096 0
710 5096 0
720 5095 0
732 5093 0
746 5090 0
761 5086 0
777 5080 0
789 5073 0
797 5065 0
802 5056 0
804 5047 0
803 5040 0
801 5034 0
799 5030 0
798 5033 0
799 5039 0
801 5047 0
803 5058 0
804 5069 0
805 5079 0
807 5089 0
809 5099 0
811 5107 0
812 5114 0
813 5120 0
814 5124 0
.PEN_UP
.PEN_DOWN
875 5011 0
879 5016 0
883 5023 0
885 5033 0
887 5045 0
889 5058 0
890 5072 0
891 5085 0
891 5097 0
891 5107 0
890 5116 0
889 5124 0
888 5129 0
888 5132 0
889 5126 0
889 5118 0
890 5103 0
891 5085 0
891 5061 0
889 5030 0
885 4993 0
879 4956 0
869 4922 0
856 4897 0
840 4879 0
821 4868 0
804 4863 0
791 4861 0
782 4861 0
777 4864 0
775 4869 0
775 4877 0
780 4887 0
790 4897 0
806 4906 0
826 4915 0
848 4921 0
868 4928 0
.PEN_UP
.PEN_DOWN
764 5020 0
767 5021 0
774 5021 0
786 5020 0
805 5018 0
831 5015 0
860 5010 0
890 5003 0
929 4996 0
.PEN_UP
