.VERSION 1.0 
.HIERARCHY CHARACTER
.COORD X Y T
.SEGMENT CHARACTER 0-2 OK "45"
.H_LINE 6249 7124
.V_LINE 499 1250
.X_DIM 750
.Y_DIM 875
.X_POINTS_PER_INCH 1000
.Y_POINTS_PER_INCH 1000
.POINTS_PER_SECOND 125
.COMMENT CALIB X: -113 Y: -20

.WRITER_INFO
 Name: SAI SATISH
 WriterId: 91
 Hand: right
 EducationLevel: post graduate
 Gender: male
 Profession: research scholar
 Region: chennai
 Age: 29
 DeviceType: digimemo a402
 SkillDevice: average
 Language: hindi
 Script: indic
 Native: false
 Style: discrete
 UsageFreq: once a week
 Proficiency: average
 Date: 2007-8-6
 WritingInProfession: no

.PEN_DOWN
934 6674 0
933 6671 0
932 6674 0
932 6681 0
931 6692 0
929 6708 0
927 6728 0
925 6748 0
924 6772 0
922 6796 0
921 6815 0
921 6831 0
921 6845 0
922 6856 0
922 6863 0
922 6867 0
.PEN_UP
.PEN_DOWN
912 6762 0
909 6764 0
906 6766 0
898 6769 0
888 6772 0
874 6774 0
855 6772 0
834 6769 0
810 6763 0
786 6755 0
766 6745 0
753 6736 0
745 6727 0
742 6720 0
744 6713 0
750 6708 0
758 6704 0
768 6701 0
778 6701 0
786 6703 0
793 6707 0
800 6712 0
806 6719 0
813 6728 0
820 6738 0
826 6747 0
830 6756 0
832 6764 0
832 6771 0
830 6779 0
826 6786 0
819 6791 0
810 6796 0
799 6800 0
787 6805 0
776 6809 0
768 6813 0
761 6817 0
756 6823 0
751 6828 0
748 6834 0
746 6841 0
745 6848 0
745 6855 0
746 6861 0
749 6866 0
753 6870 0
759 6873 0
768 6875 0
779 6875 0
794 6873 0
812 6868 0
830 6862 0
846 6854 0
857 6846 0
863 6839 0
865 6834 0
865 6830 0
859 6831 0
851 6834 0
843 6839 0
834 6849 0
826 6860 0
820 6872 0
816 6884 0
813 6896 0
812 6908 0
812 6922 0
811 6937 0
810 6953 0
808 6968 0
806 6980 0
803 6992 0
800 7001 0
796 7006 0
793 7008 0
788 7008 0
780 7005 0
769 6999 0
754 6990 0
737 6979 0
719 6967 0
706 6955 0
.PEN_UP
.PEN_DOWN
847 6674 0
852 6671 0
858 6668 0
866 6666 0
876 6663 0
890 6661 0
907 6658 0
931 6648 0
969 6643 0
.PEN_UP
