.VERSION 1.0 
.HIERARCHY CHARACTER
.COORD X Y T
.SEGMENT CHARACTER 0-1 OK "97"
.H_LINE 2999 3874
.V_LINE 3500 4250
.X_DIM 750
.Y_DIM 874
.X_POINTS_PER_INCH 1000
.Y_POINTS_PER_INCH 1000
.POINTS_PER_SECOND 125
.COMMENT CALIB X: -104 Y: -67

.WRITER_INFO
 Name: SAI SATISH
 WriterId: 91
 Hand: right
 EducationLevel: post graduate
 Gender: male
 Profession: research scholar
 Region: chennai
 Age: 29
 DeviceType: digimemo a402
 SkillDevice: average
 Language: hindi
 Script: indic
 Native: false
 Style: discrete
 UsageFreq: once a week
 Proficiency: average
 Date: 2007-8-6
 WritingInProfession: no

.PEN_DOWN
3845 3305 0
3845 3308 0
3845 3313 0
3845 3319 0
3844 3327 0
3844 3335 0
3843 3343 0
3842 3352 0
3841 3360 0
3840 3368 0
3840 3375 0
3840 3381 0
3839 3385 0
3836 3382 0
3831 3379 0
3824 3375 0
3815 3372 0
3806 3371 0
3796 3371 0
3786 3372 0
3776 3374 0
3767 3378 0
3759 3383 0
3753 3388 0
3749 3395 0
3746 3402 0
3745 3409 0
3744 3417 0
3745 3424 0
3747 3431 0
3750 3437 0
3755 3442 0
3762 3445 0
3774 3446 0
3789 3445 0
3807 3443 0
3825 3441 0
3841 3439 0
3853 3438 0
3860 3438 0
3864 3438 0
3860 3438 0
3856 3438 0
3850 3438 0
3842 3438 0
3833 3437 0
3823 3437 0
3813 3437 0
3804 3437 0
3796 3438 0
3790 3439 0
3785 3440 0
3784 3444 0
3784 3447 0
3785 3451 0
3786 3456 0
3787 3462 0
3789 3469 0
3791 3477 0
3793 3485 0
3795 3492 0
3796 3497 0
3797 3500 0
3794 3498 0
3788 3495 0
3779 3493 0
3768 3492 0
3757 3492 0
3745 3493 0
3734 3496 0
3725 3500 0
3718 3506 0
3713 3514 0
3709 3521 0
3707 3528 0
3707 3536 0
3708 3544 0
3710 3550 0
3713 3556 0
3720 3561 0
3730 3564 0
3747 3565 0
3770 3564 0
3795 3560 0
3820 3556 0
3844 3547 0
.PEN_UP
.PEN_DOWN
3741 3299 0
3745 3299 0
3753 3299 0
3767 3298 0
3789 3297 0
3815 3295 0
3845 3291 0
3875 3287 0
3906 3283 0
.PEN_UP
