.VERSION 1.0 
.HIERARCHY CHARACTER
.COORD X Y T
.SEGMENT CHARACTER 0-1 OK "97"
.H_LINE 2999 3874
.V_LINE 3500 4250
.X_DIM 750
.Y_DIM 874
.X_POINTS_PER_INCH 1000
.Y_POINTS_PER_INCH 1000
.POINTS_PER_SECOND 125
.COMMENT CALIB X: -120 Y: -26

.WRITER_INFO
 Name: SAI SATISH
 WriterId: 91
 Hand: right
 EducationLevel: post graduate
 Gender: male
 Profession: research scholar
 Region: chennai
 Age: 29
 DeviceType: digimemo a402
 SkillDevice: average
 Language: hindi
 Script: indic
 Native: false
 Style: discrete
 UsageFreq: once a week
 Proficiency: average
 Date: 2007-8-6
 WritingInProfession: no

.PEN_DOWN
3829 3379 0
3828 3384 0
3827 3389 0
3827 3395 0
3827 3403 0
3827 3412 0
3828 3422 0
3829 3431 0
3830 3441 0
3831 3449 0
3831 3454 0
3832 3457 0
3831 3454 0
3828 3449 0
3822 3445 0
3813 3441 0
3802 3438 0
3791 3436 0
3778 3436 0
3766 3438 0
3755 3442 0
3746 3446 0
3741 3451 0
3738 3456 0
3736 3463 0
3736 3471 0
3737 3479 0
3739 3488 0
3743 3496 0
3747 3503 0
3752 3509 0
3760 3514 0
3772 3518 0
3787 3520 0
3805 3519 0
3824 3517 0
3841 3514 0
3853 3513 0
3860 3512 0
3864 3511 0
3860 3513 0
3856 3514 0
3852 3515 0
3847 3515 0
3843 3516 0
3840 3516 0
3836 3516 0
3832 3516 0
3827 3517 0
3822 3518 0
3817 3519 0
3812 3520 0
3808 3520 0
3804 3521 0
3801 3522 0
3800 3526 0
3799 3531 0
3799 3536 0
3800 3543 0
3800 3549 0
3801 3555 0
3802 3562 0
3803 3569 0
3804 3575 0
3804 3579 0
3800 3579 0
3794 3580 0
3784 3581 0
3772 3583 0
3762 3585 0
3753 3588 0
3745 3591 0
3740 3596 0
3736 3601 0
3733 3607 0
3730 3614 0
3729 3622 0
3728 3629 0
3728 3635 0
3729 3640 0
3733 3644 0
3741 3647 0
3753 3648 0
3771 3646 0
3799 3641 0
3823 3635 0
.PEN_UP
.PEN_DOWN
3728 3388 0
3734 3388 0
3746 3387 0
3766 3386 0
3793 3383 0
3824 3380 0
3854 3377 0
3882 3373 0
.PEN_UP
