.VERSION 1.0 
.HIERARCHY CHARACTER
.COORD X Y T
.SEGMENT CHARACTER 0-4 OK "2"
.H_LINE 1374 2249
.V_LINE 3500 4250
.X_DIM 750
.Y_DIM 874
.X_POINTS_PER_INCH 1000
.Y_POINTS_PER_INCH 1000
.POINTS_PER_SECOND 125
.COMMENT CALIB X: -20 Y: -49

.WRITER_INFO
 Name: SATYA
 WriterId: 92
 Hand: right
 EducationLevel: primary school
 Gender: male
 Profession: student
 Region: hyderabad
 Age: 14
 DeviceType: digimemo a402
 SkillDevice: average
 Language: hindi
 Script: indic
 Native: false
 Style: discrete
 UsageFreq: every day
 Proficiency: average
 Date: 2007-7-8
 WritingInProfession: yes, but limited

.PEN_DOWN
3662 1792 0
3660 1789 0
3659 1786 0
3659 1783 0
3660 1780 0
3662 1777 0
3665 1774 0
3667 1771 0
3670 1769 0
3673 1767 0
3677 1765 0
3682 1764 0
3687 1763 0
3691 1762 0
3694 1762 0
3698 1762 0
3702 1763 0
3705 1765 0
3708 1767 0
3710 1770 0
3712 1774 0
3716 1779 0
3720 1784 0
3723 1789 0
3725 1793 0
3726 1797 0
3727 1801 0
3728 1805 0
3729 1809 0
3729 1813 0
3729 1816 0
3729 1820 0
3729 1824 0
3729 1828 0
3728 1832 0
3727 1837 0
3726 1842 0
3723 1846 0
3720 1851 0
3717 1856 0
3714 1860 0
3711 1862 0
3707 1865 0
3703 1867 0
3700 1867 0
3697 1866 0
3694 1865 0
3697 1864 0
3700 1864 0
3703 1864 0
3706 1865 0
3709 1866 0
3712 1867 0
3715 1868 0
3719 1870 0
3723 1871 0
3726 1873 0
3729 1876 0
3732 1878 0
3733 1881 0
3735 1884 0
3737 1888 0
3739 1893 0
3741 1897 0
3743 1902 0
3745 1906 0
3746 1910 0
3746 1914 0
3746 1918 0
3747 1922 0
3747 1926 0
3747 1930 0
3747 1935 0
3747 1939 0
3746 1943 0
3747 1948 0
3746 1953 0
3744 1960 0
3742 1967 0
3740 1974 0
3738 1980 0
3736 1984 0
3734 1987 0
3732 1990 0
3728 1994 0
3725 1998 0
3720 2002 0
3717 2005 0
3714 2006 0
3710 2007 0
3706 2006 0
3700 2004 0
3695 2001 0
3688 1997 0
3680 1993 0
3673 1989 0
3667 1985 0
3660 1981 0
3655 1978 0
3651 1975 0
3647 1971 0
3643 1967 0
3640 1963 0
3638 1959 0
3637 1955 0
3636 1951 0
3636 1948 0
3637 1945 0
3639 1941 0
3644 1936 0
.PEN_UP
.PEN_DOWN
3709 1863 0
3712 1864 0
3715 1864 0
3718 1864 0
3721 1865 0
3724 1867 0
3728 1867 0
3731 1868 0
3736 1868 0
3743 1867 0
3750 1866 0
3757 1865 0
3766 1864 0
3775 1862 0
3784 1860 0
3791 1859 0
3795 1858 0
3795 1858 0
.PEN_UP
.PEN_DOWN
3803 1766 0
3802 1769 0
3802 1772 0
3802 1776 0
3802 1780 0
3803 1784 0
3804 1789 0
3805 1794 0
3806 1800 0
3807 1807 0
3808 1815 0
3809 1823 0
3810 1832 0
3811 1841 0
3813 1849 0
3815 1857 0
3816 1864 0
3816 1871 0
3817 1878 0
3817 1886 0
3818 1894 0
3819 1901 0
3820 1910 0
3821 1918 0
3823 1925 0
3824 1932 0
3825 1938 0
3827 1943 0
3827 1947 0
3828 1951 0
3828 1954 0
3829 1957 0
3829 1960 0
3830 1963 0
3831 1966 0
3831 1969 0
3831 1963 0
3830 1956 0
3829 1949 0
3830 1945 0
.PEN_UP
.PEN_DOWN
3916 1777 0
3911 1778 0
3908 1779 0
3907 1782 0
3908 1785 0
3909 1789 0
3910 1795 0
3912 1802 0
3914 1812 0
3915 1823 0
3917 1833 0
3918 1845 0
3920 1856 0
3921 1866 0
3922 1875 0
3923 1885 0
3923 1895 0
3923 1905 0
3923 1916 0
3924 1925 0
3924 1933 0
3924 1940 0
3924 1945 0
3924 1949 0
3923 1944 0
3921 1937 0
3920 1928 0
3922 1923 0
.PEN_UP
.PEN_DOWN
3763 1750 0
3765 1753 0
3769 1756 0
3773 1758 0
3777 1759 0
3782 1760 0
3791 1762 0
3798 1763 0
3805 1764 0
3815 1764 0
3829 1763 0
3845 1761 0
3861 1760 0
3875 1759 0
3890 1758 0
3904 1757 0
3915 1756 0
3924 1756 0
3932 1756 0
3938 1756 0
3944 1756 0
3948 1755 0
3951 1755 0
3954 1754 0
3957 1754 0
3954 1752 0
.PEN_UP
