.VERSION 1.0 
.HIERARCHY CHARACTER
.COORD X Y T
.SEGMENT CHARACTER 0-4 OK "10"
.H_LINE 4624 5499
.V_LINE 499 1250
.X_DIM 750
.Y_DIM 874
.X_POINTS_PER_INCH 1000
.Y_POINTS_PER_INCH 1000
.POINTS_PER_SECOND 125
.COMMENT CALIB X: -63 Y: -78

.WRITER_INFO
 Name: SATYA
 WriterId: 92
 Hand: right
 EducationLevel: primary school
 Gender: male
 Profession: student
 Region: hyderabad
 Age: 14
 DeviceType: digimemo a402
 SkillDevice: average
 Language: hindi
 Script: indic
 Native: false
 Style: discrete
 UsageFreq: every day
 Proficiency: average
 Date: 2007-7-8
 WritingInProfession: yes, but limited

.PEN_DOWN
617 4987 0
615 4984 0
615 4980 0
616 4976 0
618 4973 0
621 4968 0
625 4964 0
631 4962 0
640 4963 0
650 4967 0
659 4975 0
667 4984 0
674 4996 0
679 5007 0
683 5019 0
684 5031 0
682 5044 0
677 5055 0
670 5064 0
661 5071 0
654 5074 0
649 5075 0
648 5072 0
649 5069 0
657 5070 0
667 5074 0
676 5080 0
685 5089 0
692 5098 0
698 5110 0
701 5121 0
702 5134 0
699 5149 0
695 5160 0
688 5170 0
679 5177 0
669 5181 0
658 5180 0
647 5176 0
637 5169 0
631 5161 0
628 5151 0
629 5141 0
632 5132 0
639 5122 0
.PEN_UP
.PEN_DOWN
692 5061 0
697 5061 0
706 5059 0
720 5057 0
736 5054 0
752 5050 0
766 5045 0
777 5041 0
784 5037 0
786 5033 0
786 5028 0
785 5021 0
782 5014 0
778 5006 0
774 4998 0
771 4993 0
768 4990 0
768 4997 0
769 5008 0
772 5022 0
776 5037 0
780 5053 0
784 5068 0
788 5080 0
791 5093 0
795 5107 0
797 5120 0
799 5132 0
800 5143 0
800 5152 0
800 5157 0
800 5160 0
802 5155 0
804 5146 0
806 5130 0
810 5120 0
.PEN_UP
.PEN_DOWN
902 4957 0
903 4961 0
904 4966 0
906 4974 0
908 4984 0
910 4996 0
913 5010 0
916 5027 0
918 5046 0
921 5064 0
924 5080 0
927 5094 0
930 5106 0
932 5117 0
934 5126 0
935 5131 0
934 5128 0
932 5121 0
931 5112 0
931 5100 0
.PEN_UP
.PEN_DOWN
915 4995 0
915 4992 0
915 4987 0
911 4980 0
908 4971 0
904 4960 0
899 4946 0
893 4929 0
884 4911 0
873 4894 0
860 4880 0
846 4869 0
831 4861 0
819 4859 0
809 4857 0
798 4857 0
790 4858 0
784 4862 0
781 4866 0
782 4871 0
786 4875 0
792 4878 0
801 4881 0
810 4883 0
822 4884 0
831 4885 0
838 4886 0
845 4887 0
.PEN_UP
.PEN_DOWN
706 4984 0
706 4981 0
709 4979 0
713 4978 0
718 4978 0
724 4977 0
730 4978 0
738 4979 0
752 4980 0
767 4979 0
787 4977 0
814 4974 0
845 4969 0
877 4965 0
903 4963 0
924 4961 0
940 4961 0
952 4961 0
958 4961 0
961 4962 0
960 4959 0
.PEN_UP
