.VERSION 1.0 
.HIERARCHY CHARACTER
.COORD X Y T
.SEGMENT CHARACTER 0-3 OK "21"
.H_LINE 7874 8750
.V_LINE 1999 2749
.X_DIM 749
.Y_DIM 875
.X_POINTS_PER_INCH 1000
.Y_POINTS_PER_INCH 1000
.POINTS_PER_SECOND 125
.COMMENT CALIB X: -123 Y: -78

.WRITER_INFO
 Name: SATYA
 WriterId: 92
 Hand: right
 EducationLevel: primary school
 Gender: male
 Profession: student
 Region: hyderabad
 Age: 14
 DeviceType: digimemo a402
 SkillDevice: average
 Language: hindi
 Script: indic
 Native: false
 Style: discrete
 UsageFreq: every day
 Proficiency: average
 Date: 2007-7-8
 WritingInProfession: yes, but limited

.PEN_DOWN
2195 8232 0
2198 8232 0
2202 8229 0
2206 8227 0
2209 8227 0
2212 8227 0
2215 8227 0
2220 8227 0
2227 8228 0
2234 8229 0
2244 8230 0
2255 8231 0
2269 8232 0
2284 8233 0
2301 8234 0
2317 8235 0
2332 8235 0
2346 8234 0
2361 8233 0
2373 8231 0
2385 8230 0
2395 8229 0
2404 8228 0
2411 8228 0
2416 8228 0
2419 8228 0
2422 8227 0
2425 8226 0
2427 8223 0
2427 8220 0
2427 8216 0
2427 8216 0
.PEN_UP
.PEN_DOWN
2362 8230 0
2361 8233 0
2361 8237 0
2361 8242 0
2362 8247 0
2362 8253 0
2363 8259 0
2365 8265 0
2367 8273 0
2369 8282 0
2370 8289 0
2372 8297 0
2373 8306 0
2375 8316 0
2376 8326 0
2377 8337 0
2378 8347 0
2379 8357 0
2380 8369 0
2380 8383 0
2380 8398 0
2380 8409 0
2380 8420 0
2381 8431 0
2382 8442 0
2383 8451 0
2384 8461 0
2384 8471 0
2384 8479 0
2385 8486 0
2385 8491 0
2386 8495 0
2386 8498 0
2387 8501 0
2387 8504 0
2387 8507 0
2387 8510 0
2387 8504 0
2386 8498 0
2386 8492 0
2386 8484 0
.PEN_UP
.PEN_DOWN
2223 8356 0
2215 8356 0
2210 8355 0
2207 8354 0
2204 8353 0
2205 8350 0
2208 8347 0
2213 8345 0
2219 8344 0
2227 8343 0
2236 8345 0
2245 8348 0
2255 8351 0
2266 8355 0
2274 8360 0
2281 8366 0
2288 8373 0
2294 8378 0
2297 8384 0
2300 8392 0
2301 8402 0
2300 8411 0
2299 8421 0
2297 8430 0
2294 8439 0
2289 8447 0
2283 8453 0
2275 8458 0
2266 8461 0
2258 8461 0
2249 8460 0
2241 8457 0
2233 8452 0
2227 8446 0
2223 8441 0
2221 8437 0
2220 8434 0
2221 8431 0
2227 8432 0
2235 8426 0
.PEN_UP
.PEN_DOWN
2320 8381 0
2313 8381 0
2310 8382 0
2313 8384 0
2319 8385 0
2326 8386 0
2333 8387 0
2342 8387 0
2351 8387 0
2360 8387 0
2368 8387 0
2373 8387 0
2377 8386 0
2414 8385 0
.PEN_UP
