.VERSION 1.0 
.HIERARCHY CHARACTER
.COORD X Y T
.SEGMENT CHARACTER 0-2 OK "45"
.H_LINE 6249 7124
.V_LINE 499 1250
.X_DIM 750
.Y_DIM 875
.X_POINTS_PER_INCH 1000
.Y_POINTS_PER_INCH 1000
.POINTS_PER_SECOND 125
.COMMENT CALIB X: -71 Y: -93

.WRITER_INFO
 Name: SATYA
 WriterId: 92
 Hand: right
 EducationLevel: primary school
 Gender: male
 Profession: student
 Region: hyderabad
 Age: 14
 DeviceType: digimemo a402
 SkillDevice: average
 Language: hindi
 Script: indic
 Native: false
 Style: discrete
 UsageFreq: every day
 Proficiency: average
 Date: 2007-7-8
 WritingInProfession: yes, but limited

.PEN_DOWN
807 6692 0
805 6695 0
804 6699 0
804 6703 0
804 6708 0
805 6714 0
805 6721 0
806 6729 0
807 6739 0
809 6749 0
812 6762 0
815 6775 0
817 6789 0
820 6803 0
823 6817 0
825 6830 0
827 6843 0
828 6854 0
829 6863 0
830 6870 0
831 6876 0
832 6881 0
833 6887 0
833 6894 0
834 6901 0
834 6906 0
834 6910 0
835 6907 0
835 6900 0
835 6892 0
833 6885 0
832 6878 0
.PEN_UP
.PEN_DOWN
818 6809 0
815 6809 0
811 6809 0
808 6809 0
805 6809 0
802 6809 0
796 6810 0
789 6810 0
782 6812 0
771 6812 0
762 6812 0
752 6810 0
743 6807 0
734 6804 0
726 6800 0
718 6795 0
711 6790 0
704 6784 0
697 6778 0
691 6771 0
686 6766 0
683 6761 0
682 6757 0
681 6753 0
683 6748 0
687 6743 0
691 6737 0
696 6733 0
701 6732 0
706 6733 0
709 6738 0
712 6746 0
714 6754 0
714 6765 0
714 6776 0
713 6786 0
712 6793 0
711 6800 0
709 6806 0
706 6812 0
702 6819 0
698 6826 0
692 6835 0
688 6844 0
686 6852 0
685 6859 0
686 6865 0
688 6871 0
690 6876 0
695 6881 0
699 6883 0
704 6885 0
710 6885 0
717 6883 0
724 6878 0
732 6873 0
738 6869 0
744 6865 0
748 6862 0
750 6859 0
750 6856 0
748 6853 0
745 6851 0
740 6851 0
736 6850 0
733 6849 0
730 6849 0
729 6853 0
728 6857 0
728 6862 0
729 6867 0
731 6871 0
732 6875 0
734 6879 0
736 6884 0
739 6892 0
742 6899 0
745 6907 0
748 6918 0
750 6930 0
753 6941 0
755 6953 0
756 6963 0
756 6970 0
756 6975 0
756 6978 0
756 6974 0
756 6969 0
756 6962 0
757 6953 0
759 6943 0
.PEN_UP
.PEN_DOWN
753 6695 0
750 6695 0
753 6698 0
759 6700 0
766 6700 0
779 6700 0
798 6698 0
820 6697 0
843 6696 0
862 6696 0
877 6696 0
889 6697 0
898 6699 0
903 6700 0
905 6697 0
913 6694 0
.PEN_UP
