.VERSION 1.0 
.HIERARCHY CHARACTER
.COORD X Y T
.SEGMENT CHARACTER 0-2 OK "71"
.H_LINE 4624 5499
.V_LINE 1999 2749
.X_DIM 749
.Y_DIM 874
.X_POINTS_PER_INCH 1000
.Y_POINTS_PER_INCH 1000
.POINTS_PER_SECOND 125
.COMMENT CALIB X: -63 Y: -67

.WRITER_INFO
 Name: SATYA
 WriterId: 92
 Hand: right
 EducationLevel: primary school
 Gender: male
 Profession: student
 Region: hyderabad
 Age: 14
 DeviceType: digimemo a402
 SkillDevice: average
 Language: hindi
 Script: indic
 Native: false
 Style: discrete
 UsageFreq: every day
 Proficiency: average
 Date: 2007-7-8
 WritingInProfession: yes, but limited

.PEN_DOWN
2188 5010 0
2180 5010 0
2176 5010 0
2180 5010 0
2186 5010 0
2193 5010 0
2203 5010 0
2218 5003 0
2236 4999 0
2258 4996 0
2283 4994 0
2311 4992 0
2337 4990 0
2359 4988 0
2375 4987 0
2386 4986 0
2392 4986 0
2395 4986 0
2392 4986 0
.PEN_UP
.PEN_DOWN
2250 5014 0
2251 5018 0
2252 5024 0
2253 5032 0
2255 5040 0
2258 5048 0
2261 5056 0
2265 5062 0
2268 5066 0
2270 5069 0
2268 5066 0
2264 5063 0
2260 5061 0
2254 5061 0
2247 5062 0
2240 5064 0
2233 5067 0
2227 5069 0
2223 5071 0
2220 5075 0
2218 5078 0
2217 5082 0
2217 5087 0
2217 5092 0
2219 5096 0
2220 5099 0
2222 5102 0
2226 5105 0
2232 5107 0
2238 5109 0
2246 5111 0
2252 5114 0
2258 5118 0
2263 5123 0
2265 5130 0
2266 5138 0
2266 5147 0
2265 5158 0
2263 5171 0
2260 5183 0
2257 5192 0
2253 5199 0
2248 5204 0
2243 5205 0
2238 5205 0
2232 5204 0
2226 5200 0
2221 5195 0
2217 5190 0
2214 5186 0
2212 5183 0
2212 5180 0
2213 5176 0
2216 5173 0
2219 5171 0
2223 5171 0
2228 5171 0
2233 5173 0
2239 5176 0
2247 5179 0
2254 5182 0
2260 5186 0
2268 5192 0
2278 5199 0
2290 5208 0
2302 5215 0
2315 5222 0
2327 5227 0
2336 5229 0
2343 5230 0
2347 5230 0
2347 5227 0
2347 5224 0
2347 5220 0
2348 5213 0
.PEN_UP
.PEN_DOWN
2278 5119 0
2279 5122 0
2281 5125 0
2285 5128 0
2291 5131 0
2299 5134 0
2309 5136 0
2322 5137 0
2337 5137 0
2351 5135 0
2365 5132 0
2377 5129 0
2386 5125 0
2392 5122 0
2395 5121 0
2395 5121 0
.PEN_UP
