.VERSION 1.0 
.HIERARCHY CHARACTER
.COORD X Y T
.SEGMENT CHARACTER 0-1 OK "91"
.H_LINE 1374 2249
.V_LINE 1999 2749
.X_DIM 749
.Y_DIM 874
.X_POINTS_PER_INCH 1000
.Y_POINTS_PER_INCH 1000
.POINTS_PER_SECOND 125
.COMMENT CALIB X: -44 Y: -68

.WRITER_INFO
 Name: SATYA
 WriterId: 92
 Hand: right
 EducationLevel: primary school
 Gender: male
 Profession: student
 Region: hyderabad
 Age: 14
 DeviceType: digimemo a402
 SkillDevice: average
 Language: hindi
 Script: indic
 Native: false
 Style: discrete
 UsageFreq: every day
 Proficiency: average
 Date: 2007-7-8
 WritingInProfession: yes, but limited

.PEN_DOWN
2171 1677 0
2168 1680 0
2171 1683 0
2177 1685 0
2186 1687 0
2198 1688 0
2210 1689 0
2224 1691 0
2241 1693 0
2263 1694 0
2286 1695 0
2310 1696 0
2334 1697 0
2353 1698 0
2366 1699 0
2373 1699 0
2376 1699 0
2376 1699 0
.PEN_UP
.PEN_DOWN
2219 1709 0
2218 1713 0
2217 1716 0
2217 1720 0
2217 1726 0
2216 1732 0
2215 1738 0
2214 1745 0
2213 1752 0
2213 1760 0
2212 1769 0
2212 1777 0
2212 1784 0
2213 1791 0
2214 1797 0
2215 1804 0
2217 1811 0
2220 1817 0
2222 1822 0
2225 1827 0
2230 1831 0
2236 1834 0
2244 1836 0
2255 1838 0
2267 1839 0
2280 1839 0
2293 1838 0
2306 1837 0
2316 1836 0
2323 1835 0
2327 1835 0
2324 1833 0
2321 1831 0
2318 1829 0
2315 1827 0
2312 1825 0
2308 1823 0
2303 1820 0
2298 1817 0
2294 1814 0
2291 1811 0
2287 1807 0
2282 1803 0
2278 1798 0
2273 1792 0
2268 1787 0
2263 1782 0
2258 1775 0
2254 1768 0
2249 1761 0
2244 1754 0
2240 1748 0
2236 1742 0
2233 1736 0
2230 1731 0
2227 1726 0
2224 1721 0
2221 1716 0
2219 1712 0
2217 1708 0
2215 1705 0
2218 1708 0
.PEN_UP
