.VERSION 1.0 
.HIERARCHY CHARACTER
.COORD X Y T
.SEGMENT CHARACTER 0-3 OK "103"
.H_LINE 4624 5499
.V_LINE 5000 5750
.X_DIM 750
.Y_DIM 874
.X_POINTS_PER_INCH 1000
.Y_POINTS_PER_INCH 1000
.POINTS_PER_SECOND 125
.COMMENT CALIB X: -45 Y: -81

.WRITER_INFO
 Name: SATYA
 WriterId: 92
 Hand: right
 EducationLevel: primary school
 Gender: male
 Profession: student
 Region: hyderabad
 Age: 14
 DeviceType: digimemo a402
 SkillDevice: average
 Language: hindi
 Script: indic
 Native: false
 Style: discrete
 UsageFreq: every day
 Proficiency: average
 Date: 2007-7-8
 WritingInProfession: yes, but limited

.PEN_DOWN
5217 4798 0
5222 4796 0
5231 4793 0
5246 4792 0
5269 4792 0
5298 4793 0
5333 4794 0
5370 4796 0
5405 4797 0
5435 4799 0
5459 4800 0
5478 4799 0
5489 4799 0
5494 4798 0
5497 4796 0
5496 4793 0
5494 4790 0
5490 4790 0
.PEN_UP
.PEN_DOWN
5412 4808 0
5413 4813 0
5415 4818 0
5417 4825 0
5419 4832 0
5422 4840 0
5424 4851 0
5426 4866 0
5428 4884 0
5429 4904 0
5430 4927 0
5431 4950 0
5432 4969 0
5433 4988 0
5433 5002 0
5433 5011 0
5433 5015 0
5432 5011 0
5432 5004 0
5432 4996 0
5431 4992 0
5431 4980 0
.PEN_UP
.PEN_DOWN
5400 4899 0
5397 4896 0
5393 4893 0
5389 4890 0
5385 4887 0
5381 4885 0
5376 4883 0
5369 4882 0
5363 4881 0
5355 4880 0
5346 4880 0
5336 4880 0
5326 4880 0
5316 4880 0
5307 4879 0
5298 4879 0
5290 4882 0
5280 4886 0
5271 4892 0
5262 4901 0
5254 4909 0
5249 4917 0
5246 4925 0
5246 4931 0
5247 4935 0
5250 4938 0
5254 4939 0
5261 4937 0
5268 4934 0
5274 4929 0
5281 4923 0
5287 4917 0
5292 4910 0
5296 4905 0
5298 4902 0
5298 4898 0
5297 4901 0
.PEN_UP
.PEN_DOWN
5419 4911 0
5415 4910 0
5412 4911 0
5408 4912 0
5404 4914 0
5399 4917 0
5394 4921 0
5387 4927 0
5378 4937 0
5368 4948 0
5355 4962 0
5342 4979 0
5331 4996 0
5321 5011 0
5313 5025 0
5308 5035 0
5305 5043 0
5304 5049 0
5306 5053 0
5311 5056 0
5318 5057 0
5325 5056 0
5335 5052 0
5345 5046 0
5353 5041 0
5360 5033 0
5365 5025 0
5369 5019 0
5370 5014 0
5369 5011 0
5365 5009 0
5362 5009 0
5362 5009 0
.PEN_UP
