.VERSION 1.0 
.HIERARCHY CHARACTER
.COORD X Y T
.SEGMENT CHARACTER 0-3 OK "103"
.H_LINE 4624 5499
.V_LINE 5000 5750
.X_DIM 750
.Y_DIM 874
.X_POINTS_PER_INCH 1000
.Y_POINTS_PER_INCH 1000
.POINTS_PER_SECOND 125
.COMMENT CALIB X: -35 Y: -62

.WRITER_INFO
 Name: SATYA
 WriterId: 92
 Hand: right
 EducationLevel: primary school
 Gender: male
 Profession: student
 Region: hyderabad
 Age: 14
 DeviceType: digimemo a402
 SkillDevice: average
 Language: hindi
 Script: indic
 Native: false
 Style: discrete
 UsageFreq: every day
 Proficiency: average
 Date: 2007-7-8
 WritingInProfession: yes, but limited

.PEN_DOWN
5231 4829 0
5235 4829 0
5240 4829 0
5250 4829 0
5261 4829 0
5274 4829 0
5289 4829 0
5308 4829 0
5331 4829 0
5357 4829 0
5382 4828 0
5404 4826 0
5426 4825 0
5445 4824 0
5458 4824 0
5467 4824 0
5472 4824 0
5475 4824 0
5474 4827 0
.PEN_UP
.PEN_DOWN
5391 4842 0
5391 4846 0
5391 4850 0
5391 4854 0
5391 4860 0
5391 4869 0
5391 4879 0
5393 4891 0
5396 4905 0
5399 4921 0
5401 4938 0
5404 4956 0
5406 4975 0
5408 4993 0
5410 5009 0
5412 5022 0
5414 5035 0
5416 5044 0
5418 5051 0
5420 5056 0
5421 5060 0
5422 5064 0
5423 5068 0
5424 5072 0
5425 5075 0
5426 5079 0
5426 5082 0
5425 5078 0
5424 5069 0
.PEN_UP
.PEN_DOWN
5407 4966 0
5407 4960 0
5407 4955 0
5397 4952 0
5388 4949 0
5380 4946 0
5370 4943 0
5357 4942 0
5342 4941 0
5327 4942 0
5312 4943 0
5298 4945 0
5285 4949 0
5274 4954 0
5264 4960 0
5257 4967 0
5252 4974 0
5249 4980 0
5250 4987 0
5252 4992 0
5255 4996 0
5259 4998 0
5262 4999 0
5265 4998 0
5268 4995 0
5271 4990 0
5275 4982 0
5279 4973 0
5283 4964 0
5286 4955 0
5289 4948 0
5290 4945 0
5293 4951 0
.PEN_UP
.PEN_DOWN
5411 4958 0
5405 4959 0
5402 4959 0
5399 4959 0
5395 4957 0
5391 4956 0
5387 4962 0
5383 4967 0
5377 4974 0
5370 4982 0
5362 4991 0
5351 5003 0
5340 5015 0
5329 5027 0
5317 5040 0
5307 5051 0
5297 5062 0
5289 5072 0
5284 5082 0
5280 5090 0
5278 5097 0
5278 5103 0
5279 5108 0
5282 5111 0
5286 5112 0
5289 5114 0
5293 5113 0
5297 5109 0
5302 5103 0
5309 5097 0
5316 5088 0
5322 5080 0
5326 5075 0
5327 5070 0
5325 5067 0
5321 5066 0
5318 5065 0
5314 5066 0
.PEN_UP
