205.0,117.0
205.0,116.0
205.0,114.0
205.0,113.0
205.0,111.0
206.0,108.0
207.0,106.0
209.0,104.0
210.0,100.0
212.0,99.0
214.0,97.0
216.0,94.0
217.0,93.0
217.0,92.0
220.0,91.0
223.0,89.0
226.0,87.0
230.0,85.0
231.0,85.0
234.0,84.0
236.0,84.0
238.0,83.0
240.0,83.0
241.0,83.0
243.0,83.0
245.0,83.0
247.0,83.0
248.0,83.0
250.0,83.0
251.0,83.0
253.0,84.0
253.0,86.0
254.0,87.0
254.0,91.0
254.0,93.0
254.0,97.0
254.0,100.0
254.0,103.0
254.0,105.0
254.0,107.0
254.0,110.0
254.0,111.0
254.0,112.0
254.0,111.0
257.0,110.0
258.0,108.0
262.0,107.0
264.0,106.0
268.0,105.0
271.0,105.0
275.0,105.0
278.0,105.0
282.0,105.0
285.0,106.0
289.0,108.0
292.0,112.0
295.0,116.0
296.0,117.0
296.0,120.0
298.0,121.0
298.0,125.0
298.0,127.0
298.0,131.0
298.0,133.0
298.0,137.0
298.0,139.0
296.0,143.0
296.0,145.0
293.0,148.0
292.0,151.0
291.0,153.0
289.0,155.0
285.0,159.0
283.0,161.0
279.0,164.0
278.0,166.0
275.0,167.0
274.0,168.0
271.0,169.0
268.0,169.0
267.0,169.0
265.0,169.0
264.0,169.0
262.0,169.0
261.0,169.0
261.0,168.0
261.0,167.0
261.0,166.0
261.0,165.0
261.0,164.0
261.0,162.0
261.0,161.0
261.0,160.0
262.0,160.0
265.0,158.0
267.0,157.0
272.0,155.0
275.0,154.0
278.0,153.0
281.0,152.0
285.0,151.0
292.0,148.0
298.0,147.0
303.0,144.0
306.0,143.0
310.0,141.0
312.0,140.0
316.0,138.0
317.0,137.0
320.0,135.0
321.0,134.0
324.0,133.0
326.0,132.0
327.0,131.0
329.0,130.0
331.0,127.0
334.0,126.0
337.0,123.0
338.0,121.0
340.0,120.0
341.0,118.0
343.0,117.0
345.0,113.0
348.0,110.0
350.0,106.0
351.0,105.0
352.0,103.0
352.0,101.0
354.0,100.0
354.0,99.0
354.0,98.0
354.0,97.0
354.0,96.0
354.0,94.0
354.0,93.0
354.0,92.0
354.0,91.0
352.0,91.0
352.0,92.0
352.0,93.0
352.0,94.0
352.0,96.0
351.0,97.0
351.0,100.0
351.0,103.0
351.0,106.0
351.0,108.0
350.0,112.0
350.0,116.0
350.0,120.0
350.0,124.0
350.0,130.0
350.0,133.0
350.0,137.0
350.0,139.0
350.0,143.0
351.0,144.0
351.0,147.0
352.0,150.0
354.0,154.0
354.0,158.0
355.0,161.0
355.0,162.0
355.0,165.0
357.0,167.0
357.0,168.0
357.0,169.0
357.0,171.0
357.0,172.0
-1.0,-1.0
315.0,86.0
318.0,86.0
321.0,86.0
324.0,86.0
328.0,87.0
333.0,87.0
336.0,87.0
339.0,87.0
342.0,87.0
346.0,87.0
350.0,87.0
353.0,87.0
356.0,87.0
359.0,87.0
362.0,87.0
363.0,87.0
364.0,87.0
366.0,87.0
367.0,87.0
369.0,87.0
370.0,87.0
370.0,86.0
371.0,86.0
373.0,86.0
374.0,86.0
376.0,86.0
377.0,86.0
378.0,86.0
380.0,86.0
381.0,86.0
383.0,86.0
384.0,86.0
-1.0,-1.0
-1.0,-1.0
-1.0,-1.0
395.0,103.0
395.0,105.0
395.0,106.0
395.0,107.0
-1.0,-1.0
 
