295.0,76.0
297.0,74.0
301.0,71.0
302.0,68.0
306.0,66.0
309.0,63.0
315.0,60.0
319.0,59.0
323.0,56.0
325.0,55.0
328.0,55.0
329.0,55.0
330.0,55.0
332.0,55.0
333.0,56.0
333.0,58.0
333.0,59.0
333.0,60.0
333.0,63.0
333.0,66.0
333.0,69.0
333.0,72.0
333.0,76.0
333.0,81.0
332.0,86.0
330.0,89.0
329.0,92.0
329.0,93.0
329.0,94.0
329.0,95.0
329.0,96.0
332.0,98.0
335.0,98.0
340.0,99.0
343.0,101.0
349.0,103.0
353.0,106.0
356.0,108.0
358.0,110.0
361.0,113.0
363.0,115.0
364.0,119.0
366.0,120.0
366.0,122.0
366.0,124.0
366.0,127.0
366.0,128.0
366.0,132.0
364.0,135.0
361.0,139.0
358.0,142.0
354.0,146.0
350.0,147.0
346.0,149.0
343.0,150.0
337.0,151.0
332.0,151.0
328.0,151.0
325.0,151.0
322.0,151.0
320.0,151.0
319.0,150.0
319.0,149.0
-1.0,-1.0
354.0,99.0
356.0,98.0
360.0,96.0
363.0,96.0
364.0,95.0
367.0,95.0
368.0,94.0
371.0,93.0
374.0,92.0
375.0,92.0
378.0,90.0
380.0,90.0
381.0,90.0
382.0,90.0
-1.0,-1.0
389.0,52.0
389.0,56.0
389.0,59.0
389.0,65.0
389.0,68.0
389.0,72.0
389.0,75.0
388.0,79.0
388.0,81.0
388.0,85.0
388.0,87.0
388.0,90.0
388.0,93.0
388.0,96.0
388.0,99.0
388.0,100.0
388.0,101.0
388.0,103.0
388.0,106.0
388.0,108.0
388.0,112.0
388.0,114.0
388.0,116.0
388.0,117.0
388.0,119.0
388.0,121.0
388.0,122.0
388.0,124.0
388.0,126.0
388.0,127.0
388.0,128.0
388.0,129.0
388.0,130.0
-1.0,-1.0
350.0,48.0
353.0,48.0
356.0,48.0
358.0,48.0
363.0,48.0
366.0,48.0
371.0,48.0
374.0,48.0
378.0,48.0
381.0,48.0
384.0,48.0
387.0,47.0
389.0,47.0
391.0,47.0
394.0,47.0
395.0,47.0
396.0,47.0
398.0,47.0
399.0,47.0
401.0,47.0
402.0,47.0
404.0,47.0
405.0,47.0
406.0,47.0
-1.0,-1.0
 
