302.0,74.0
302.0,73.0
302.0,71.0
303.0,70.0
305.0,68.0
306.0,67.0
307.0,65.0
310.0,64.0
313.0,63.0
315.0,61.0
317.0,60.0
320.0,59.0
323.0,58.0
326.0,57.0
327.0,57.0
329.0,57.0
330.0,57.0
331.0,56.0
333.0,56.0
334.0,56.0
334.0,57.0
334.0,59.0
334.0,60.0
334.0,61.0
334.0,63.0
334.0,66.0
334.0,67.0
334.0,70.0
334.0,72.0
334.0,74.0
334.0,76.0
334.0,78.0
334.0,79.0
334.0,80.0
334.0,81.0
334.0,84.0
334.0,85.0
334.0,86.0
334.0,87.0
334.0,88.0
338.0,91.0
341.0,93.0
345.0,95.0
348.0,98.0
351.0,99.0
353.0,101.0
355.0,104.0
360.0,108.0
361.0,111.0
362.0,113.0
364.0,115.0
364.0,118.0
364.0,119.0
364.0,121.0
364.0,122.0
364.0,125.0
364.0,126.0
364.0,128.0
361.0,131.0
358.0,133.0
355.0,135.0
353.0,137.0
350.0,138.0
348.0,139.0
345.0,139.0
343.0,140.0
341.0,140.0
338.0,140.0
336.0,140.0
333.0,140.0
330.0,140.0
-1.0,-1.0
354.0,98.0
355.0,97.0
358.0,95.0
361.0,94.0
365.0,92.0
368.0,91.0
372.0,88.0
375.0,87.0
378.0,86.0
379.0,85.0
381.0,84.0
383.0,83.0
385.0,81.0
386.0,79.0
388.0,78.0
389.0,77.0
389.0,76.0
389.0,74.0
391.0,73.0
391.0,72.0
391.0,71.0
391.0,70.0
391.0,68.0
391.0,66.0
391.0,64.0
391.0,63.0
391.0,60.0
391.0,58.0
391.0,56.0
391.0,53.0
391.0,52.0
391.0,51.0
391.0,50.0
391.0,51.0
391.0,52.0
391.0,53.0
391.0,54.0
391.0,56.0
391.0,58.0
391.0,61.0
391.0,65.0
391.0,72.0
391.0,77.0
393.0,93.0
395.0,113.0
399.0,136.0
399.0,144.0
401.0,148.0
401.0,154.0
403.0,160.0
403.0,163.0
404.0,165.0
404.0,167.0
404.0,168.0
404.0,170.0
-1.0,-1.0
354.0,59.0
356.0,59.0
357.0,59.0
360.0,59.0
363.0,59.0
369.0,59.0
373.0,59.0
381.0,58.0
387.0,57.0
394.0,55.0
397.0,55.0
404.0,54.0
408.0,53.0
412.0,53.0
415.0,52.0
416.0,52.0
418.0,52.0
419.0,52.0
-1.0,-1.0
 
