379.0,167.0
381.0,166.0
384.0,166.0
386.0,164.0
388.0,164.0
392.0,162.0
398.0,162.0
402.0,162.0
404.0,163.0
406.0,163.0
409.0,165.0
410.0,169.0
410.0,171.0
408.0,174.0
407.0,176.0
406.0,180.0
404.0,183.0
403.0,185.0
403.0,187.0
401.0,190.0
403.0,187.0
405.0,187.0
409.0,185.0
413.0,185.0
415.0,185.0
418.0,186.0
420.0,187.0
423.0,188.0
424.0,191.0
427.0,193.0
427.0,196.0
427.0,199.0
427.0,203.0
425.0,209.0
424.0,213.0
421.0,217.0
419.0,219.0
414.0,223.0
410.0,226.0
408.0,227.0
401.0,229.0
397.0,229.0
391.0,229.0
389.0,229.0
387.0,227.0
384.0,227.0
383.0,224.0
385.0,223.0
-1.0,-1.0
428.0,190.0
430.0,190.0
434.0,190.0
439.0,188.0
443.0,188.0
447.0,186.0
451.0,185.0
454.0,185.0
457.0,183.0
460.0,182.0
462.0,182.0
465.0,179.0
466.0,175.0
466.0,173.0
466.0,170.0
466.0,167.0
466.0,164.0
466.0,162.0
466.0,160.0
464.0,163.0
465.0,166.0
465.0,170.0
465.0,174.0
465.0,177.0
465.0,181.0
466.0,185.0
466.0,191.0
467.0,195.0
467.0,200.0
468.0,204.0
468.0,206.0
469.0,210.0
470.0,214.0
470.0,216.0
470.0,219.0
471.0,221.0
469.0,219.0
-1.0,-1.0
422.0,158.0
424.0,158.0
430.0,158.0
433.0,158.0
436.0,158.0
440.0,158.0
443.0,158.0
451.0,158.0
456.0,158.0
460.0,158.0
464.0,159.0
468.0,159.0
475.0,160.0
479.0,160.0
483.0,160.0
487.0,160.0
490.0,160.0
493.0,160.0
495.0,160.0
498.0,158.0
500.0,158.0
502.0,158.0
-1.0,-1.0
 
