116.0,116.0
119.0,113.0
122.0,111.0
126.0,107.0
130.0,105.0
137.0,100.0
141.0,99.0
148.0,96.0
151.0,95.0
157.0,93.0
160.0,92.0
164.0,92.0
167.0,92.0
171.0,92.0
174.0,93.0
177.0,97.0
179.0,100.0
181.0,105.0
181.0,107.0
181.0,112.0
181.0,117.0
181.0,123.0
181.0,127.0
179.0,132.0
178.0,134.0
177.0,138.0
177.0,139.0
175.0,143.0
175.0,144.0
175.0,146.0
175.0,147.0
175.0,150.0
177.0,151.0
179.0,152.0
182.0,154.0
187.0,156.0
192.0,160.0
196.0,163.0
203.0,167.0
206.0,171.0
208.0,173.0
209.0,176.0
212.0,180.0
213.0,188.0
215.0,193.0
215.0,199.0
215.0,201.0
212.0,207.0
209.0,211.0
202.0,218.0
199.0,221.0
194.0,226.0
189.0,228.0
184.0,232.0
181.0,233.0
175.0,234.0
172.0,235.0
170.0,235.0
167.0,235.0
163.0,235.0
157.0,234.0
153.0,232.0
148.0,228.0
147.0,227.0
144.0,224.0
143.0,221.0
141.0,218.0
140.0,215.0
139.0,211.0
137.0,208.0
137.0,205.0
137.0,204.0
137.0,203.0
-1.0,-1.0
204.0,157.0
207.0,156.0
212.0,154.0
214.0,154.0
219.0,153.0
223.0,152.0
228.0,152.0
231.0,151.0
237.0,151.0
240.0,151.0
244.0,150.0
248.0,150.0
251.0,150.0
254.0,149.0
257.0,149.0
258.0,149.0
259.0,147.0
-1.0,-1.0
269.0,86.0
269.0,90.0
269.0,98.0
269.0,104.0
268.0,111.0
266.0,116.0
264.0,130.0
262.0,138.0
262.0,147.0
262.0,151.0
262.0,156.0
262.0,158.0
262.0,163.0
262.0,166.0
262.0,170.0
262.0,172.0
262.0,177.0
262.0,180.0
262.0,184.0
262.0,186.0
263.0,188.0
265.0,191.0
266.0,194.0
268.0,197.0
268.0,199.0
269.0,201.0
269.0,202.0
269.0,204.0
271.0,204.0
271.0,205.0
271.0,206.0
271.0,207.0
-1.0,-1.0
208.0,85.0
214.0,85.0
218.0,85.0
229.0,85.0
240.0,85.0
270.0,85.0
289.0,85.0
296.0,86.0
306.0,86.0
323.0,90.0
358.0,94.0
372.0,96.0
384.0,98.0
389.0,98.0
-1.0,-1.0
 
