321.0,159.0
318.0,163.0
317.0,165.0
316.0,169.0
314.0,172.0
314.0,176.0
311.0,178.0
311.0,184.0
309.0,189.0
308.0,193.0
306.0,197.0
304.0,201.0
302.0,205.0
301.0,208.0
301.0,210.0
299.0,212.0
298.0,215.0
297.0,217.0
296.0,220.0
293.0,222.0
292.0,219.0
289.0,216.0
289.0,214.0
287.0,212.0
289.0,214.0
292.0,215.0
294.0,218.0
297.0,220.0
301.0,225.0
305.0,229.0
309.0,231.0
315.0,236.0
323.0,241.0
329.0,244.0
333.0,248.0
337.0,251.0
340.0,253.0
343.0,256.0
345.0,257.0
345.0,251.0
346.0,244.0
344.0,236.0
-1.0,-1.0
304.0,199.0
306.0,200.0
312.0,200.0
315.0,200.0
321.0,200.0
325.0,200.0
330.0,200.0
335.0,198.0
343.0,198.0
348.0,198.0
354.0,196.0
359.0,196.0
363.0,194.0
367.0,194.0
371.0,194.0
373.0,192.0
376.0,192.0
378.0,189.0
381.0,185.0
381.0,183.0
381.0,179.0
381.0,173.0
381.0,168.0
382.0,166.0
382.0,163.0
383.0,161.0
383.0,163.0
383.0,165.0
381.0,168.0
381.0,171.0
381.0,174.0
381.0,179.0
381.0,183.0
381.0,188.0
381.0,192.0
381.0,198.0
381.0,201.0
382.0,207.0
382.0,209.0
382.0,213.0
382.0,217.0
382.0,221.0
382.0,223.0
382.0,225.0
383.0,228.0
383.0,230.0
381.0,227.0
377.0,219.0
-1.0,-1.0
268.0,157.0
270.0,158.0
273.0,158.0
277.0,158.0
279.0,159.0
283.0,159.0
290.0,159.0
296.0,157.0
301.0,158.0
309.0,158.0
314.0,158.0
323.0,158.0
331.0,158.0
338.0,158.0
345.0,158.0
353.0,158.0
363.0,158.0
370.0,158.0
377.0,158.0
387.0,158.0
393.0,158.0
400.0,158.0
408.0,156.0
413.0,156.0
418.0,156.0
422.0,156.0
426.0,154.0
430.0,154.0
432.0,154.0
429.0,152.0
-1.0,-1.0
 
