312.0,197.0
314.0,197.0
318.0,195.0
322.0,194.0
326.0,194.0
328.0,194.0
332.0,195.0
336.0,196.0
340.0,197.0
343.0,200.0
344.0,204.0
345.0,206.0
345.0,209.0
345.0,211.0
345.0,213.0
345.0,216.0
343.0,218.0
343.0,220.0
341.0,223.0
340.0,225.0
339.0,228.0
337.0,232.0
336.0,234.0
334.0,237.0
331.0,238.0
329.0,241.0
327.0,243.0
323.0,244.0
321.0,247.0
317.0,248.0
313.0,250.0
311.0,250.0
307.0,251.0
303.0,251.0
299.0,252.0
295.0,250.0
291.0,250.0
287.0,250.0
283.0,248.0
281.0,248.0
278.0,245.0
276.0,244.0
276.0,241.0
274.0,239.0
275.0,236.0
277.0,235.0
280.0,234.0
282.0,235.0
284.0,235.0
287.0,236.0
289.0,237.0
292.0,240.0
294.0,241.0
297.0,242.0
299.0,245.0
302.0,247.0
304.0,248.0
306.0,251.0
308.0,255.0
311.0,256.0
315.0,260.0
317.0,261.0
321.0,264.0
323.0,267.0
325.0,268.0
328.0,269.0
330.0,270.0
334.0,273.0
337.0,274.0
339.0,275.0
341.0,277.0
345.0,279.0
348.0,279.0
350.0,280.0
353.0,281.0
357.0,282.0
359.0,284.0
363.0,284.0
365.0,284.0
368.0,284.0
370.0,282.0
371.0,280.0
-1.0,-1.0
318.0,246.0
320.0,246.0
322.0,246.0
325.0,247.0
329.0,247.0
331.0,247.0
333.0,247.0
336.0,247.0
339.0,247.0
342.0,247.0
344.0,247.0
346.0,245.0
349.0,245.0
351.0,245.0
353.0,245.0
356.0,243.0
360.0,243.0
362.0,243.0
364.0,241.0
367.0,241.0
369.0,239.0
373.0,239.0
376.0,237.0
378.0,236.0
379.0,234.0
382.0,232.0
382.0,230.0
383.0,226.0
383.0,222.0
383.0,220.0
383.0,218.0
384.0,215.0
384.0,213.0
382.0,210.0
383.0,208.0
383.0,206.0
383.0,203.0
384.0,201.0
384.0,199.0
384.0,195.0
382.0,192.0
383.0,194.0
383.0,198.0
383.0,200.0
384.0,203.0
384.0,205.0
384.0,209.0
384.0,213.0
384.0,216.0
384.0,220.0
385.0,223.0
383.0,227.0
383.0,231.0
383.0,233.0
383.0,235.0
381.0,239.0
382.0,242.0
382.0,244.0
382.0,246.0
380.0,249.0
381.0,253.0
381.0,255.0
381.0,257.0
381.0,261.0
382.0,263.0
382.0,267.0
382.0,270.0
383.0,272.0
384.0,275.0
384.0,277.0
385.0,279.0
387.0,279.0
387.0,277.0
-1.0,-1.0
272.0,188.0
275.0,189.0
277.0,189.0
279.0,190.0
282.0,190.0
284.0,190.0
286.0,191.0
290.0,191.0
293.0,192.0
295.0,192.0
298.0,193.0
300.0,193.0
302.0,194.0
305.0,194.0
307.0,194.0
311.0,194.0
313.0,195.0
317.0,195.0
321.0,195.0
323.0,195.0
326.0,195.0
328.0,195.0
330.0,195.0
333.0,196.0
336.0,196.0
339.0,196.0
341.0,196.0
343.0,196.0
346.0,196.0
349.0,196.0
352.0,196.0
356.0,196.0
359.0,196.0
363.0,196.0
367.0,196.0
369.0,196.0
372.0,196.0
374.0,196.0
376.0,196.0
379.0,196.0
381.0,196.0
383.0,196.0
386.0,196.0
388.0,196.0
390.0,196.0
393.0,196.0
395.0,196.0
400.0,196.0
402.0,196.0
405.0,196.0
409.0,194.0
411.0,194.0
413.0,194.0
416.0,194.0
418.0,194.0
420.0,194.0
424.0,194.0
426.0,194.0
429.0,194.0
431.0,194.0
428.0,194.0
426.0,192.0
-1.0,-1.0
 
