323.0,116.0
321.0,118.0
320.0,120.0
320.0,123.0
318.0,125.0
318.0,127.0
316.0,130.0
316.0,132.0
316.0,135.0
314.0,139.0
314.0,141.0
312.0,143.0
312.0,147.0
309.0,151.0
309.0,153.0
307.0,156.0
306.0,158.0
305.0,161.0
304.0,163.0
302.0,167.0
301.0,171.0
298.0,174.0
296.0,175.0
295.0,172.0
293.0,170.0
293.0,167.0
295.0,169.0
296.0,172.0
299.0,174.0
300.0,177.0
301.0,179.0
303.0,181.0
305.0,184.0
306.0,186.0
308.0,189.0
310.0,192.0
313.0,196.0
316.0,200.0
317.0,202.0
318.0,205.0
321.0,207.0
322.0,210.0
323.0,212.0
324.0,214.0
327.0,216.0
328.0,218.0
332.0,222.0
335.0,223.0
337.0,225.0
338.0,227.0
342.0,230.0
343.0,232.0
346.0,235.0
348.0,236.0
351.0,236.0
352.0,234.0
-1.0,-1.0
304.0,178.0
306.0,178.0
308.0,178.0
311.0,178.0
313.0,178.0
315.0,178.0
317.0,178.0
320.0,178.0
322.0,178.0
326.0,178.0
328.0,178.0
331.0,178.0
333.0,178.0
335.0,178.0
337.0,178.0
340.0,176.0
342.0,176.0
345.0,174.0
347.0,173.0
351.0,172.0
354.0,169.0
356.0,168.0
357.0,165.0
359.0,163.0
361.0,159.0
361.0,155.0
362.0,153.0
363.0,150.0
363.0,148.0
364.0,144.0
364.0,142.0
365.0,139.0
365.0,135.0
365.0,133.0
365.0,131.0
365.0,128.0
365.0,126.0
365.0,124.0
363.0,121.0
363.0,119.0
363.0,121.0
363.0,123.0
363.0,125.0
363.0,128.0
363.0,132.0
363.0,134.0
363.0,136.0
363.0,138.0
364.0,142.0
364.0,145.0
362.0,149.0
362.0,153.0
362.0,155.0
362.0,157.0
362.0,159.0
362.0,162.0
362.0,164.0
362.0,166.0
362.0,170.0
362.0,172.0
363.0,176.0
363.0,179.0
361.0,181.0
361.0,184.0
361.0,186.0
361.0,188.0
361.0,190.0
361.0,194.0
362.0,197.0
362.0,199.0
363.0,203.0
363.0,205.0
364.0,208.0
364.0,204.0
364.0,200.0
364.0,194.0
-1.0,-1.0
257.0,118.0
260.0,119.0
264.0,120.0
266.0,120.0
270.0,120.0
272.0,120.0
274.0,118.0
282.0,118.0
284.0,118.0
288.0,118.0
292.0,118.0
295.0,118.0
298.0,119.0
300.0,119.0
304.0,119.0
306.0,119.0
310.0,119.0
316.0,120.0
321.0,120.0
325.0,120.0
330.0,120.0
333.0,120.0
337.0,120.0
340.0,120.0
346.0,120.0
348.0,121.0
352.0,121.0
356.0,121.0
358.0,121.0
362.0,121.0
366.0,121.0
368.0,121.0
372.0,121.0
377.0,121.0
380.0,121.0
384.0,121.0
387.0,121.0
393.0,119.0
395.0,119.0
399.0,120.0
403.0,118.0
405.0,118.0
408.0,118.0
410.0,118.0
413.0,119.0
415.0,119.0
417.0,119.0
417.0,116.0
417.0,114.0
-1.0,-1.0
 
