411.0,141.0
410.0,143.0
407.0,147.0
406.0,151.0
404.0,155.0
402.0,158.0
401.0,162.0
399.0,166.0
398.0,170.0
395.0,174.0
394.0,178.0
393.0,182.0
391.0,185.0
389.0,190.0
387.0,193.0
386.0,196.0
384.0,198.0
382.0,201.0
378.0,204.0
376.0,206.0
373.0,206.0
371.0,206.0
369.0,203.0
367.0,200.0
366.0,197.0
366.0,194.0
366.0,192.0
367.0,188.0
368.0,186.0
371.0,183.0
373.0,183.0
375.0,184.0
378.0,185.0
382.0,189.0
384.0,190.0
387.0,192.0
388.0,194.0
391.0,197.0
393.0,198.0
396.0,200.0
398.0,203.0
401.0,205.0
404.0,210.0
408.0,214.0
410.0,216.0
413.0,219.0
417.0,223.0
421.0,226.0
424.0,228.0
426.0,231.0
429.0,232.0
430.0,234.0
432.0,236.0
432.0,230.0
430.0,225.0
-1.0,-1.0
394.0,180.0
396.0,178.0
399.0,178.0
401.0,178.0
403.0,178.0
407.0,178.0
411.0,178.0
416.0,178.0
420.0,176.0
423.0,176.0
427.0,176.0
430.0,176.0
434.0,176.0
438.0,174.0
440.0,174.0
443.0,172.0
447.0,171.0
451.0,170.0
452.0,167.0
455.0,163.0
456.0,161.0
456.0,157.0
456.0,153.0
456.0,151.0
456.0,148.0
456.0,146.0
456.0,148.0
457.0,152.0
457.0,154.0
458.0,158.0
458.0,160.0
459.0,164.0
459.0,168.0
460.0,176.0
461.0,179.0
463.0,185.0
463.0,189.0
464.0,193.0
464.0,195.0
465.0,199.0
465.0,203.0
465.0,205.0
466.0,211.0
467.0,213.0
467.0,215.0
468.0,218.0
468.0,215.0
466.0,208.0
-1.0,-1.0
364.0,148.0
366.0,148.0
368.0,148.0
371.0,146.0
373.0,146.0
375.0,146.0
379.0,144.0
383.0,144.0
387.0,144.0
391.0,144.0
395.0,144.0
400.0,144.0
406.0,144.0
409.0,144.0
413.0,144.0
419.0,144.0
422.0,144.0
428.0,142.0
433.0,142.0
439.0,142.0
444.0,142.0
450.0,140.0
457.0,140.0
462.0,140.0
465.0,140.0
470.0,140.0
474.0,140.0
476.0,138.0
479.0,138.0
483.0,136.0
487.0,135.0
488.0,131.0
488.0,129.0
-1.0,-1.0
 
