233.0,68.0
234.0,68.0
237.0,68.0
238.0,68.0
240.0,68.0
241.0,68.0
244.0,69.0
245.0,70.0
248.0,72.0
249.0,73.0
251.0,75.0
252.0,77.0
254.0,81.0
254.0,84.0
255.0,90.0
256.0,94.0
258.0,103.0
258.0,109.0
258.0,118.0
258.0,123.0
258.0,129.0
258.0,131.0
258.0,136.0
258.0,138.0
255.0,142.0
255.0,143.0
252.0,147.0
249.0,148.0
247.0,151.0
244.0,152.0
240.0,154.0
237.0,155.0
233.0,155.0
230.0,155.0
227.0,155.0
225.0,155.0
221.0,155.0
217.0,155.0
216.0,152.0
213.0,150.0
211.0,148.0
210.0,145.0
209.0,143.0
207.0,141.0
207.0,140.0
207.0,137.0
207.0,136.0
207.0,135.0
209.0,135.0
210.0,135.0
213.0,135.0
216.0,135.0
218.0,137.0
221.0,138.0
224.0,142.0
227.0,144.0
230.0,149.0
233.0,154.0
237.0,160.0
238.0,163.0
241.0,168.0
242.0,171.0
245.0,177.0
247.0,181.0
249.0,184.0
251.0,187.0
252.0,189.0
255.0,191.0
256.0,192.0
256.0,194.0
256.0,195.0
-1.0,-1.0
264.0,134.0
266.0,134.0
271.0,133.0
273.0,133.0
278.0,132.0
281.0,132.0
283.0,131.0
286.0,131.0
289.0,129.0
290.0,129.0
293.0,128.0
296.0,128.0
297.0,127.0
300.0,125.0
302.0,125.0
303.0,122.0
304.0,121.0
307.0,116.0
310.0,113.0
311.0,108.0
314.0,104.0
316.0,99.0
317.0,97.0
317.0,91.0
319.0,86.0
319.0,81.0
319.0,79.0
319.0,75.0
319.0,74.0
319.0,71.0
319.0,70.0
319.0,67.0
319.0,66.0
319.0,65.0
319.0,64.0
319.0,61.0
319.0,60.0
319.0,59.0
319.0,58.0
319.0,57.0
317.0,57.0
317.0,58.0
317.0,60.0
317.0,63.0
317.0,67.0
316.0,71.0
316.0,79.0
316.0,84.0
314.0,94.0
314.0,103.0
314.0,107.0
314.0,110.0
314.0,115.0
314.0,130.0
314.0,140.0
314.0,152.0
314.0,160.0
314.0,163.0
314.0,166.0
314.0,172.0
314.0,181.0
314.0,187.0
314.0,194.0
314.0,198.0
314.0,199.0
314.0,200.0
314.0,201.0
314.0,203.0
314.0,204.0
-1.0,-1.0
210.0,57.0
214.0,57.0
218.0,57.0
224.0,57.0
228.0,57.0
233.0,57.0
235.0,57.0
241.0,57.0
249.0,57.0
254.0,57.0
263.0,56.0
269.0,56.0
279.0,56.0
283.0,56.0
286.0,56.0
290.0,56.0
294.0,56.0
301.0,56.0
308.0,56.0
314.0,56.0
317.0,56.0
322.0,56.0
325.0,56.0
329.0,56.0
332.0,56.0
336.0,56.0
338.0,56.0
341.0,56.0
342.0,56.0
343.0,56.0
345.0,56.0
346.0,56.0
348.0,56.0
349.0,56.0
350.0,56.0
352.0,56.0
353.0,56.0
355.0,56.0
356.0,56.0
357.0,56.0
-1.0,-1.0
349.0,93.0
349.0,95.0
350.0,96.0
350.0,97.0
350.0,98.0
350.0,99.0
352.0,100.0
-1.0,-1.0
 
