352.0,103.0
354.0,102.0
357.0,102.0
359.0,102.0
361.0,102.0
363.0,102.0
367.0,102.0
371.0,103.0
375.0,104.0
378.0,105.0
380.0,107.0
383.0,109.0
383.0,111.0
384.0,114.0
385.0,116.0
386.0,120.0
386.0,123.0
386.0,126.0
384.0,130.0
383.0,134.0
380.0,136.0
379.0,138.0
377.0,139.0
374.0,142.0
370.0,145.0
368.0,146.0
364.0,148.0
361.0,148.0
357.0,150.0
355.0,151.0
353.0,151.0
350.0,152.0
348.0,153.0
345.0,153.0
341.0,154.0
339.0,155.0
336.0,156.0
334.0,156.0
336.0,156.0
338.0,156.0
340.0,156.0
343.0,156.0
345.0,156.0
347.0,156.0
350.0,157.0
352.0,157.0
355.0,158.0
357.0,158.0
359.0,159.0
362.0,160.0
364.0,160.0
367.0,161.0
370.0,162.0
374.0,163.0
377.0,165.0
383.0,167.0
385.0,167.0
387.0,168.0
391.0,169.0
394.0,169.0
396.0,170.0
398.0,170.0
401.0,170.0
403.0,170.0
407.0,171.0
409.0,171.0
413.0,171.0
417.0,171.0
419.0,171.0
422.0,171.0
424.0,169.0
426.0,169.0
429.0,169.0
431.0,167.0
428.0,165.0
-1.0,-1.0
365.0,146.0
367.0,145.0
370.0,145.0
372.0,143.0
374.0,143.0
377.0,141.0
379.0,141.0
382.0,141.0
384.0,141.0
386.0,141.0
388.0,141.0
392.0,141.0
395.0,141.0
397.0,141.0
399.0,141.0
402.0,141.0
404.0,141.0
406.0,141.0
408.0,141.0
411.0,141.0
415.0,141.0
417.0,141.0
421.0,141.0
425.0,139.0
429.0,139.0
431.0,137.0
433.0,136.0
436.0,133.0
437.0,131.0
438.0,129.0
440.0,126.0
441.0,124.0
441.0,120.0
442.0,117.0
442.0,115.0
442.0,111.0
442.0,107.0
442.0,105.0
443.0,103.0
441.0,100.0
441.0,102.0
442.0,104.0
442.0,108.0
442.0,110.0
442.0,114.0
442.0,117.0
442.0,119.0
443.0,121.0
443.0,124.0
443.0,126.0
443.0,128.0
443.0,131.0
443.0,133.0
443.0,135.0
444.0,138.0
444.0,140.0
444.0,142.0
444.0,145.0
444.0,147.0
444.0,149.0
444.0,151.0
444.0,154.0
444.0,156.0
444.0,158.0
445.0,161.0
445.0,165.0
446.0,167.0
446.0,169.0
-1.0,-1.0
317.0,99.0
319.0,100.0
322.0,100.0
324.0,100.0
328.0,100.0
330.0,98.0
333.0,98.0
336.0,98.0
340.0,98.0
344.0,98.0
348.0,98.0
352.0,98.0
356.0,98.0
361.0,98.0
363.0,98.0
366.0,98.0
370.0,98.0
375.0,98.0
377.0,98.0
380.0,98.0
385.0,98.0
387.0,98.0
391.0,98.0
393.0,98.0
396.0,98.0
400.0,98.0
403.0,98.0
407.0,98.0
411.0,98.0
415.0,98.0
419.0,98.0
424.0,98.0
426.0,98.0
430.0,96.0
434.0,96.0
438.0,96.0
442.0,96.0
446.0,96.0
450.0,94.0
454.0,94.0
456.0,94.0
460.0,94.0
464.0,94.0
466.0,94.0
468.0,94.0
470.0,94.0
473.0,94.0
475.0,94.0
477.0,94.0
481.0,94.0
484.0,94.0
482.0,91.0
481.0,90.0
-1.0,-1.0
 
