346.0,99.0
346.0,101.0
343.0,105.0
340.0,111.0
339.0,113.0
337.0,117.0
336.0,123.0
335.0,127.0
333.0,129.0
333.0,133.0
331.0,137.0
331.0,139.0
332.0,143.0
332.0,145.0
332.0,149.0
333.0,152.0
334.0,156.0
335.0,158.0
338.0,162.0
339.0,165.0
342.0,167.0
346.0,170.0
350.0,173.0
352.0,175.0
358.0,178.0
362.0,181.0
366.0,182.0
372.0,185.0
376.0,188.0
380.0,189.0
386.0,192.0
389.0,192.0
395.0,193.0
399.0,194.0
403.0,194.0
405.0,194.0
409.0,194.0
411.0,194.0
414.0,194.0
412.0,192.0
-1.0,-1.0
333.0,146.0
335.0,146.0
338.0,144.0
340.0,144.0
344.0,144.0
346.0,144.0
350.0,144.0
354.0,144.0
358.0,144.0
362.0,144.0
364.0,142.0
366.0,142.0
369.0,142.0
371.0,140.0
373.0,140.0
376.0,138.0
378.0,137.0
382.0,134.0
384.0,132.0
386.0,129.0
387.0,127.0
389.0,124.0
390.0,120.0
391.0,118.0
391.0,116.0
392.0,113.0
392.0,111.0
392.0,109.0
393.0,105.0
393.0,101.0
394.0,98.0
394.0,96.0
394.0,98.0
395.0,100.0
395.0,104.0
395.0,108.0
395.0,110.0
396.0,113.0
396.0,115.0
396.0,119.0
396.0,121.0
394.0,125.0
394.0,127.0
394.0,131.0
394.0,134.0
394.0,136.0
394.0,138.0
394.0,140.0
394.0,143.0
394.0,145.0
394.0,147.0
394.0,150.0
394.0,152.0
394.0,154.0
394.0,157.0
394.0,160.0
394.0,164.0
394.0,167.0
395.0,169.0
392.0,167.0
-1.0,-1.0
308.0,94.0
311.0,94.0
313.0,94.0
315.0,94.0
319.0,94.0
323.0,92.0
325.0,92.0
329.0,92.0
333.0,92.0
335.0,92.0
338.0,93.0
342.0,93.0
346.0,93.0
348.0,93.0
352.0,93.0
354.0,93.0
358.0,93.0
362.0,93.0
364.0,93.0
368.0,93.0
370.0,91.0
374.0,91.0
377.0,92.0
379.0,92.0
383.0,92.0
385.0,92.0
389.0,90.0
391.0,90.0
395.0,90.0
397.0,90.0
400.0,90.0
404.0,90.0
406.0,88.0
408.0,88.0
411.0,89.0
415.0,89.0
419.0,87.0
421.0,87.0
425.0,87.0
427.0,87.0
429.0,87.0
432.0,85.0
434.0,85.0
434.0,81.0
-1.0,-1.0
 
