172.0,67.0
172.0,68.0
172.0,69.0
175.0,70.0
175.0,71.0
176.0,74.0
178.0,75.0
179.0,77.0
179.0,78.0
181.0,80.0
181.0,81.0
181.0,82.0
181.0,83.0
181.0,86.0
182.0,88.0
182.0,89.0
182.0,91.0
182.0,94.0
182.0,96.0
182.0,97.0
182.0,98.0
182.0,100.0
182.0,101.0
179.0,103.0
178.0,105.0
175.0,108.0
174.0,109.0
171.0,110.0
169.0,111.0
167.0,113.0
165.0,113.0
162.0,114.0
159.0,115.0
157.0,116.0
154.0,116.0
151.0,117.0
148.0,117.0
144.0,118.0
141.0,120.0
138.0,121.0
136.0,121.0
133.0,121.0
131.0,121.0
130.0,121.0
129.0,121.0
127.0,121.0
126.0,121.0
126.0,120.0
129.0,120.0
130.0,120.0
133.0,120.0
136.0,120.0
138.0,121.0
141.0,122.0
145.0,123.0
150.0,125.0
154.0,127.0
158.0,129.0
164.0,132.0
168.0,135.0
176.0,139.0
181.0,142.0
189.0,148.0
192.0,151.0
195.0,154.0
197.0,156.0
200.0,158.0
202.0,161.0
205.0,163.0
209.0,165.0
213.0,169.0
216.0,170.0
217.0,171.0
-1.0,-1.0
179.0,122.0
182.0,122.0
185.0,122.0
189.0,122.0
192.0,123.0
196.0,123.0
200.0,123.0
206.0,123.0
210.0,123.0
216.0,123.0
220.0,123.0
226.0,122.0
230.0,121.0
234.0,118.0
237.0,117.0
240.0,115.0
243.0,114.0
245.0,113.0
248.0,111.0
251.0,109.0
252.0,107.0
254.0,105.0
255.0,104.0
257.0,103.0
258.0,102.0
258.0,100.0
259.0,98.0
259.0,97.0
261.0,95.0
261.0,94.0
261.0,93.0
261.0,90.0
261.0,88.0
261.0,87.0
261.0,83.0
261.0,82.0
261.0,80.0
261.0,78.0
261.0,77.0
261.0,76.0
261.0,75.0
261.0,74.0
261.0,73.0
261.0,71.0
259.0,71.0
258.0,73.0
258.0,74.0
258.0,75.0
258.0,76.0
258.0,80.0
258.0,83.0
258.0,88.0
257.0,91.0
257.0,96.0
257.0,98.0
257.0,102.0
257.0,104.0
257.0,108.0
257.0,110.0
257.0,114.0
257.0,115.0
257.0,118.0
257.0,120.0
257.0,122.0
257.0,123.0
257.0,125.0
257.0,127.0
257.0,128.0
257.0,129.0
257.0,130.0
257.0,131.0
257.0,132.0
257.0,134.0
257.0,136.0
257.0,138.0
257.0,141.0
257.0,143.0
258.0,145.0
258.0,148.0
258.0,149.0
258.0,150.0
258.0,151.0
-1.0,-1.0
138.0,64.0
139.0,64.0
143.0,63.0
148.0,63.0
153.0,62.0
157.0,62.0
160.0,62.0
165.0,61.0
169.0,61.0
183.0,61.0
202.0,61.0
229.0,61.0
240.0,61.0
254.0,61.0
262.0,61.0
272.0,61.0
280.0,61.0
286.0,61.0
290.0,61.0
291.0,61.0
294.0,61.0
297.0,61.0
300.0,61.0
303.0,61.0
307.0,61.0
308.0,61.0
310.0,61.0
313.0,61.0
314.0,61.0
318.0,61.0
320.0,61.0
324.0,61.0
327.0,61.0
329.0,61.0
332.0,61.0
335.0,61.0
338.0,61.0
339.0,61.0
341.0,62.0
344.0,62.0
346.0,63.0
348.0,64.0
349.0,66.0
351.0,67.0
351.0,68.0
352.0,68.0
352.0,69.0
-1.0,-1.0
337.0,94.0
338.0,95.0
339.0,95.0
341.0,95.0
341.0,96.0
342.0,96.0
-1.0,-1.0
 
