244.0,51.0
247.0,51.0
250.0,51.0
253.0,51.0
256.0,53.0
258.0,54.0
261.0,55.0
264.0,56.0
265.0,57.0
267.0,60.0
268.0,61.0
270.0,63.0
271.0,64.0
272.0,65.0
272.0,67.0
272.0,69.0
272.0,70.0
274.0,74.0
274.0,76.0
274.0,81.0
274.0,85.0
274.0,94.0
274.0,98.0
274.0,101.0
274.0,104.0
274.0,108.0
274.0,115.0
272.0,118.0
271.0,123.0
268.0,125.0
267.0,128.0
264.0,129.0
261.0,131.0
260.0,131.0
257.0,133.0
254.0,133.0
250.0,135.0
247.0,136.0
242.0,137.0
239.0,137.0
233.0,137.0
229.0,138.0
225.0,138.0
222.0,138.0
219.0,138.0
218.0,137.0
216.0,136.0
215.0,135.0
213.0,133.0
213.0,132.0
212.0,131.0
212.0,130.0
212.0,129.0
212.0,128.0
212.0,126.0
212.0,125.0
212.0,124.0
212.0,123.0
213.0,123.0
215.0,122.0
218.0,121.0
220.0,121.0
223.0,121.0
226.0,121.0
229.0,121.0
230.0,121.0
234.0,122.0
236.0,123.0
240.0,125.0
244.0,128.0
249.0,131.0
253.0,133.0
260.0,138.0
264.0,142.0
272.0,148.0
277.0,151.0
285.0,157.0
289.0,160.0
296.0,166.0
302.0,169.0
311.0,175.0
318.0,180.0
322.0,182.0
323.0,184.0
327.0,186.0
334.0,190.0
340.0,193.0
343.0,195.0
344.0,195.0
344.0,196.0
-1.0,-1.0
276.0,124.0
279.0,124.0
282.0,123.0
286.0,122.0
292.0,119.0
296.0,118.0
300.0,116.0
303.0,115.0
306.0,113.0
307.0,112.0
311.0,110.0
314.0,108.0
317.0,105.0
318.0,104.0
321.0,102.0
323.0,99.0
325.0,97.0
327.0,95.0
328.0,92.0
328.0,91.0
330.0,89.0
331.0,88.0
332.0,85.0
334.0,84.0
335.0,81.0
335.0,78.0
338.0,75.0
338.0,72.0
341.0,69.0
342.0,65.0
344.0,62.0
345.0,59.0
347.0,56.0
347.0,55.0
348.0,52.0
348.0,50.0
348.0,49.0
348.0,48.0
348.0,46.0
347.0,46.0
345.0,46.0
344.0,46.0
342.0,46.0
342.0,48.0
341.0,48.0
341.0,49.0
340.0,50.0
340.0,51.0
338.0,52.0
338.0,55.0
337.0,56.0
337.0,57.0
337.0,58.0
337.0,62.0
337.0,64.0
335.0,69.0
335.0,72.0
335.0,79.0
335.0,83.0
335.0,90.0
335.0,95.0
337.0,102.0
338.0,105.0
340.0,115.0
341.0,119.0
342.0,123.0
342.0,126.0
344.0,130.0
345.0,136.0
345.0,139.0
347.0,143.0
347.0,145.0
347.0,149.0
347.0,150.0
347.0,151.0
-1.0,-1.0
219.0,45.0
220.0,45.0
224.0,45.0
229.0,45.0
234.0,45.0
237.0,45.0
247.0,45.0
254.0,45.0
265.0,45.0
271.0,45.0
278.0,43.0
282.0,43.0
289.0,43.0
292.0,43.0
297.0,42.0
302.0,42.0
306.0,42.0
310.0,42.0
316.0,41.0
319.0,41.0
323.0,41.0
327.0,41.0
328.0,40.0
331.0,40.0
335.0,40.0
340.0,40.0
344.0,40.0
348.0,39.0
351.0,39.0
354.0,39.0
357.0,38.0
359.0,38.0
362.0,36.0
364.0,36.0
365.0,36.0
366.0,36.0
369.0,36.0
371.0,36.0
372.0,36.0
-1.0,-1.0
 
