336.0,119.0
336.0,121.0
337.0,124.0
337.0,128.0
337.0,130.0
338.0,134.0
338.0,139.0
339.0,145.0
339.0,150.0
339.0,155.0
340.0,159.0
340.0,165.0
340.0,170.0
340.0,173.0
341.0,176.0
336.0,173.0
335.0,170.0
333.0,169.0
330.0,167.0
328.0,165.0
325.0,163.0
323.0,160.0
320.0,159.0
318.0,156.0
315.0,155.0
313.0,154.0
310.0,154.0
307.0,154.0
304.0,154.0
302.0,154.0
299.0,155.0
297.0,159.0
296.0,161.0
296.0,164.0
296.0,166.0
296.0,170.0
297.0,175.0
298.0,181.0
300.0,186.0
302.0,189.0
305.0,193.0
307.0,195.0
310.0,198.0
313.0,201.0
317.0,202.0
320.0,202.0
323.0,202.0
328.0,202.0
332.0,200.0
338.0,199.0
340.0,198.0
342.0,198.0
345.0,198.0
347.0,198.0
349.0,199.0
352.0,200.0
353.0,202.0
354.0,205.0
354.0,209.0
352.0,213.0
351.0,215.0
350.0,219.0
347.0,223.0
344.0,227.0
342.0,231.0
339.0,235.0
335.0,239.0
331.0,242.0
327.0,246.0
321.0,248.0
317.0,250.0
313.0,252.0
311.0,253.0
307.0,253.0
304.0,251.0
302.0,251.0
299.0,248.0
297.0,247.0
296.0,244.0
293.0,240.0
293.0,235.0
291.0,231.0
291.0,227.0
292.0,223.0
294.0,221.0
296.0,218.0
298.0,218.0
302.0,218.0
306.0,220.0
308.0,223.0
312.0,227.0
315.0,231.0
318.0,237.0
321.0,243.0
324.0,245.0
326.0,249.0
329.0,253.0
330.0,256.0
333.0,258.0
335.0,261.0
338.0,261.0
-1.0,-1.0
279.0,117.0
284.0,117.0
290.0,117.0
295.0,115.0
303.0,116.0
309.0,116.0
316.0,116.0
326.0,116.0
333.0,116.0
343.0,116.0
350.0,116.0
358.0,116.0
363.0,116.0
368.0,114.0
372.0,114.0
375.0,114.0
377.0,114.0
381.0,112.0
383.0,112.0
-1.0,-1.0
 
