351.0,129.0
352.0,131.0
352.0,134.0
352.0,136.0
353.0,138.0
354.0,141.0
354.0,143.0
355.0,146.0
355.0,148.0
356.0,150.0
356.0,153.0
356.0,155.0
353.0,153.0
351.0,152.0
348.0,151.0
346.0,150.0
343.0,151.0
341.0,152.0
338.0,152.0
336.0,154.0
335.0,157.0
335.0,159.0
333.0,161.0
334.0,164.0
336.0,165.0
339.0,168.0
341.0,169.0
344.0,169.0
346.0,169.0
348.0,169.0
350.0,169.0
353.0,169.0
355.0,170.0
358.0,172.0
360.0,174.0
361.0,176.0
363.0,178.0
361.0,181.0
360.0,185.0
357.0,187.0
355.0,190.0
349.0,191.0
347.0,193.0
343.0,193.0
341.0,193.0
337.0,194.0
334.0,192.0
332.0,192.0
330.0,190.0
327.0,189.0
327.0,187.0
329.0,186.0
331.0,186.0
334.0,186.0
336.0,184.0
338.0,185.0
344.0,185.0
346.0,186.0
350.0,187.0
353.0,188.0
357.0,190.0
359.0,191.0
366.0,191.0
372.0,192.0
377.0,192.0
383.0,193.0
391.0,194.0
396.0,196.0
399.0,197.0
401.0,197.0
403.0,198.0
406.0,198.0
407.0,195.0
-1.0,-1.0
320.0,128.0
323.0,129.0
325.0,129.0
328.0,127.0
330.0,128.0
334.0,128.0
338.0,128.0
342.0,129.0
347.0,129.0
351.0,130.0
356.0,130.0
362.0,130.0
366.0,130.0
370.0,131.0
372.0,129.0
376.0,129.0
378.0,129.0
375.0,129.0
373.0,127.0
-1.0,-1.0
 
