361.0,170.0
361.0,172.0
361.0,174.0
362.0,178.0
362.0,181.0
363.0,185.0
363.0,187.0
364.0,191.0
364.0,193.0
364.0,195.0
365.0,198.0
362.0,198.0
360.0,199.0
357.0,201.0
355.0,203.0
352.0,203.0
350.0,204.0
347.0,206.0
345.0,208.0
344.0,210.0
342.0,212.0
342.0,215.0
342.0,217.0
343.0,220.0
344.0,222.0
346.0,223.0
349.0,226.0
351.0,227.0
354.0,228.0
356.0,228.0
359.0,228.0
361.0,229.0
363.0,229.0
366.0,230.0
368.0,231.0
371.0,234.0
372.0,236.0
372.0,238.0
372.0,241.0
372.0,243.0
372.0,245.0
370.0,248.0
369.0,250.0
369.0,252.0
367.0,255.0
366.0,257.0
364.0,259.0
361.0,260.0
359.0,258.0
356.0,257.0
354.0,256.0
353.0,253.0
351.0,251.0
350.0,248.0
352.0,248.0
354.0,248.0
357.0,249.0
361.0,250.0
363.0,251.0
367.0,253.0
369.0,254.0
373.0,255.0
376.0,256.0
380.0,256.0
382.0,257.0
385.0,258.0
387.0,259.0
-1.0,-1.0
338.0,177.0
342.0,177.0
344.0,177.0
346.0,177.0
350.0,177.0
354.0,177.0
356.0,177.0
360.0,177.0
363.0,177.0
366.0,177.0
370.0,177.0
373.0,177.0
376.0,175.0
379.0,175.0
381.0,175.0
385.0,173.0
387.0,173.0
390.0,173.0
392.0,171.0
393.0,169.0
-1.0,-1.0
 
