319.0,190.0
321.0,192.0
325.0,196.0
329.0,201.0
332.0,203.0
334.0,204.0
337.0,206.0
339.0,208.0
341.0,211.0
342.0,213.0
339.0,216.0
336.0,217.0
334.0,218.0
332.0,219.0
328.0,221.0
324.0,223.0
320.0,225.0
316.0,226.0
313.0,227.0
309.0,228.0
305.0,233.0
302.0,237.0
301.0,241.0
302.0,243.0
304.0,246.0
307.0,247.0
311.0,248.0
313.0,248.0
315.0,248.0
318.0,248.0
320.0,249.0
324.0,249.0
326.0,250.0
329.0,251.0
331.0,254.0
334.0,256.0
335.0,259.0
335.0,262.0
335.0,266.0
333.0,270.0
333.0,272.0
330.0,277.0
329.0,279.0
326.0,282.0
324.0,283.0
321.0,283.0
317.0,285.0
315.0,286.0
312.0,286.0
308.0,287.0
306.0,287.0
304.0,287.0
302.0,287.0
299.0,285.0
297.0,284.0
295.0,282.0
295.0,279.0
297.0,279.0
299.0,279.0
302.0,277.0
304.0,277.0
306.0,278.0
309.0,279.0
311.0,280.0
312.0,283.0
317.0,287.0
318.0,289.0
319.0,292.0
322.0,293.0
323.0,295.0
325.0,299.0
328.0,302.0
332.0,303.0
334.0,303.0
-1.0,-1.0
266.0,195.0
270.0,195.0
272.0,195.0
276.0,195.0
278.0,195.0
283.0,195.0
287.0,195.0
293.0,195.0
298.0,196.0
304.0,196.0
309.0,194.0
317.0,194.0
322.0,194.0
326.0,194.0
330.0,194.0
335.0,194.0
339.0,194.0
343.0,194.0
348.0,194.0
350.0,194.0
354.0,194.0
356.0,194.0
359.0,194.0
361.0,194.0
364.0,192.0
366.0,192.0
368.0,192.0
369.0,189.0
-1.0,-1.0
 
