.VERSION 1.0 
.HIERARCHY CHARACTER
.COORD X Y T
.SEGMENT CHARACTER 0-2 OK "105"
.H_LINE 6249 7124
.V_LINE 499 1250
.X_DIM 750
.Y_DIM 875
.X_POINTS_PER_INCH 1000
.Y_POINTS_PER_INCH 1000
.POINTS_PER_SECOND 125
.COMMENT CALIB X: -21 Y: -60

.WRITER_INFO
 Name: HARDIK DAVE
 WriterId: 62
 Hand: right
 EducationLevel: college graduate
 Gender: male
 Profession: student
 Region: punjab
 Age: 22
 DeviceType: digimemo a402
 SkillDevice: average
 Language: hindi
 Script: indic
 Native: true
 Style: discrete
 UsageFreq: once a week
 Proficiency: average
 Date: 2007-6-23
 WritingInProfession: no

.PEN_DOWN
720 6624 0
724 6623 0
732 6622 0
747 6621 0
771 6619 0
805 6617 0
846 6615 0
891 6613 0
927 6612 0
955 6612 0
973 6612 0
984 6613 0
989 6614 0
982 6615 0
.PEN_UP
.PEN_DOWN
816 6621 0
816 6624 0
816 6629 0
816 6634 0
816 6639 0
816 6644 0
817 6648 0
818 6653 0
821 6659 0
824 6665 0
826 6669 0
828 6672 0
825 6669 0
821 6667 0
815 6666 0
807 6665 0
795 6666 0
782 6669 0
770 6673 0
759 6678 0
748 6683 0
740 6688 0
735 6692 0
731 6697 0
728 6701 0
726 6704 0
726 6707 0
727 6710 0
729 6713 0
733 6717 0
736 6720 0
739 6723 0
742 6726 0
745 6728 0
748 6730 0
751 6732 0
754 6734 0
757 6736 0
760 6737 0
763 6738 0
766 6739 0
769 6739 0
772 6739 0
775 6739 0
778 6739 0
782 6740 0
786 6740 0
791 6740 0
796 6741 0
801 6741 0
806 6742 0
810 6742 0
813 6742 0
816 6744 0
818 6747 0
820 6750 0
823 6752 0
822 6749 0
820 6746 0
817 6744 0
814 6742 0
811 6741 0
808 6741 0
805 6741 0
802 6741 0
799 6741 0
796 6741 0
793 6741 0
790 6741 0
787 6741 0
784 6741 0
781 6741 0
778 6741 0
775 6741 0
772 6742 0
769 6742 0
766 6742 0
763 6744 0
760 6746 0
757 6748 0
754 6751 0
751 6755 0
748 6758 0
745 6761 0
743 6766 0
740 6771 0
737 6777 0
735 6782 0
733 6786 0
732 6790 0
731 6795 0
730 6800 0
729 6805 0
729 6809 0
729 6812 0
729 6815 0
730 6818 0
732 6822 0
734 6825 0
738 6827 0
743 6829 0
750 6830 0
761 6831 0
774 6832 0
788 6832 0
802 6832 0
815 6832 0
828 6832 0
840 6832 0
847 6832 0
851 6833 0
853 6827 0
853 6827 0
.PEN_UP
.PEN_DOWN
818 6744 0
820 6747 0
822 6750 0
824 6753 0
826 6758 0
829 6764 0
832 6771 0
835 6776 0
838 6782 0
840 6786 0
840 6789 0
840 6792 0
836 6796 0
832 6799 0
826 6801 0
819 6800 0
811 6798 0
804 6795 0
797 6791 0
792 6787 0
789 6783 0
787 6780 0
787 6777 0
792 6774 0
798 6772 0
808 6771 0
822 6769 0
838 6768 0
856 6765 0
875 6762 0
893 6759 0
908 6756 0
921 6753 0
932 6751 0
942 6749 0
948 6747 0
953 6745 0
957 6744 0
961 6742 0
964 6740 0
965 6737 0
965 6733 0
965 6730 0
965 6726 0
964 6721 0
963 6715 0
962 6709 0
961 6702 0
960 6693 0
959 6683 0
957 6672 0
954 6661 0
951 6651 0
948 6642 0
944 6634 0
940 6628 0
937 6624 0
934 6622 0
935 6627 0
937 6634 0
939 6643 0
941 6657 0
944 6675 0
948 6694 0
953 6713 0
958 6732 0
963 6748 0
968 6762 0
972 6773 0
976 6782 0
979 6789 0
981 6794 0
982 6798 0
981 6801 0
.PEN_UP
