.VERSION 1.0 
.HIERARCHY CHARACTER
.COORD X Y T
.SEGMENT CHARACTER 0-2 OK "8"
.H_LINE 2999 3874
.V_LINE 5000 5750
.X_DIM 750
.Y_DIM 874
.X_POINTS_PER_INCH 1000
.Y_POINTS_PER_INCH 1000
.POINTS_PER_SECOND 125
.COMMENT CALIB X: -19 Y: -93

.WRITER_INFO
 Name: V CHANDRASEKHARAN
 WriterId: 45
 Hand: right
 EducationLevel: post graduate
 Gender: male
 Profession: professor
 Region: puttaparthi
 Age: 53
 DeviceType: digimemo a402
 SkillDevice: average
 Language: hindi
 Script: indic
 Native: false
 Style: discrete
 UsageFreq: rarely
 Proficiency: average
 Date: 2007-6-20
 WritingInProfession: no

.PEN_DOWN
5232 3242 0
5232 3238 0
5233 3235 0
5230 3235 0
5227 3236 0
5222 3238 0
5218 3240 0
5214 3241 0
5211 3241 0
5215 3241 0
5223 3241 0
5233 3239 0
5249 3236 0
5273 3234 0
5303 3231 0
5338 3230 0
5372 3229 0
5401 3229 0
5423 3228 0
5439 3227 0
5449 3227 0
5457 3226 0
5462 3225 0
5453 3234 0
5439 3237 0
.PEN_UP
.PEN_DOWN
5263 3263 0
5263 3257 0
5264 3253 0
5264 3249 0
5265 3246 0
5265 3251 0
5266 3259 0
5265 3269 0
5265 3281 0
5264 3294 0
5264 3307 0
5264 3319 0
5263 3331 0
5262 3343 0
5261 3354 0
5260 3364 0
5260 3375 0
5260 3387 0
5260 3396 0
5260 3405 0
5259 3411 0
5259 3415 0
5259 3418 0
5260 3421 0
5264 3425 0
5271 3430 0
5284 3437 0
5302 3447 0
5324 3458 0
5349 3471 0
5378 3485 0
5407 3498 0
5432 3511 0
5452 3520 0
5466 3527 0
5475 3531 0
5480 3533 0
5480 3529 0
5477 3523 0
5473 3513 0
5469 3499 0
5464 3480 0
.PEN_UP
.PEN_DOWN
5429 3242 0
5430 3238 0
5429 3242 0
5429 3251 0
5429 3264 0
5427 3279 0
5425 3292 0
5424 3307 0
5423 3319 0
5423 3330 0
5423 3344 0
5423 3355 0
5424 3367 0
5424 3378 0
5424 3387 0
5424 3394 0
5424 3398 0
5425 3394 0
5426 3387 0
5426 3376 0
5425 3361 0
.PEN_UP
