.VERSION 1.0 
.HIERARCHY CHARACTER
.COORD X Y T
.SEGMENT CHARACTER 0-3 OK "20"
.H_LINE 7874 8750
.V_LINE 499 1250
.X_DIM 750
.Y_DIM 875
.X_POINTS_PER_INCH 1000
.Y_POINTS_PER_INCH 1000
.POINTS_PER_SECOND 125
.COMMENT CALIB X: -91 Y: -15

.WRITER_INFO
 Name: V CHANDRASEKHARAN
 WriterId: 45
 Hand: right
 EducationLevel: post graduate
 Gender: male
 Profession: professor
 Region: puttaparthi
 Age: 53
 DeviceType: digimemo a402
 SkillDevice: average
 Language: hindi
 Script: indic
 Native: false
 Style: discrete
 UsageFreq: rarely
 Proficiency: average
 Date: 2007-6-20
 WritingInProfession: no

.PEN_DOWN
633 8197 0
626 8196 0
621 8196 0
618 8195 0
623 8196 0
634 8196 0
648 8196 0
664 8196 0
683 8195 0
707 8194 0
740 8192 0
784 8190 0
830 8188 0
873 8185 0
906 8183 0
932 8183 0
954 8183 0
971 8183 0
984 8183 0
992 8183 0
996 8182 0
995 8178 0
990 8175 0
984 8172 0
.PEN_UP
.PEN_DOWN
783 8189 0
781 8192 0
780 8195 0
780 8200 0
781 8207 0
782 8215 0
783 8225 0
784 8235 0
785 8245 0
786 8254 0
786 8264 0
786 8277 0
787 8288 0
787 8296 0
787 8302 0
787 8306 0
787 8309 0
787 8306 0
787 8303 0
786 8299 0
785 8295 0
783 8291 0
782 8288 0
779 8285 0
776 8283 0
769 8279 0
758 8277 0
744 8276 0
730 8277 0
718 8279 0
707 8283 0
696 8289 0
686 8295 0
679 8301 0
675 8308 0
672 8315 0
671 8323 0
670 8331 0
670 8338 0
671 8345 0
673 8351 0
675 8357 0
677 8362 0
680 8366 0
685 8370 0
691 8374 0
696 8377 0
703 8379 0
710 8381 0
718 8383 0
727 8384 0
737 8385 0
747 8386 0
756 8387 0
765 8389 0
772 8392 0
779 8394 0
787 8398 0
796 8402 0
805 8407 0
815 8412 0
823 8416 0
829 8422 0
834 8428 0
838 8434 0
842 8441 0
844 8448 0
846 8456 0
846 8462 0
846 8467 0
843 8472 0
838 8477 0
831 8483 0
822 8488 0
811 8491 0
798 8494 0
781 8497 0
762 8498 0
743 8498 0
728 8496 0
716 8493 0
707 8489 0
701 8485 0
698 8480 0
696 8475 0
695 8470 0
695 8467 0
696 8464 0
699 8463 0
702 8462 0
707 8461 0
716 8461 0
725 8462 0
735 8464 0
746 8468 0
757 8474 0
769 8482 0
782 8491 0
795 8503 0
806 8516 0
817 8531 0
827 8544 0
834 8556 0
841 8567 0
846 8577 0
850 8583 0
852 8586 0
852 8581 0
850 8571 0
848 8555 0
.PEN_UP
.PEN_DOWN
788 8397 0
791 8398 0
796 8400 0
804 8402 0
813 8403 0
826 8403 0
839 8402 0
853 8401 0
868 8400 0
880 8398 0
892 8396 0
901 8395 0
909 8393 0
917 8390 0
923 8387 0
928 8384 0
931 8382 0
932 8379 0
932 8376 0
931 8372 0
929 8368 0
924 8362 0
.PEN_UP
.PEN_DOWN
922 8253 0
922 8250 0
922 8246 0
922 8241 0
923 8236 0
924 8230 0
926 8224 0
927 8218 0
928 8214 0
929 8211 0
930 8208 0
931 8205 0
931 8209 0
931 8216 0
931 8225 0
932 8238 0
933 8256 0
934 8277 0
936 8297 0
937 8318 0
938 8339 0
939 8361 0
939 8381 0
939 8399 0
939 8417 0
939 8435 0
940 8452 0
941 8468 0
942 8483 0
942 8497 0
943 8508 0
944 8516 0
944 8521 0
944 8524 0
944 8521 0
944 8514 0
943 8501 0
.PEN_UP
