.VERSION 1.0 
.HIERARCHY CHARACTER
.COORD X Y T
.SEGMENT CHARACTER 0-1 OK "77"
.H_LINE 6249 7124
.V_LINE 3500 4250
.X_DIM 750
.Y_DIM 875
.X_POINTS_PER_INCH 1000
.Y_POINTS_PER_INCH 1000
.POINTS_PER_SECOND 125
.COMMENT CALIB X: -55 Y: -120

.WRITER_INFO
 Name: V CHANDRASEKHARAN
 WriterId: 45
 Hand: right
 EducationLevel: post graduate
 Gender: male
 Profession: professor
 Region: puttaparthi
 Age: 53
 DeviceType: digimemo a402
 SkillDevice: average
 Language: hindi
 Script: indic
 Native: false
 Style: discrete
 UsageFreq: rarely
 Proficiency: average
 Date: 2007-6-20
 WritingInProfession: no

.PEN_DOWN
3601 6534 0
3608 6535 0
3620 6535 0
3638 6534 0
3659 6533 0
3679 6532 0
3698 6530 0
3718 6529 0
3740 6527 0
3761 6526 0
3779 6524 0
3795 6523 0
3806 6522 0
3813 6521 0
3816 6520 0
3816 6525 0
3811 6527 0
.PEN_UP
.PEN_DOWN
3722 6588 0
3724 6585 0
3726 6582 0
3726 6579 0
3723 6578 0
3719 6578 0
3715 6577 0
3709 6578 0
3703 6579 0
3696 6581 0
3690 6583 0
3684 6585 0
3679 6587 0
3675 6591 0
3671 6595 0
3668 6598 0
3667 6601 0
3666 6604 0
3665 6607 0
3665 6611 0
3664 6614 0
3665 6618 0
3666 6621 0
3668 6624 0
3672 6627 0
3678 6630 0
3687 6633 0
3697 6635 0
3707 6636 0
3715 6636 0
3720 6636 0
3724 6635 0
3727 6634 0
3724 6633 0
3720 6634 0
3715 6636 0
3707 6639 0
3700 6642 0
3694 6645 0
3690 6648 0
3685 6653 0
3680 6659 0
3676 6664 0
3672 6671 0
3669 6679 0
3667 6686 0
3666 6693 0
3665 6699 0
3665 6705 0
3667 6711 0
3670 6716 0
3675 6722 0
3681 6727 0
3686 6731 0
3691 6734 0
3696 6736 0
3702 6737 0
3709 6737 0
3717 6736 0
3726 6735 0
3735 6733 0
3743 6731 0
3750 6729 0
3754 6727 0
3757 6726 0
3760 6725 0
3763 6723 0
3766 6721 0
3769 6720 0
3772 6719 0
3775 6718 0
3775 6718 0
.PEN_UP
