.VERSION 1.0 
.HIERARCHY CHARACTER
.COORD X Y T
.SEGMENT CHARACTER 0-3 OK "7"
.H_LINE 2999 3874
.V_LINE 3500 4250
.X_DIM 750
.Y_DIM 874
.X_POINTS_PER_INCH 1000
.Y_POINTS_PER_INCH 1000
.POINTS_PER_SECOND 125
.COMMENT CALIB X: 31 Y: -140

.WRITER_INFO
 Name: PRAVEEN
 WriterId: 1
 Hand: right
 EducationLevel: post graduate
 Gender: male
 Profession: student
 Region: hyderabad
 Age: 23
 DeviceType: digimemo a402
 SkillDevice: average
 Language: hindi
 Script: indic
 Native: false
 Style: discrete
 UsageFreq: rarely
 Proficiency: average
 Date: 2007-6-6
 WritingInProfession: no

.PEN_DOWN
3885 3287 0
3881 3280 0
3880 3275 0
3880 3272 0
3879 3278 0
3880 3290 0
3882 3309 0
3885 3338 0
3888 3375 0
3889 3410 0
3889 3441 0
3889 3464 0
3889 3480 0
3888 3491 0
3887 3499 0
3887 3502 0
3884 3499 0
3886 3491 0
.PEN_UP
.PEN_DOWN
3789 3324 0
3796 3324 0
3813 3326 0
3840 3329 0
3872 3333 0
3898 3338 0
3915 3344 0
3924 3351 0
3925 3360 0
3916 3372 0
3900 3383 0
3884 3396 0
3863 3408 0
3842 3420 0
3824 3432 0
3804 3445 0
3788 3455 0
3775 3463 0
3768 3467 0
3764 3469 0
3774 3468 0
.PEN_UP
.PEN_DOWN
3946 3359 0
3942 3359 0
3947 3357 0
3963 3353 0
3985 3346 0
4007 3338 0
4024 3330 0
4036 3322 0
4044 3316 0
4048 3310 0
4048 3307 0
4042 3305 0
4034 3306 0
4024 3309 0
4014 3313 0
4005 3317 0
3999 3321 0
3996 3326 0
3995 3332 0
3998 3340 0
4002 3348 0
4009 3359 0
4015 3374 0
4022 3392 0
4027 3409 0
4030 3428 0
4032 3445 0
4032 3461 0
4029 3475 0
4025 3485 0
4021 3494 0
4012 3503 0
4001 3508 0
3987 3512 0
3969 3517 0
3944 3521 0
3920 3523 0
3899 3524 0
3882 3524 0
3870 3523 0
3863 3522 0
3858 3518 0
3854 3512 0
3854 3504 0
.PEN_UP
.PEN_DOWN
3820 3265 0
3814 3265 0
3809 3264 0
3806 3264 0
3811 3263 0
3824 3262 0
3849 3262 0
3883 3261 0
3923 3261 0
3965 3261 0
4000 3261 0
4027 3260 0
4046 3259 0
4056 3259 0
4061 3259 0
4058 3259 0
4055 3259 0
4054 3262 0
4054 3262 0
.PEN_UP
