.VERSION 1.0 
.HIERARCHY CHARACTER
.COORD X Y T
.SEGMENT CHARACTER 0-2 OK "13"
.H_LINE 4624 5499
.V_LINE 5000 5750
.X_DIM 750
.Y_DIM 874
.X_POINTS_PER_INCH 1000
.Y_POINTS_PER_INCH 1000
.POINTS_PER_SECOND 125
.COMMENT CALIB X: 49 Y: -177

.WRITER_INFO
 Name: PRAVEEN
 WriterId: 1
 Hand: right
 EducationLevel: post graduate
 Gender: male
 Profession: student
 Region: hyderabad
 Age: 23
 DeviceType: digimemo a402
 SkillDevice: average
 Language: hindi
 Script: indic
 Native: false
 Style: discrete
 UsageFreq: rarely
 Proficiency: average
 Date: 2007-6-6
 WritingInProfession: no

.PEN_DOWN
5166 4912 0
5162 4909 0
5160 4902 0
5163 4894 0
5173 4886 0
5196 4879 0
5228 4877 0
5262 4881 0
5289 4894 0
5309 4913 0
5324 4936 0
5333 4959 0
5332 4980 0
5317 5001 0
5299 5018 0
5280 5030 0
5262 5038 0
5250 5042 0
5242 5043 0
5237 5042 0
5236 5039 0
5237 5036 0
5240 5035 0
5245 5037 0
5252 5041 0
5262 5047 0
5273 5058 0
5285 5071 0
5297 5086 0
5312 5102 0
5325 5117 0
5338 5128 0
5349 5136 0
5362 5141 0
5375 5140 0
5389 5134 0
5401 5124 0
5417 5113 0
.PEN_UP
.PEN_DOWN
5464 4943 0
5467 4936 0
5470 4926 0
5473 4915 0
5475 4906 0
5477 4897 0
5478 4891 0
5479 4888 0
5478 4893 0
5476 4906 0
5474 4923 0
5471 4944 0
5467 4965 0
5462 4984 0
5459 5000 0
5455 5015 0
5452 5026 0
5450 5033 0
5449 5038 0
5450 5033 0
5453 5025 0
5458 5015 0
5461 4999 0
5462 4984 0
5461 4971 0
5457 4960 0
5450 4952 0
5436 4947 0
5417 4945 0
5395 4947 0
5372 4952 0
5349 4959 0
5334 4967 0
5320 4976 0
5312 4983 0
5309 4988 0
5308 4993 0
5311 4998 0
5316 5000 0
5328 5001 0
5345 5000 0
5366 4996 0
5392 4992 0
5422 4987 0
.PEN_UP
.PEN_DOWN
5232 4831 0
5221 4830 0
5212 4829 0
5207 4829 0
5210 4830 0
5227 4830 0
5259 4828 0
5296 4825 0
5347 4822 0
5409 4819 0
5467 4818 0
5508 4818 0
5533 4818 0
5546 4819 0
5552 4819 0
5545 4816 0
5539 4814 0
5534 4818 0
5529 4812 0
.PEN_UP
