.VERSION 1.0 
.HIERARCHY CHARACTER
.COORD X Y T
.SEGMENT CHARACTER 0-2 OK "47"
.H_LINE 6249 7124
.V_LINE 3500 4250
.X_DIM 750
.Y_DIM 875
.X_POINTS_PER_INCH 1000
.Y_POINTS_PER_INCH 1000
.POINTS_PER_SECOND 125
.COMMENT CALIB X: 45 Y: -172

.WRITER_INFO
 Name: PRAVEEN
 WriterId: 1
 Hand: right
 EducationLevel: post graduate
 Gender: male
 Profession: student
 Region: hyderabad
 Age: 23
 DeviceType: digimemo a402
 SkillDevice: average
 Language: hindi
 Script: indic
 Native: false
 Style: discrete
 UsageFreq: rarely
 Proficiency: average
 Date: 2007-6-6
 WritingInProfession: no

.PEN_DOWN
3934 6490 0
3934 6486 0
3934 6481 0
3937 6486 0
3941 6497 0
3943 6514 0
3943 6541 0
3941 6575 0
3936 6613 0
3929 6647 0
3924 6675 0
3920 6697 0
3918 6712 0
3917 6719 0
3917 6723 0
3916 6718 0
3914 6710 0
3912 6697 0
3910 6680 0
.PEN_UP
.PEN_DOWN
3955 6520 0
3955 6517 0
3943 6516 0
3924 6519 0
3895 6523 0
3868 6529 0
3845 6535 0
3819 6541 0
3795 6546 0
3774 6548 0
3759 6549 0
3748 6548 0
3739 6549 0
3733 6548 0
3730 6548 0
3733 6547 0
3737 6545 0
3743 6544 0
3748 6543 0
3751 6543 0
3754 6543 0
3757 6543 0
3763 6542 0
3774 6542 0
3788 6540 0
3803 6540 0
3820 6542 0
3834 6545 0
3844 6553 0
3849 6565 0
3853 6583 0
3855 6604 0
3853 6625 0
3848 6645 0
3841 6664 0
3831 6681 0
3815 6699 0
3799 6712 0
3786 6720 0
3774 6724 0
3764 6725 0
3759 6724 0
3756 6722 0
3754 6717 0
3753 6710 0
3754 6704 0
3755 6696 0
3760 6686 0
3768 6678 0
3775 6674 0
3782 6674 0
3791 6678 0
3801 6687 0
3811 6697 0
3820 6707 0
3825 6715 0
3828 6722 0
3830 6729 0
3831 6734 0
3831 6737 0
3840 6732 0
.PEN_UP
.PEN_DOWN
3849 6459 0
3842 6456 0
3833 6454 0
3826 6454 0
3822 6453 0
3831 6455 0
3853 6454 0
3886 6453 0
3927 6451 0
3970 6450 0
4004 6449 0
4024 6449 0
4034 6449 0
4038 6449 0
4041 6445 0
.PEN_UP
