.VERSION 1.0 
.HIERARCHY CHARACTER
.COORD X Y T
.SEGMENT CHARACTER 0-2 OK "19"
.H_LINE 6249 7124
.V_LINE 6500 7250
.X_DIM 750
.Y_DIM 875
.X_POINTS_PER_INCH 1000
.Y_POINTS_PER_INCH 1000
.POINTS_PER_SECOND 125
.COMMENT CALIB X: -15 Y: 18

.WRITER_INFO
 Name: E NARESH KUMAR
 WriterId: 88
 Hand: right
 EducationLevel: post graduate
 Gender: male
 Profession: engineer
 Region: hyderabad
 Age: 25
 DeviceType: digimemo a402
 SkillDevice: average
 Language: hindi
 Script: indic
 Native: false
 Style: discrete
 UsageFreq: once a month
 Proficiency: average
 Date: 2007-7-21
 WritingInProfession: no

.PEN_DOWN
6635 6617 0
6638 6615 0
6641 6616 0
6644 6617 0
6647 6618 0
6650 6620 0
6653 6623 0
6656 6628 0
6659 6633 0
6663 6640 0
6668 6646 0
6672 6652 0
6677 6660 0
6683 6667 0
6688 6674 0
6692 6681 0
6695 6687 0
6698 6693 0
6701 6699 0
6704 6705 0
6707 6711 0
6710 6716 0
6713 6720 0
6716 6724 0
6718 6727 0
6720 6730 0
6724 6733 0
6728 6735 0
6731 6736 0
6735 6736 0
6738 6736 0
6742 6733 0
6746 6730 0
6749 6727 0
6754 6720 0
6759 6713 0
6763 6706 0
6766 6699 0
6769 6691 0
6772 6683 0
6773 6676 0
6774 6669 0
6773 6662 0
6771 6656 0
6770 6651 0
6768 6647 0
6765 6642 0
6763 6639 0
6760 6637 0
6758 6634 0
6755 6633 0
6752 6632 0
6756 6635 0
6762 6639 0
6771 6643 0
6783 6645 0
6797 6647 0
6814 6648 0
6834 6648 0
6855 6648 0
6874 6647 0
6888 6647 0
6901 6646 0
6913 6645 0
6922 6644 0
6928 6643 0
6934 6642 0
6938 6641 0
6942 6640 0
6947 6640 0
6950 6639 0
6941 6638 0
6932 6636 0
.PEN_UP
.PEN_DOWN
6925 6513 0
6928 6511 0
6931 6509 0
6934 6509 0
6936 6513 0
6938 6519 0
6939 6527 0
6940 6538 0
6940 6551 0
6940 6565 0
6938 6580 0
6936 6594 0
6935 6609 0
6933 6624 0
6931 6639 0
6929 6653 0
6927 6666 0
6924 6677 0
6922 6688 0
6920 6698 0
6919 6704 0
6919 6708 0
6919 6711 0
6923 6708 0
.PEN_UP
.PEN_DOWN
6786 6547 0
6787 6544 0
6790 6542 0
6793 6540 0
6797 6538 0
6805 6536 0
6816 6534 0
6830 6532 0
6849 6531 0
6869 6530 0
6893 6530 0
6918 6529 0
6940 6529 0
6958 6528 0
6973 6526 0
6986 6524 0
6999 6522 0
7009 6520 0
7018 6518 0
7024 6517 0
7028 6517 0
7022 6518 0
7012 6524 0
.PEN_UP
