.VERSION 1.0 
.HIERARCHY CHARACTER
.COORD X Y T
.SEGMENT CHARACTER 0-2 OK "26"
.H_LINE 9500 10374
.V_LINE 1999 2749
.X_DIM 749
.Y_DIM 874
.X_POINTS_PER_INCH 1000
.Y_POINTS_PER_INCH 1000
.POINTS_PER_SECOND 125
.COMMENT CALIB X: -96 Y: 46

.WRITER_INFO
 Name: E NARESH KUMAR
 WriterId: 88
 Hand: right
 EducationLevel: post graduate
 Gender: male
 Profession: engineer
 Region: hyderabad
 Age: 25
 DeviceType: digimemo a402
 SkillDevice: average
 Language: hindi
 Script: indic
 Native: false
 Style: discrete
 UsageFreq: once a month
 Proficiency: average
 Date: 2007-7-21
 WritingInProfession: no

.PEN_DOWN
2167 9836 0
2168 9833 0
2168 9830 0
2168 9827 0
2169 9824 0
2168 9821 0
2167 9818 0
2165 9822 0
2164 9829 0
2165 9837 0
2166 9845 0
2167 9853 0
2168 9861 0
2170 9869 0
2172 9876 0
2174 9882 0
2177 9888 0
2180 9892 0
2182 9896 0
2184 9899 0
2189 9901 0
2195 9902 0
2200 9902 0
2206 9901 0
2212 9899 0
2217 9897 0
2223 9896 0
2230 9893 0
2238 9891 0
2244 9889 0
2251 9886 0
2259 9884 0
2266 9883 0
2272 9881 0
2277 9879 0
2280 9877 0
2283 9875 0
2286 9870 0
2288 9866 0
2290 9859 0
2292 9851 0
2294 9842 0
2294 9832 0
2293 9822 0
2292 9812 0
2291 9803 0
2289 9796 0
2288 9792 0
2285 9792 0
2280 9799 0
2278 9803 0
.PEN_UP
.PEN_DOWN
2391 9822 0
2391 9812 0
2391 9804 0
2391 9798 0
2390 9792 0
2390 9787 0
2391 9783 0
2391 9779 0
2393 9782 0
2395 9790 0
2397 9801 0
2399 9814 0
2400 9828 0
2401 9844 0
2401 9858 0
2401 9871 0
2401 9883 0
2401 9894 0
2401 9905 0
2401 9917 0
2401 9927 0
2400 9938 0
2399 9951 0
2398 9961 0
2398 9969 0
2398 9977 0
2398 9983 0
2397 9988 0
2397 9991 0
2396 9986 0
2396 9983 0
2395 9970 0
.PEN_UP
.PEN_DOWN
2081 9806 0
2078 9805 0
2075 9802 0
2073 9799 0
2076 9799 0
2085 9799 0
2098 9800 0
2114 9800 0
2131 9800 0
2151 9798 0
2174 9796 0
2202 9794 0
2233 9792 0
2268 9789 0
2298 9787 0
2322 9784 0
2341 9781 0
2356 9778 0
2368 9775 0
2377 9771 0
2386 9767 0
2394 9763 0
2399 9761 0
2402 9760 0
2402 9766 0
.PEN_UP
