.VERSION 1.0 
.HIERARCHY CHARACTER
.COORD X Y T
.SEGMENT CHARACTER 0-2 OK "66"
.H_LINE 2999 3874
.V_LINE 1999 2749
.X_DIM 749
.Y_DIM 874
.X_POINTS_PER_INCH 1000
.Y_POINTS_PER_INCH 1000
.POINTS_PER_SECOND 125
.COMMENT CALIB X: -74 Y: 40

.WRITER_INFO
 Name: E NARESH KUMAR
 WriterId: 88
 Hand: right
 EducationLevel: post graduate
 Gender: male
 Profession: engineer
 Region: hyderabad
 Age: 25
 DeviceType: digimemo a402
 SkillDevice: average
 Language: hindi
 Script: indic
 Native: false
 Style: discrete
 UsageFreq: once a month
 Proficiency: average
 Date: 2007-7-21
 WritingInProfession: no

.PEN_DOWN
2181 3290 0
2180 3287 0
2180 3284 0
2181 3281 0
2185 3279 0
2191 3278 0
2196 3277 0
2200 3277 0
2204 3278 0
2209 3280 0
2215 3284 0
2221 3287 0
2227 3290 0
2231 3294 0
2235 3297 0
2238 3301 0
2241 3306 0
2243 3311 0
2245 3318 0
2247 3326 0
2247 3336 0
2246 3344 0
2244 3353 0
2239 3361 0
2233 3369 0
2225 3374 0
2218 3379 0
2211 3382 0
2204 3386 0
2196 3389 0
2190 3391 0
2185 3392 0
2181 3394 0
2178 3395 0
2175 3396 0
2175 3399 0
2175 3402 0
2176 3406 0
2178 3411 0
2182 3417 0
2187 3424 0
2194 3432 0
2201 3441 0
2208 3449 0
2217 3458 0
2226 3467 0
2235 3476 0
2243 3485 0
2251 3493 0
2259 3501 0
2266 3508 0
2271 3514 0
2275 3517 0
2278 3519 0
2281 3516 0
2282 3507 0
.PEN_UP
.PEN_DOWN
2396 3374 0
2387 3374 0
2380 3374 0
2375 3374 0
2369 3369 0
2364 3367 0
2360 3367 0
2356 3368 0
2351 3369 0
2347 3371 0
2342 3373 0
2338 3375 0
2335 3377 0
2332 3380 0
2331 3384 0
2330 3388 0
2330 3392 0
2330 3396 0
2331 3399 0
2333 3403 0
2334 3406 0
2336 3409 0
2338 3412 0
2340 3415 0
2342 3418 0
2344 3421 0
2346 3425 0
2348 3428 0
2350 3431 0
2352 3434 0
2355 3437 0
2358 3439 0
2361 3442 0
2365 3445 0
2369 3448 0
2372 3450 0
2375 3452 0
2378 3453 0
2381 3454 0
2385 3454 0
2389 3454 0
2393 3453 0
2398 3452 0
2403 3450 0
2407 3448 0
2411 3445 0
2414 3442 0
2416 3439 0
2420 3436 0
2422 3433 0
2424 3430 0
2426 3427 0
2427 3424 0
2428 3421 0
2428 3417 0
2428 3414 0
2428 3414 0
.PEN_UP
.PEN_DOWN
2138 3280 0
2138 3277 0
2142 3274 0
2145 3273 0
2148 3272 0
2152 3271 0
2158 3269 0
2165 3268 0
2170 3267 0
2179 3265 0
2192 3262 0
2210 3261 0
2231 3258 0
2257 3255 0
2286 3253 0
2315 3251 0
2339 3250 0
2357 3250 0
2370 3249 0
2379 3249 0
2385 3249 0
2388 3249 0
2389 3252 0
2388 3258 0
2388 3265 0
.PEN_UP
