.VERSION 1.0 
.HIERARCHY CHARACTER
.COORD X Y T
.SEGMENT CHARACTER 0-1 OK "83"
.H_LINE 7874 8750
.V_LINE 5000 5750
.X_DIM 750
.Y_DIM 875
.X_POINTS_PER_INCH 1000
.Y_POINTS_PER_INCH 1000
.POINTS_PER_SECOND 125
.COMMENT CALIB X: -22 Y: 26

.WRITER_INFO
 Name: E NARESH KUMAR
 WriterId: 88
 Hand: right
 EducationLevel: post graduate
 Gender: male
 Profession: engineer
 Region: hyderabad
 Age: 25
 DeviceType: digimemo a402
 SkillDevice: average
 Language: hindi
 Script: indic
 Native: false
 Style: discrete
 UsageFreq: once a month
 Proficiency: average
 Date: 2007-7-21
 WritingInProfession: no

.PEN_DOWN
5215 8142 0
5216 8139 0
5218 8136 0
5221 8133 0
5222 8137 0
5223 8142 0
5223 8149 0
5223 8156 0
5224 8164 0
5224 8172 0
5225 8183 0
5225 8193 0
5226 8203 0
5226 8213 0
5227 8225 0
5227 8236 0
5228 8248 0
5228 8259 0
5228 8270 0
5229 8279 0
5229 8287 0
5228 8293 0
5228 8298 0
5227 8301 0
5226 8305 0
5225 8308 0
5222 8313 0
5218 8316 0
5215 8318 0
5212 8319 0
5207 8320 0
5201 8320 0
5195 8320 0
5190 8320 0
5185 8320 0
5181 8319 0
5178 8318 0
5175 8317 0
5172 8315 0
5169 8311 0
5168 8308 0
5167 8305 0
5166 8302 0
5166 8299 0
5166 8295 0
5165 8291 0
5165 8287 0
5164 8284 0
5164 8281 0
5164 8278 0
5164 8275 0
5164 8272 0
5165 8269 0
5168 8266 0
5173 8265 0
5178 8264 0
5183 8264 0
5189 8264 0
5195 8265 0
5201 8265 0
5208 8266 0
5214 8267 0
5222 8267 0
5228 8267 0
5234 8267 0
5242 8266 0
5249 8264 0
5257 8262 0
5265 8260 0
5275 8258 0
5284 8256 0
5292 8255 0
5297 8254 0
5300 8253 0
5303 8252 0
5300 8251 0
.PEN_UP
.PEN_DOWN
5180 8137 0
5177 8136 0
5174 8135 0
5171 8134 0
5176 8133 0
5184 8132 0
5193 8132 0
5204 8131 0
5215 8130 0
5225 8130 0
5238 8129 0
5252 8128 0
5264 8127 0
5275 8127 0
5285 8127 0
5292 8127 0
5297 8127 0
5300 8127 0
5303 8127 0
5303 8127 0
.PEN_UP
