.VERSION 1.0 
.HIERARCHY CHARACTER
.COORD X Y T
.SEGMENT CHARACTER 0-3 OK "107"
.H_LINE 6249 7124
.V_LINE 3500 4250
.X_DIM 750
.Y_DIM 875
.X_POINTS_PER_INCH 1000
.Y_POINTS_PER_INCH 1000
.POINTS_PER_SECOND 125
.COMMENT CALIB X: -14 Y: -8

.WRITER_INFO
 Name: E NARESH KUMAR
 WriterId: 88
 Hand: right
 EducationLevel: post graduate
 Gender: male
 Profession: engineer
 Region: hyderabad
 Age: 25
 DeviceType: digimemo a402
 SkillDevice: average
 Language: hindi
 Script: indic
 Native: false
 Style: discrete
 UsageFreq: once a month
 Proficiency: average
 Date: 2007-7-21
 WritingInProfession: no

.PEN_DOWN
3907 6470 0
3907 6467 0
3906 6463 0
3906 6459 0
3907 6456 0
3907 6459 0
3907 6464 0
3907 6471 0
3908 6480 0
3909 6492 0
3909 6505 0
3909 6518 0
3908 6529 0
3908 6540 0
3908 6550 0
3908 6558 0
3908 6565 0
3908 6569 0
3908 6564 0
3908 6560 0
3908 6554 0
3908 6547 0
3907 6541 0
3906 6536 0
3904 6533 0
3901 6531 0
3898 6530 0
3892 6530 0
3879 6532 0
3864 6534 0
3851 6536 0
3837 6540 0
3824 6544 0
3813 6549 0
3805 6553 0
3798 6558 0
3793 6562 0
3789 6566 0
3787 6569 0
3786 6572 0
3786 6575 0
3786 6579 0
3786 6582 0
3786 6585 0
3786 6588 0
3789 6590 0
3792 6592 0
3796 6593 0
3800 6595 0
3803 6596 0
3807 6597 0
3813 6598 0
3820 6599 0
3827 6599 0
3834 6600 0
3843 6600 0
3853 6601 0
3862 6603 0
3871 6604 0
3881 6606 0
3890 6608 0
3898 6610 0
3904 6612 0
3909 6614 0
3913 6616 0
3916 6618 0
3919 6620 0
3922 6623 0
3925 6628 0
3927 6634 0
3929 6641 0
3932 6650 0
3935 6658 0
3937 6666 0
3940 6673 0
3941 6680 0
3942 6685 0
3942 6689 0
3941 6692 0
3941 6692 0
.PEN_UP
.PEN_DOWN
3849 6619 0
3846 6618 0
3844 6615 0
3842 6612 0
3840 6609 0
3838 6606 0
3835 6603 0
3832 6601 0
3829 6600 0
3826 6599 0
3823 6599 0
3819 6599 0
3816 6599 0
3813 6600 0
3809 6601 0
3805 6602 0
3801 6605 0
3797 6607 0
3794 6611 0
3789 6615 0
3785 6619 0
3782 6623 0
3780 6627 0
3778 6632 0
3777 6637 0
3775 6643 0
3774 6651 0
3773 6657 0
3773 6663 0
3773 6669 0
3773 6677 0
3774 6685 0
3776 6692 0
3778 6699 0
3781 6708 0
3783 6717 0
3785 6726 0
3788 6736 0
3791 6745 0
3794 6753 0
3799 6760 0
3804 6765 0
3808 6770 0
3813 6774 0
3817 6777 0
3821 6780 0
3826 6783 0
3832 6786 0
3838 6789 0
3846 6793 0
3854 6796 0
3860 6798 0
3865 6801 0
3870 6803 0
3878 6804 0
3887 6805 0
3895 6806 0
3903 6807 0
3910 6807 0
3917 6806 0
3922 6806 0
3925 6806 0
3928 6805 0
3932 6804 0
3935 6803 0
3939 6801 0
3943 6799 0
3946 6797 0
3949 6794 0
3952 6791 0
3955 6789 0
3955 6789 0
.PEN_UP
.PEN_DOWN
3910 6598 0
3909 6602 0
3905 6607 0
3902 6613 0
3897 6621 0
3890 6632 0
3881 6645 0
3873 6657 0
3864 6671 0
3853 6686 0
3841 6701 0
3830 6719 0
3818 6738 0
3807 6754 0
3796 6771 0
3785 6787 0
3774 6802 0
3764 6815 0
3756 6827 0
3748 6836 0
3743 6844 0
3738 6851 0
3736 6856 0
3735 6860 0
3736 6850 0
3739 6853 0
.PEN_UP
.PEN_DOWN
3776 6446 0
3782 6447 0
3793 6447 0
3808 6446 0
3830 6444 0
3856 6439 0
3885 6433 0
3912 6426 0
3936 6420 0
3955 6414 0
3967 6410 0
3975 6407 0
3979 6406 0
3981 6409 0
3979 6416 0
3976 6424 0
.PEN_UP
