.VERSION 1.0 
.HIERARCHY CHARACTER
.COORD X Y T
.SEGMENT CHARACTER 0-2 OK "4"
.H_LINE 1374 2249
.V_LINE 6500 7250
.X_DIM 750
.Y_DIM 874
.X_POINTS_PER_INCH 1000
.Y_POINTS_PER_INCH 1000
.POINTS_PER_SECOND 125
.COMMENT CALIB X: 21 Y: -217

.WRITER_INFO
 Name: ABHISHEK SHARMA
 WriterId: 44
 Hand: right
 EducationLevel: post graduate
 Gender: male
 Profession: student
 Region: mumbai
 Age: 22
 DeviceType: digimemo a402
 SkillDevice: good
 Language: hindi
 Script: indic
 Native: false
 Style: discrete
 UsageFreq: once a month
 Proficiency: good
 Date: 2007-6-19
 WritingInProfession: no

.PEN_DOWN
6885 1652 0
6882 1656 0
6880 1661 0
6879 1667 0
6878 1673 0
6877 1680 0
6875 1687 0
6873 1695 0
6871 1704 0
6869 1714 0
6868 1725 0
6867 1734 0
6866 1741 0
6865 1747 0
6865 1750 0
6864 1746 0
6863 1743 0
6861 1740 0
6857 1737 0
6850 1734 0
6840 1733 0
6826 1732 0
6809 1732 0
6793 1734 0
6781 1737 0
6770 1741 0
6761 1746 0
6753 1753 0
6747 1759 0
6743 1765 0
6741 1771 0
6741 1775 0
6741 1779 0
6743 1784 0
6747 1788 0
6752 1792 0
6759 1795 0
6767 1797 0
6775 1798 0
6784 1799 0
6793 1799 0
6800 1798 0
6807 1797 0
6814 1797 0
6822 1796 0
6832 1796 0
6840 1795 0
6848 1795 0
6854 1796 0
6859 1798 0
6862 1801 0
6864 1806 0
6865 1812 0
6865 1821 0
6864 1832 0
6860 1842 0
6853 1853 0
6844 1863 0
6832 1871 0
6820 1878 0
6806 1882 0
6791 1884 0
6779 1884 0
6769 1882 0
6760 1878 0
6753 1874 0
6748 1869 0
6744 1864 0
6742 1859 0
6742 1855 0
6743 1852 0
6745 1849 0
6748 1847 0
6751 1847 0
6755 1847 0
6761 1849 0
6768 1853 0
6776 1859 0
6784 1868 0
6793 1876 0
6802 1884 0
6810 1892 0
6819 1901 0
6832 1908 0
6846 1913 0
6864 1917 0
6886 1918 0
6906 1917 0
6925 1914 0
6943 1908 0
6959 1901 0
6973 1886 0
.PEN_UP
.PEN_DOWN
6891 1636 0
6888 1636 0
6883 1634 0
6877 1632 0
6869 1629 0
6862 1626 0
6854 1622 0
6848 1617 0
6843 1611 0
6840 1604 0
6839 1595 0
6838 1584 0
6839 1573 0
6842 1561 0
6847 1549 0
6855 1538 0
6866 1529 0
6881 1522 0
6896 1518 0
6915 1516 0
6938 1517 0
6965 1522 0
6994 1530 0
7020 1543 0
7043 1556 0
7061 1569 0
7073 1582 0
7079 1595 0
.PEN_UP
.PEN_DOWN
6774 1643 0
6778 1643 0
6783 1644 0
6789 1647 0
6796 1650 0
6810 1654 0
6833 1657 0
6869 1660 0
6914 1661 0
6959 1662 0
6996 1663 0
7026 1662 0
.PEN_UP
