.VERSION 1.0 
.HIERARCHY CHARACTER
.COORD X Y T
.SEGMENT CHARACTER 0-2 OK "20"
.H_LINE 7874 8750
.V_LINE 499 1250
.X_DIM 750
.Y_DIM 875
.X_POINTS_PER_INCH 1000
.Y_POINTS_PER_INCH 1000
.POINTS_PER_SECOND 125
.COMMENT CALIB X: -87 Y: -52

.WRITER_INFO
 Name: ABHISHEK SHARMA
 WriterId: 44
 Hand: right
 EducationLevel: post graduate
 Gender: male
 Profession: student
 Region: mumbai
 Age: 22
 DeviceType: digimemo a402
 SkillDevice: good
 Language: hindi
 Script: indic
 Native: false
 Style: discrete
 UsageFreq: once a month
 Proficiency: good
 Date: 2007-6-19
 WritingInProfession: no

.PEN_DOWN
719 8169 0
716 8166 0
713 8166 0
711 8171 0
708 8180 0
704 8191 0
699 8206 0
694 8223 0
690 8242 0
688 8259 0
686 8274 0
686 8287 0
688 8298 0
690 8305 0
691 8309 0
692 8306 0
691 8302 0
688 8298 0
685 8294 0
682 8290 0
678 8288 0
673 8288 0
667 8290 0
660 8293 0
652 8298 0
643 8304 0
633 8310 0
625 8316 0
618 8321 0
612 8326 0
609 8329 0
608 8332 0
610 8335 0
613 8337 0
618 8339 0
625 8340 0
633 8342 0
643 8345 0
654 8348 0
665 8352 0
677 8357 0
690 8363 0
702 8369 0
713 8375 0
720 8381 0
724 8389 0
723 8398 0
717 8407 0
706 8416 0
693 8424 0
674 8429 0
655 8430 0
634 8429 0
613 8425 0
593 8420 0
576 8414 0
562 8409 0
553 8406 0
549 8403 0
555 8401 0
565 8399 0
580 8399 0
597 8400 0
617 8403 0
635 8408 0
650 8414 0
664 8421 0
676 8428 0
688 8436 0
700 8445 0
713 8453 0
729 8460 0
745 8465 0
763 8469 0
779 8464 0
.PEN_UP
.PEN_DOWN
705 8381 0
708 8380 0
716 8378 0
726 8377 0
740 8376 0
760 8375 0
782 8374 0
809 8373 0
833 8371 0
855 8370 0
872 8369 0
887 8366 0
900 8361 0
911 8353 0
920 8342 0
927 8327 0
932 8307 0
937 8287 0
940 8267 0
942 8250 0
942 8237 0
941 8228 0
940 8223 0
938 8227 0
937 8236 0
937 8249 0
936 8266 0
935 8283 0
933 8301 0
931 8318 0
926 8336 0
921 8351 0
916 8362 0
913 8371 0
911 8379 0
911 8385 0
912 8392 0
914 8397 0
916 8400 0
918 8397 0
.PEN_UP
.PEN_DOWN
666 8160 0
670 8157 0
675 8156 0
681 8155 0
690 8157 0
702 8160 0
720 8164 0
748 8168 0
786 8172 0
831 8175 0
878 8179 0
920 8184 0
965 8188 0
1009 8191 0
1044 8189 0
.PEN_UP
