.VERSION 1.0 
.HIERARCHY CHARACTER
.COORD X Y T
.SEGMENT CHARACTER 0-1 OK "28"
.H_LINE 9500 10374
.V_LINE 5000 5750
.X_DIM 750
.Y_DIM 874
.X_POINTS_PER_INCH 1000
.Y_POINTS_PER_INCH 1000
.POINTS_PER_SECOND 125
.COMMENT CALIB X: 57 Y: -112

.WRITER_INFO
 Name: ABHISHEK SHARMA
 WriterId: 44
 Hand: right
 EducationLevel: post graduate
 Gender: male
 Profession: student
 Region: mumbai
 Age: 22
 DeviceType: digimemo a402
 SkillDevice: good
 Language: hindi
 Script: indic
 Native: false
 Style: discrete
 UsageFreq: once a month
 Proficiency: good
 Date: 2007-6-19
 WritingInProfession: no

.PEN_DOWN
5292 9897 0
5294 9900 0
5295 9903 0
5296 9906 0
5297 9910 0
5297 9914 0
5296 9919 0
5294 9923 0
5292 9928 0
5289 9935 0
5284 9942 0
5277 9947 0
5270 9951 0
5262 9954 0
5254 9957 0
5246 9958 0
5237 9957 0
5230 9954 0
5225 9949 0
5223 9941 0
5223 9931 0
5226 9921 0
5230 9913 0
5235 9906 0
5240 9901 0
5246 9896 0
5253 9892 0
5259 9890 0
5266 9888 0
5275 9886 0
5285 9886 0
5296 9887 0
5306 9889 0
5315 9893 0
5323 9899 0
5330 9907 0
5336 9916 0
5340 9927 0
5341 9939 0
5339 9952 0
5336 9965 0
5331 9977 0
5323 9989 0
5315 10000 0
5305 10009 0
5294 10016 0
5281 10022 0
5268 10027 0
5255 10029 0
5244 10031 0
5234 10032 0
5227 10031 0
5223 10031 0
5226 10032 0
5233 10033 0
5244 10035 0
5258 10038 0
5274 10040 0
5292 10042 0
5307 10045 0
5319 10047 0
5332 10049 0
5345 10050 0
5358 10049 0
5371 10048 0
5383 10045 0
5393 10040 0
5403 10034 0
5413 10026 0
5424 10016 0
5437 10002 0
5450 9986 0
5461 9969 0
5470 9954 0
5476 9941 0
5480 9931 0
5482 9923 0
5483 9917 0
5483 9912 0
5483 9909 0
5482 9914 0
5481 9919 0
5480 9927 0
5478 9935 0
5476 9943 0
5474 9951 0
5472 9959 0
5470 9968 0
5467 9977 0
5464 9986 0
5462 9996 0
5460 10005 0
5458 10015 0
5457 10023 0
5456 10030 0
5456 10037 0
5456 10044 0
5457 10049 0
5458 10053 0
5459 10056 0
5463 10056 0
.PEN_UP
.PEN_DOWN
5358 9889 0
5363 9889 0
5370 9889 0
5380 9888 0
5391 9888 0
5407 9888 0
5430 9887 0
5453 9887 0
5478 9886 0
5504 9885 0
5529 9884 0
5550 9883 0
5568 9882 0
5585 9880 0
.PEN_UP
