.VERSION 1.0 
.HIERARCHY CHARACTER
.COORD X Y T
.SEGMENT CHARACTER 0-2 OK "30"
.H_LINE 1374 2249
.V_LINE 499 1250
.X_DIM 750
.Y_DIM 874
.X_POINTS_PER_INCH 1000
.Y_POINTS_PER_INCH 1000
.POINTS_PER_SECOND 125
.COMMENT CALIB X: -17 Y: -92

.WRITER_INFO
 Name: ABHISHEK SHARMA
 WriterId: 44
 Hand: right
 EducationLevel: post graduate
 Gender: male
 Profession: student
 Region: mumbai
 Age: 22
 DeviceType: digimemo a402
 SkillDevice: good
 Language: hindi
 Script: indic
 Native: false
 Style: discrete
 UsageFreq: once a month
 Proficiency: good
 Date: 2007-6-19
 WritingInProfession: no

.PEN_DOWN
716 1743 0
718 1746 0
720 1749 0
723 1752 0
728 1754 0
734 1756 0
740 1757 0
748 1758 0
757 1757 0
768 1754 0
778 1751 0
786 1749 0
790 1747 0
787 1743 0
784 1740 0
779 1737 0
770 1736 0
762 1736 0
751 1738 0
742 1740 0
734 1741 0
727 1743 0
721 1745 0
715 1749 0
707 1754 0
699 1760 0
690 1766 0
682 1771 0
676 1777 0
672 1783 0
670 1787 0
670 1791 0
670 1795 0
672 1799 0
674 1804 0
678 1810 0
683 1815 0
690 1819 0
698 1823 0
708 1826 0
719 1829 0
729 1831 0
739 1833 0
747 1834 0
753 1835 0
756 1835 0
752 1834 0
747 1834 0
741 1834 0
734 1835 0
724 1836 0
713 1839 0
701 1843 0
688 1846 0
678 1850 0
671 1853 0
666 1857 0
662 1861 0
660 1864 0
660 1870 0
661 1877 0
663 1883 0
667 1890 0
673 1896 0
681 1902 0
693 1908 0
706 1912 0
719 1915 0
732 1917 0
749 1917 0
769 1916 0
792 1913 0
814 1908 0
837 1901 0
860 1892 0
880 1881 0
899 1868 0
916 1853 0
932 1835 0
946 1820 0
954 1807 0
958 1794 0
959 1782 0
958 1772 0
955 1765 0
951 1760 0
947 1757 0
944 1757 0
942 1764 0
941 1772 0
940 1782 0
938 1793 0
937 1805 0
937 1817 0
937 1829 0
936 1841 0
936 1853 0
936 1863 0
937 1871 0
940 1877 0
943 1881 0
948 1883 0
952 1884 0
959 1881 0
974 1874 0
.PEN_UP
.PEN_DOWN
866 1743 0
862 1743 0
858 1742 0
855 1741 0
852 1741 0
855 1744 0
863 1746 0
877 1747 0
900 1748 0
927 1747 0
953 1746 0
971 1745 0
985 1745 0
993 1745 0
998 1746 0
1000 1751 0
.PEN_UP
.PEN_DOWN
964 1770 0
961 1770 0
959 1773 0
958 1776 0
957 1779 0
957 1782 0
957 1785 0
957 1790 0
957 1795 0
956 1800 0
956 1805 0
956 1810 0
955 1815 0
955 1819 0
954 1823 0
954 1826 0
954 1829 0
954 1829 0
.PEN_UP
