.VERSION 1.0 
.HIERARCHY CHARACTER
.COORD X Y T
.SEGMENT CHARACTER 0-2 OK "97"
.H_LINE 2999 3874
.V_LINE 3500 4250
.X_DIM 750
.Y_DIM 874
.X_POINTS_PER_INCH 1000
.Y_POINTS_PER_INCH 1000
.POINTS_PER_SECOND 125
.COMMENT CALIB X: -9 Y: -129

.WRITER_INFO
 Name: ABHISHEK SHARMA
 WriterId: 44
 Hand: right
 EducationLevel: post graduate
 Gender: male
 Profession: student
 Region: mumbai
 Age: 22
 DeviceType: digimemo a402
 SkillDevice: good
 Language: hindi
 Script: indic
 Native: false
 Style: discrete
 UsageFreq: once a month
 Proficiency: good
 Date: 2007-6-19
 WritingInProfession: no

.PEN_DOWN
3851 3307 0
3857 3307 0
3860 3307 0
3858 3312 0
3857 3317 0
3857 3323 0
3857 3331 0
3856 3341 0
3855 3353 0
3854 3366 0
3853 3379 0
3852 3393 0
3852 3406 0
3852 3418 0
3852 3427 0
3853 3435 0
3853 3441 0
3854 3445 0
3853 3442 0
3852 3438 0
3851 3435 0
3849 3432 0
3847 3429 0
3844 3426 0
3841 3424 0
3835 3423 0
3823 3423 0
3807 3426 0
3791 3430 0
3777 3436 0
3763 3445 0
3753 3453 0
3746 3460 0
3742 3466 0
3740 3471 0
3740 3475 0
3741 3479 0
3743 3485 0
3746 3489 0
3750 3493 0
3756 3498 0
3762 3502 0
3769 3505 0
3780 3506 0
3793 3507 0
3808 3506 0
3824 3506 0
3842 3505 0
3858 3504 0
3871 3503 0
3880 3502 0
3885 3502 0
3888 3502 0
3888 3502 0
.PEN_UP
.PEN_DOWN
3822 3518 0
3819 3517 0
3817 3520 0
3816 3523 0
3816 3527 0
3816 3532 0
3817 3537 0
3818 3542 0
3818 3547 0
3819 3552 0
3820 3558 0
3821 3566 0
3822 3573 0
3823 3579 0
3824 3583 0
3825 3587 0
3822 3584 0
3818 3581 0
3813 3578 0
3806 3576 0
3797 3575 0
3787 3575 0
3776 3576 0
3767 3577 0
3758 3580 0
3751 3583 0
3747 3586 0
3745 3590 0
3744 3596 0
3743 3603 0
3743 3610 0
3744 3617 0
3747 3624 0
3750 3630 0
3754 3636 0
3758 3641 0
3765 3644 0
3774 3646 0
3785 3647 0
3799 3646 0
3816 3643 0
3836 3639 0
3857 3635 0
3878 3632 0
.PEN_UP
.PEN_DOWN
3738 3305 0
3741 3307 0
3747 3308 0
3756 3310 0
3771 3311 0
3793 3312 0
3822 3312 0
3859 3312 0
3896 3312 0
3928 3311 0
3954 3310 0
3972 3310 0
3984 3310 0
3990 3310 0
3993 3310 0
3993 3310 0
.PEN_UP
