.VERSION 1.0 
.HIERARCHY CHARACTER
.COORD X Y T
.SEGMENT CHARACTER 0-3 OK "105"
.H_LINE 6249 7124
.V_LINE 499 1250
.X_DIM 750
.Y_DIM 875
.X_POINTS_PER_INCH 1000
.Y_POINTS_PER_INCH 1000
.POINTS_PER_SECOND 125
.COMMENT CALIB X: -25 Y: -87

.WRITER_INFO
 Name: ABHISHEK SHARMA
 WriterId: 44
 Hand: right
 EducationLevel: post graduate
 Gender: male
 Profession: student
 Region: mumbai
 Age: 22
 DeviceType: digimemo a402
 SkillDevice: good
 Language: hindi
 Script: indic
 Native: false
 Style: discrete
 UsageFreq: once a month
 Proficiency: good
 Date: 2007-6-19
 WritingInProfession: no

.PEN_DOWN
799 6565 0
799 6568 0
798 6571 0
798 6574 0
798 6577 0
797 6581 0
796 6585 0
795 6590 0
795 6596 0
794 6601 0
793 6607 0
793 6613 0
793 6620 0
793 6627 0
794 6633 0
795 6638 0
796 6641 0
794 6638 0
793 6635 0
790 6632 0
787 6630 0
782 6629 0
775 6629 0
767 6630 0
756 6633 0
743 6639 0
729 6646 0
717 6651 0
707 6656 0
698 6662 0
691 6667 0
686 6673 0
682 6678 0
680 6683 0
680 6688 0
681 6692 0
683 6696 0
686 6700 0
691 6705 0
696 6708 0
702 6710 0
708 6712 0
714 6712 0
720 6712 0
726 6712 0
732 6711 0
738 6709 0
745 6708 0
752 6706 0
758 6705 0
762 6704 0
766 6703 0
770 6702 0
774 6701 0
777 6701 0
780 6701 0
783 6701 0
786 6701 0
789 6700 0
793 6700 0
798 6700 0
804 6700 0
811 6700 0
816 6700 0
819 6700 0
822 6701 0
825 6702 0
828 6703 0
832 6705 0
836 6707 0
839 6709 0
842 6710 0
842 6710 0
.PEN_UP
.PEN_DOWN
770 6721 0
766 6723 0
763 6724 0
760 6725 0
757 6725 0
754 6725 0
750 6725 0
747 6725 0
744 6726 0
739 6728 0
735 6731 0
730 6734 0
727 6736 0
724 6740 0
722 6745 0
720 6750 0
718 6755 0
716 6759 0
714 6764 0
713 6769 0
711 6774 0
709 6779 0
708 6784 0
707 6790 0
705 6796 0
704 6800 0
704 6803 0
704 6807 0
705 6810 0
705 6813 0
707 6817 0
709 6820 0
713 6823 0
715 6826 0
719 6828 0
723 6830 0
727 6832 0
732 6833 0
737 6834 0
743 6834 0
750 6834 0
756 6834 0
762 6835 0
766 6835 0
769 6835 0
772 6835 0
775 6835 0
778 6834 0
783 6831 0
.PEN_UP
.PEN_DOWN
951 6582 0
948 6583 0
945 6583 0
944 6586 0
944 6589 0
944 6593 0
945 6599 0
946 6606 0
948 6615 0
949 6627 0
949 6641 0
948 6655 0
945 6670 0
941 6683 0
936 6697 0
930 6711 0
923 6722 0
914 6732 0
904 6739 0
892 6744 0
880 6746 0
867 6745 0
855 6742 0
842 6738 0
830 6732 0
822 6725 0
817 6717 0
813 6710 0
811 6705 0
811 6702 0
813 6699 0
816 6697 0
819 6696 0
822 6695 0
829 6695 0
838 6695 0
849 6695 0
863 6694 0
881 6693 0
902 6693 0
924 6692 0
942 6693 0
958 6694 0
970 6694 0
980 6694 0
988 6693 0
995 6692 0
1001 6691 0
1006 6690 0
1011 6689 0
1016 6686 0
1021 6681 0
1026 6676 0
1030 6669 0
1034 6660 0
1038 6649 0
1040 6639 0
1042 6628 0
1043 6618 0
1043 6608 0
1043 6600 0
1042 6594 0
1041 6588 0
1039 6584 0
1036 6582 0
1035 6587 0
1035 6592 0
1035 6600 0
1035 6611 0
1035 6624 0
1035 6637 0
1035 6652 0
1033 6669 0
1031 6684 0
1030 6703 0
1029 6721 0
1028 6736 0
1027 6748 0
1028 6759 0
1028 6768 0
1028 6773 0
1028 6776 0
1026 6769 0
.PEN_UP
.PEN_DOWN
754 6555 0
758 6558 0
764 6561 0
772 6565 0
787 6569 0
808 6572 0
834 6574 0
869 6575 0
911 6576 0
954 6576 0
995 6576 0
1037 6576 0
1077 6576 0
1109 6576 0
1132 6577 0
1145 6577 0
.PEN_UP
