.VERSION 1.0 
.HIERARCHY CHARACTER
.COORD X Y T
.SEGMENT CHARACTER 0-1 OK "101"
.H_LINE 4624 5499
.V_LINE 1999 2749
.X_DIM 749
.Y_DIM 874
.X_POINTS_PER_INCH 1000
.Y_POINTS_PER_INCH 1000
.POINTS_PER_SECOND 125
.COMMENT CALIB X: -2 Y: -86

.WRITER_INFO
 Name: ANAND
 WriterId: 16
 Hand: right
 EducationLevel: college graduate
 Gender: male
 Profession: student
 Region: sikkim
 Age: 21
 DeviceType: digimemo a402
 SkillDevice: average
 Language: hindi
 Script: indic
 Native: false
 Style: discrete
 UsageFreq: once a week
 Proficiency: good
 Date: 2007-6-12
 WritingInProfession: can't say

.PEN_DOWN
2348 4890 0
2348 4895 0
2349 4902 0
2351 4913 0
2353 4926 0
2355 4938 0
2355 4949 0
2355 4958 0
2355 4965 0
2355 4968 0
2354 4965 0
2353 4959 0
2351 4953 0
2349 4949 0
2346 4947 0
2342 4945 0
2335 4945 0
2324 4947 0
2312 4954 0
2301 4964 0
2292 4973 0
2287 4983 0
2284 4995 0
2283 5006 0
2284 5018 0
2288 5027 0
2295 5034 0
2309 5038 0
2328 5038 0
2352 5036 0
2379 5032 0
2404 5028 0
2422 5024 0
2433 5021 0
2438 5020 0
2433 5019 0
2427 5019 0
2418 5021 0
2408 5025 0
2393 5030 0
2378 5037 0
2360 5045 0
2342 5054 0
2327 5063 0
2316 5071 0
2310 5077 0
2307 5082 0
2309 5087 0
2316 5090 0
2327 5093 0
2344 5094 0
2366 5094 0
2391 5093 0
2415 5088 0
2437 5082 0
2455 5074 0
2469 5062 0
2479 5045 0
2486 5024 0
2489 5002 0
2490 4978 0
2488 4958 0
2486 4940 0
2484 4928 0
2483 4921 0
2483 4917 0
2484 4928 0
2485 4948 0
2486 4975 0
2488 5004 0
2490 5033 0
2493 5058 0
2497 5080 0
2501 5100 0
2504 5111 0
.PEN_UP
.PEN_DOWN
2230 4890 0
2227 4890 0
2223 4890 0
2229 4889 0
2243 4889 0
2262 4888 0
2292 4887 0
2339 4886 0
2396 4885 0
2448 4885 0
2485 4885 0
2515 4883 0
2536 4882 0
2547 4881 0
2553 4881 0
2550 4881 0
.PEN_UP
