.VERSION 1.0 
.HIERARCHY CHARACTER
.COORD X Y T
.SEGMENT CHARACTER 0-3 OK "106"
.H_LINE 6249 7124
.V_LINE 1999 2749
.X_DIM 749
.Y_DIM 875
.X_POINTS_PER_INCH 1000
.Y_POINTS_PER_INCH 1000
.POINTS_PER_SECOND 125
.COMMENT CALIB X: 11 Y: -90

.WRITER_INFO
 Name: ANAND
 WriterId: 16
 Hand: right
 EducationLevel: college graduate
 Gender: male
 Profession: student
 Region: sikkim
 Age: 21
 DeviceType: digimemo a402
 SkillDevice: average
 Language: hindi
 Script: indic
 Native: false
 Style: discrete
 UsageFreq: once a week
 Proficiency: good
 Date: 2007-6-12
 WritingInProfession: can't say

.PEN_DOWN
2313 6546 0
2307 6543 0
2304 6542 0
2302 6538 0
2299 6535 0
2296 6532 0
2291 6530 0
2285 6531 0
2275 6535 0
2267 6541 0
2260 6550 0
2255 6560 0
2253 6569 0
2254 6577 0
2258 6584 0
2264 6592 0
2274 6602 0
2286 6611 0
2299 6618 0
2311 6623 0
2321 6626 0
2332 6634 0
.PEN_UP
.PEN_DOWN
2302 6622 0
2299 6620 0
2296 6619 0
2293 6618 0
2290 6619 0
2287 6619 0
2283 6623 0
2276 6631 0
2270 6642 0
2266 6654 0
2264 6668 0
2264 6684 0
2266 6702 0
2271 6722 0
2281 6739 0
2298 6751 0
2319 6758 0
2340 6761 0
.PEN_UP
.PEN_DOWN
2334 6625 0
2332 6630 0
2330 6636 0
2328 6646 0
2325 6657 0
2325 6668 0
2327 6677 0
2332 6684 0
2341 6689 0
2355 6692 0
2371 6692 0
2391 6689 0
2409 6684 0
2425 6677 0
2440 6667 0
2452 6655 0
2462 6640 0
2469 6623 0
2473 6606 0
2473 6586 0
2469 6569 0
2464 6557 0
2459 6548 0
2455 6543 0
2453 6540 0
2454 6543 0
2456 6550 0
2458 6562 0
2460 6579 0
2460 6607 0
2460 6650 0
2463 6702 0
2471 6752 0
2483 6791 0
2497 6819 0
.PEN_UP
.PEN_DOWN
2215 6540 0
2220 6539 0
2231 6539 0
2248 6539 0
2269 6538 0
2301 6537 0
2345 6533 0
2395 6529 0
2441 6525 0
2474 6523 0
2493 6521 0
2503 6521 0
2507 6521 0
2504 6522 0
2504 6522 0
.PEN_UP
