.VERSION 1.0 
.HIERARCHY CHARACTER
.COORD X Y T
.SEGMENT CHARACTER 0-2 OK "106"
.H_LINE 6249 7124
.V_LINE 1999 2749
.X_DIM 749
.Y_DIM 875
.X_POINTS_PER_INCH 1000
.Y_POINTS_PER_INCH 1000
.POINTS_PER_SECOND 125
.COMMENT CALIB X: -4 Y: -168

.WRITER_INFO
 Name: MANEESH
 WriterId: 75
 Hand: right
 EducationLevel: college graduate
 Gender: male
 Profession: student
 Region: jhadkhand
 Age: 21
 DeviceType: digimemo a402
 SkillDevice: average
 Language: hindi
 Script: indic
 Native: true
 Style: discrete
 UsageFreq: once a week
 Proficiency: average
 Date: 2007-6-30
 WritingInProfession: no

.PEN_DOWN
2373 6499 0
2375 6503 0
2376 6507 0
2377 6512 0
2377 6517 0
2377 6521 0
2377 6526 0
2377 6530 0
2377 6533 0
2379 6536 0
2376 6536 0
2373 6535 0
2369 6535 0
2362 6534 0
2348 6533 0
2332 6534 0
2318 6536 0
2306 6539 0
2297 6543 0
2289 6548 0
2284 6554 0
2281 6559 0
2280 6565 0
2281 6571 0
2282 6576 0
2285 6581 0
2290 6587 0
2298 6593 0
2309 6598 0
2319 6602 0
2326 6605 0
2330 6607 0
2334 6609 0
2338 6611 0
2343 6612 0
2350 6613 0
2359 6614 0
2367 6615 0
2374 6617 0
2382 6619 0
2390 6623 0
2397 6627 0
2402 6629 0
2405 6631 0
2406 6634 0
2404 6631 0
2402 6628 0
2399 6625 0
2391 6621 0
2378 6618 0
2364 6617 0
2351 6618 0
2338 6619 0
2327 6622 0
2319 6626 0
2312 6630 0
2308 6636 0
2304 6643 0
2301 6650 0
2299 6657 0
2298 6664 0
2299 6671 0
2301 6678 0
2307 6684 0
2319 6690 0
2336 6695 0
2354 6698 0
2373 6700 0
2394 6701 0
2414 6700 0
.PEN_UP
.PEN_DOWN
2386 6642 0
2391 6637 0
2397 6634 0
2404 6632 0
2407 6631 0
2409 6634 0
2409 6638 0
2408 6644 0
2405 6653 0
2401 6664 0
2395 6673 0
2390 6680 0
2387 6685 0
2385 6689 0
2388 6690 0
2395 6690 0
2405 6689 0
2416 6688 0
2429 6686 0
2443 6684 0
2456 6682 0
2466 6679 0
2474 6675 0
2482 6669 0
2488 6661 0
2493 6651 0
2496 6638 0
2498 6624 0
2499 6609 0
2500 6596 0
2500 6584 0
2499 6572 0
2498 6561 0
2498 6554 0
2497 6550 0
2497 6547 0
2496 6551 0
2496 6560 0
2496 6578 0
2495 6599 0
2494 6625 0
2492 6650 0
2490 6673 0
2489 6692 0
2488 6706 0
2488 6716 0
2489 6721 0
2489 6724 0
2492 6720 0
2495 6711 0
2497 6700 0
2498 6688 0
.PEN_UP
.PEN_DOWN
2319 6530 0
2321 6527 0
2332 6524 0
2364 6522 0
2411 6519 0
2462 6517 0
2511 6515 0
2565 6512 0
.PEN_UP
