.VERSION 1.0 
.HIERARCHY CHARACTER
.COORD X Y T
.SEGMENT CHARACTER 0-3 OK "7"
.H_LINE 2999 3874
.V_LINE 3500 4250
.X_DIM 750
.Y_DIM 874
.X_POINTS_PER_INCH 1000
.Y_POINTS_PER_INCH 1000
.POINTS_PER_SECOND 125
.COMMENT CALIB X: 2 Y: -104

.WRITER_INFO
 Name: PRADEEP KUMAR
 WriterId: 67
 Hand: right
 EducationLevel: college graduate
 Gender: male
 Profession: student
 Region: hyderabad
 Age: 24
 DeviceType: digimemo a402
 SkillDevice: average
 Language: hindi
 Script: indic
 Native: false
 Style: discrete
 UsageFreq: once a month
 Proficiency: average
 Date: 2007-6-26
 WritingInProfession: no

.PEN_DOWN
3812 3304 0
3811 3301 0
3810 3298 0
3810 3303 0
3809 3316 0
3809 3340 0
3809 3374 0
3810 3414 0
3811 3454 0
3812 3489 0
3813 3517 0
3814 3538 0
3815 3554 0
3816 3564 0
3816 3570 0
3816 3574 0
3816 3567 0
3815 3556 0
3814 3541 0
3813 3519 0
3811 3491 0
3809 3459 0
3807 3428 0
3804 3405 0
3800 3389 0
3794 3379 0
3786 3374 0
3778 3373 0
3761 3378 0
3740 3385 0
3716 3393 0
3693 3401 0
3673 3405 0
3659 3407 0
3650 3407 0
3646 3407 0
3646 3404 0
3649 3401 0
3653 3400 0
3659 3400 0
3674 3401 0
.PEN_UP
.PEN_DOWN
3778 3393 0
3777 3396 0
3774 3406 0
3766 3427 0
3757 3452 0
3744 3476 0
3730 3499 0
3715 3519 0
3701 3536 0
3689 3547 0
3682 3553 0
3677 3556 0
3679 3552 0
3681 3547 0
3682 3541 0
.PEN_UP
.PEN_DOWN
3836 3454 0
3826 3454 0
3821 3452 0
3820 3449 0
3823 3445 0
3831 3439 0
3843 3433 0
3857 3425 0
3872 3416 0
3886 3407 0
3898 3398 0
3910 3387 0
3921 3378 0
3927 3372 0
3929 3369 0
3925 3367 0
3918 3367 0
3909 3369 0
3897 3372 0
3885 3377 0
3875 3383 0
3868 3389 0
3863 3396 0
3861 3403 0
3862 3410 0
3865 3416 0
3870 3422 0
3877 3429 0
3888 3437 0
3898 3447 0
3909 3456 0
3921 3465 0
3932 3474 0
3939 3482 0
3944 3490 0
3946 3499 0
3945 3509 0
3941 3519 0
3936 3528 0
3931 3538 0
3925 3547 0
3920 3555 0
3917 3561 0
3915 3566 0
3915 3571 0
3917 3577 0
3919 3583 0
3922 3590 0
3926 3598 0
3931 3605 0
3935 3612 0
3940 3617 0
3944 3620 0
3949 3622 0
3954 3620 0
3962 3619 0
3969 3605 0
.PEN_UP
.PEN_DOWN
3758 3262 0
3751 3266 0
3742 3270 0
3736 3274 0
3733 3276 0
3737 3279 0
3748 3281 0
3763 3281 0
3787 3280 0
3817 3277 0
3854 3272 0
3892 3268 0
3925 3263 0
3948 3260 0
3960 3258 0
3966 3257 0
3955 3260 0
3941 3264 0
.PEN_UP
