.VERSION 1.0 
.HIERARCHY CHARACTER
.COORD X Y T
.SEGMENT CHARACTER 0-4 OK "11"
.H_LINE 4624 5499
.V_LINE 1999 2749
.X_DIM 749
.Y_DIM 874
.X_POINTS_PER_INCH 1000
.Y_POINTS_PER_INCH 1000
.POINTS_PER_SECOND 125
.COMMENT CALIB X: 58 Y: -140

.WRITER_INFO
 Name: PRADEEP KUMAR
 WriterId: 67
 Hand: right
 EducationLevel: college graduate
 Gender: male
 Profession: student
 Region: hyderabad
 Age: 24
 DeviceType: digimemo a402
 SkillDevice: average
 Language: hindi
 Script: indic
 Native: false
 Style: discrete
 UsageFreq: once a month
 Proficiency: average
 Date: 2007-6-26
 WritingInProfession: no

.PEN_DOWN
2088 4951 0
2090 4947 0
2094 4941 0
2100 4935 0
2109 4930 0
2120 4928 0
2131 4930 0
2141 4937 0
2149 4950 0
2155 4966 0
2156 4983 0
2151 5002 0
2141 5017 0
2131 5030 0
2123 5038 0
2118 5041 0
2118 5044 0
2120 5047 0
2126 5051 0
2136 5058 0
2148 5065 0
2157 5074 0
2163 5083 0
2165 5092 0
2164 5101 0
2158 5110 0
2149 5119 0
2134 5127 0
2118 5132 0
2104 5133 0
2093 5129 0
2085 5122 0
2081 5106 0
.PEN_UP
.PEN_DOWN
2141 5042 0
2146 5042 0
2154 5041 0
2168 5038 0
2187 5033 0
2210 5028 0
2229 5022 0
2245 5015 0
2257 5006 0
2266 4996 0
2273 4983 0
2277 4967 0
2279 4951 0
2279 4939 0
2279 4933 0
2278 4936 0
2277 4947 0
2274 4967 0
2270 4992 0
2265 5015 0
2262 5036 0
2260 5057 0
2259 5075 0
2259 5090 0
2259 5100 0
2259 5106 0
2260 5109 0
2260 5104 0
.PEN_UP
.PEN_DOWN
2346 4942 0
2346 4945 0
2346 4950 0
2346 4960 0
2347 4978 0
2347 4998 0
2348 5018 0
2348 5036 0
2349 5053 0
2349 5068 0
2348 5079 0
2348 5086 0
2348 5089 0
2346 5081 0
2344 5069 0
2343 5053 0
2342 5025 0
2338 4988 0
2327 4932 0
2314 4879 0
2299 4834 0
2282 4796 0
2267 4773 0
2257 4760 0
2251 4755 0
2248 4753 0
2247 4762 0
2247 4773 0
2249 4786 0
2253 4804 0
2263 4821 0
.PEN_UP
.PEN_DOWN
2340 4952 0
2344 4947 0
2346 4940 0
2348 4929 0
2350 4912 0
2351 4894 0
2350 4870 0
2349 4845 0
2348 4819 0
2346 4788 0
2343 4761 0
2339 4741 0
2336 4729 0
2334 4723 0
2334 4730 0
2335 4740 0
2337 4754 0
2340 4767 0
2344 4778 0
.PEN_UP
.PEN_DOWN
2144 4923 0
2150 4923 0
2165 4921 0
2193 4918 0
2229 4913 0
2266 4908 0
2299 4902 0
2331 4897 0
2358 4893 0
2380 4891 0
2398 4890 0
2410 4889 0
2416 4890 0
2416 4890 0
.PEN_UP
