.VERSION 1.0 
.HIERARCHY CHARACTER
.COORD X Y T
.SEGMENT CHARACTER 0-2 OK "13"
.H_LINE 4624 5499
.V_LINE 5000 5750
.X_DIM 750
.Y_DIM 874
.X_POINTS_PER_INCH 1000
.Y_POINTS_PER_INCH 1000
.POINTS_PER_SECOND 125
.COMMENT CALIB X: 126 Y: -155

.WRITER_INFO
 Name: PRADEEP KUMAR
 WriterId: 67
 Hand: right
 EducationLevel: college graduate
 Gender: male
 Profession: student
 Region: hyderabad
 Age: 24
 DeviceType: digimemo a402
 SkillDevice: average
 Language: hindi
 Script: indic
 Native: false
 Style: discrete
 UsageFreq: once a month
 Proficiency: average
 Date: 2007-6-26
 WritingInProfession: no

.PEN_DOWN
5142 4990 0
5140 4985 0
5140 4979 0
5142 4973 0
5145 4969 0
5151 4968 0
5160 4972 0
5171 4980 0
5184 4992 0
5195 5006 0
5201 5022 0
5201 5039 0
5196 5058 0
5185 5076 0
5170 5091 0
5157 5101 0
5146 5105 0
5140 5105 0
5137 5101 0
5136 5096 0
5137 5093 0
5139 5090 0
5144 5091 0
5152 5096 0
5162 5107 0
5175 5122 0
5191 5139 0
5210 5155 0
5231 5168 0
5254 5177 0
5272 5183 0
5287 5186 0
5297 5187 0
5304 5186 0
5310 5182 0
5315 5176 0
5319 5167 0
5323 5152 0
5327 5134 0
5331 5111 0
5335 5084 0
5339 5056 0
5342 5022 0
5344 4990 0
5344 4960 0
5342 4936 0
5339 4921 0
5337 4913 0
5336 4909 0
5336 4914 0
5336 4925 0
5336 4940 0
5335 4955 0
5335 4970 0
.PEN_UP
.PEN_DOWN
5314 5009 0
5312 5006 0
5311 5003 0
5309 5000 0
5305 4998 0
5298 4997 0
5286 4998 0
5274 5001 0
5264 5004 0
5257 5008 0
5252 5012 0
5250 5017 0
5250 5022 0
5255 5028 0
5266 5033 0
5281 5036 0
5296 5038 0
5311 5037 0
5327 5035 0
5339 5032 0
5348 5027 0
.PEN_UP
.PEN_DOWN
5124 4957 0
5119 4957 0
5116 4956 0
5119 4953 0
5125 4950 0
5137 4946 0
5159 4941 0
5193 4936 0
5238 4931 0
5277 4928 0
5309 4926 0
5328 4928 0
.PEN_UP
