.VERSION 1.0 
.HIERARCHY CHARACTER
.COORD X Y T
.SEGMENT CHARACTER 0-1 OK "101"
.H_LINE 4624 5499
.V_LINE 1999 2749
.X_DIM 749
.Y_DIM 874
.X_POINTS_PER_INCH 1000
.Y_POINTS_PER_INCH 1000
.POINTS_PER_SECOND 125
.COMMENT CALIB X: -37 Y: 43

.WRITER_INFO
 Name: SAI KISHORE
 WriterId: 57
 Hand: right
 EducationLevel: post graduate
 Gender: male
 Profession: student
 Region: visakhapatnam
 Age: 22
 DeviceType: digimemo a402
 SkillDevice: average
 Language: hindi
 Script: indic
 Native: false
 Style: discrete
 UsageFreq: once a month
 Proficiency: average
 Date: 2007-6-23
 WritingInProfession: no

.PEN_DOWN
2300 5067 0
2301 5071 0
2303 5075 0
2304 5079 0
2305 5083 0
2305 5086 0
2305 5089 0
2302 5092 0
2300 5095 0
2298 5098 0
2295 5102 0
2291 5104 0
2288 5107 0
2284 5110 0
2281 5113 0
2278 5114 0
2275 5115 0
2272 5115 0
2269 5115 0
2265 5115 0
2262 5114 0
2258 5113 0
2253 5112 0
2247 5112 0
2240 5112 0
2233 5113 0
2225 5114 0
2219 5116 0
2214 5118 0
2208 5121 0
2204 5124 0
2200 5127 0
2198 5131 0
2197 5136 0
2196 5141 0
2197 5145 0
2199 5149 0
2202 5154 0
2207 5159 0
2213 5163 0
2221 5166 0
2231 5167 0
2244 5168 0
2256 5168 0
2265 5168 0
2270 5168 0
2263 5170 0
2253 5173 0
2242 5178 0
2230 5184 0
2216 5193 0
2206 5203 0
2197 5212 0
2191 5221 0
2188 5230 0
2187 5239 0
2189 5246 0
2193 5252 0
2201 5256 0
2212 5256 0
2228 5254 0
2250 5248 0
2278 5238 0
2312 5225 0
2347 5211 0
2377 5196 0
2401 5182 0
2418 5168 0
2431 5155 0
2440 5137 0
2446 5119 0
2450 5102 0
2452 5089 0
2452 5082 0
2452 5078 0
2451 5082 0
2451 5093 0
2449 5108 0
2447 5123 0
2445 5137 0
2443 5149 0
2442 5161 0
2443 5171 0
2445 5178 0
2447 5183 0
2448 5187 0
2448 5187 0
.PEN_UP
.PEN_DOWN
2169 5076 0
2172 5075 0
2184 5073 0
2205 5071 0
2241 5070 0
2295 5069 0
2353 5066 0
2403 5063 0
2445 5060 0
2479 5058 0
2504 5054 0
.PEN_UP
