389.0,182.0
385.0,184.0
383.0,187.0
379.0,190.0
375.0,192.0
370.0,198.0
362.0,203.0
356.0,214.0
351.0,222.0
346.0,235.0
342.0,246.0
341.0,260.0
339.0,273.0
337.0,285.0
338.0,295.0
340.0,303.0
347.0,312.0
353.0,316.0
361.0,321.0
369.0,325.0
380.0,326.0
387.0,326.0
395.0,322.0
401.0,319.0
404.0,315.0
406.0,311.0
408.0,306.0
409.0,298.0
407.0,292.0
407.0,287.0
405.0,283.0
404.0,281.0
403.0,278.0
401.0,276.0
399.0,276.0
398.0,278.0
397.0,280.0
397.0,288.0
398.0,293.0
399.0,299.0
402.0,305.0
409.0,309.0
413.0,314.0
421.0,317.0
429.0,320.0
433.0,321.0
438.0,323.0
441.0,324.0
443.0,324.0
446.0,321.0
-1.0,-1.0
281.0,177.0
283.0,177.0
285.0,177.0
289.0,177.0
291.0,177.0
295.0,177.0
301.0,178.0
303.0,178.0
307.0,178.0
311.0,178.0
315.0,178.0
320.0,178.0
325.0,178.0
329.0,178.0
336.0,178.0
344.0,178.0
349.0,178.0
353.0,178.0
357.0,179.0
361.0,179.0
368.0,179.0
373.0,179.0
379.0,177.0
383.0,177.0
388.0,177.0
392.0,177.0
397.0,175.0
400.0,175.0
404.0,175.0
407.0,175.0
411.0,175.0
414.0,176.0
419.0,176.0
423.0,176.0
425.0,176.0
423.0,174.0
-1.0,-1.0
 
