381.0,174.0
381.0,176.0
381.0,180.0
379.0,188.0
379.0,193.0
379.0,198.0
379.0,204.0
377.0,208.0
377.0,211.0
377.0,214.0
377.0,216.0
375.0,219.0
373.0,217.0
369.0,216.0
367.0,216.0
364.0,216.0
362.0,216.0
358.0,217.0
356.0,218.0
351.0,221.0
347.0,223.0
343.0,228.0
341.0,232.0
338.0,237.0
338.0,243.0
336.0,247.0
337.0,251.0
338.0,255.0
341.0,259.0
344.0,263.0
346.0,265.0
350.0,268.0
354.0,269.0
360.0,271.0
363.0,271.0
367.0,271.0
371.0,271.0
374.0,269.0
376.0,265.0
378.0,263.0
379.0,259.0
379.0,257.0
377.0,253.0
377.0,250.0
375.0,248.0
373.0,248.0
372.0,250.0
370.0,254.0
369.0,256.0
368.0,260.0
368.0,266.0
368.0,271.0
368.0,275.0
368.0,280.0
369.0,284.0
369.0,290.0
370.0,294.0
370.0,296.0
371.0,298.0
371.0,301.0
371.0,303.0
369.0,299.0
368.0,296.0
-1.0,-1.0
304.0,174.0
308.0,174.0
312.0,174.0
314.0,174.0
318.0,174.0
322.0,172.0
326.0,172.0
331.0,172.0
335.0,173.0
339.0,173.0
345.0,173.0
347.0,173.0
349.0,173.0
353.0,173.0
355.0,173.0
359.0,173.0
361.0,173.0
365.0,173.0
368.0,173.0
371.0,173.0
375.0,173.0
379.0,174.0
382.0,174.0
384.0,174.0
386.0,174.0
389.0,175.0
391.0,175.0
393.0,175.0
396.0,175.0
399.0,175.0
402.0,175.0
406.0,175.0
409.0,175.0
412.0,175.0
414.0,175.0
411.0,175.0
-1.0,-1.0
 
