396.0,135.0
394.0,137.0
393.0,140.0
391.0,141.0
387.0,144.0
384.0,146.0
378.0,151.0
374.0,153.0
370.0,157.0
366.0,160.0
362.0,164.0
358.0,167.0
355.0,171.0
352.0,175.0
349.0,181.0
348.0,185.0
345.0,192.0
344.0,198.0
340.0,206.0
339.0,211.0
339.0,219.0
339.0,224.0
339.0,233.0
340.0,236.0
341.0,240.0
345.0,244.0
348.0,250.0
356.0,253.0
360.0,257.0
365.0,260.0
374.0,263.0
378.0,265.0
382.0,265.0
386.0,265.0
389.0,265.0
393.0,263.0
396.0,261.0
399.0,258.0
401.0,254.0
404.0,251.0
405.0,247.0
406.0,244.0
406.0,241.0
406.0,237.0
404.0,235.0
404.0,233.0
402.0,230.0
401.0,228.0
399.0,226.0
396.0,230.0
395.0,233.0
393.0,236.0
392.0,240.0
392.0,244.0
392.0,246.0
392.0,250.0
393.0,255.0
396.0,261.0
397.0,265.0
400.0,271.0
403.0,274.0
404.0,278.0
405.0,282.0
406.0,284.0
406.0,286.0
407.0,289.0
407.0,290.0
-1.0,-1.0
316.0,132.0
318.0,132.0
320.0,133.0
324.0,133.0
328.0,133.0
335.0,133.0
341.0,133.0
345.0,133.0
350.0,134.0
355.0,134.0
361.0,134.0
366.0,134.0
372.0,134.0
377.0,134.0
384.0,134.0
390.0,135.0
395.0,135.0
400.0,135.0
408.0,135.0
415.0,136.0
421.0,136.0
425.0,137.0
429.0,137.0
432.0,137.0
435.0,137.0
437.0,138.0
441.0,138.0
445.0,136.0
448.0,132.0
-1.0,-1.0
 
