.VERSION 1.0 
.HIERARCHY CHARACTER
.COORD X Y T
.SEGMENT CHARACTER 0-5 OK "11"
.H_LINE 4624 5499
.V_LINE 1999 2749
.X_DIM 749
.Y_DIM 874
.X_POINTS_PER_INCH 1000
.Y_POINTS_PER_INCH 1000
.POINTS_PER_SECOND 125
.COMMENT CALIB X: 17 Y: 15

.WRITER_INFO
 Name: MANIKANTA
 WriterId: 47
 Hand: right
 EducationLevel: college graduate
 Gender: male
 Profession: student
 Region: anakapalli
 Age: 21
 DeviceType: digimemo a402
 SkillDevice: good
 Language: hindi
 Script: indic
 Native: false
 Style: discrete
 UsageFreq: once a month
 Proficiency: good
 Date: 2007-6-20
 WritingInProfession: no

.PEN_DOWN
2199 5134 0
2196 5131 0
2197 5127 0
2204 5124 0
2216 5122 0
2230 5122 0
2242 5124 0
2252 5129 0
2259 5136 0
2263 5143 0
2263 5151 0
2259 5160 0
2253 5167 0
2245 5173 0
2237 5178 0
2231 5181 0
2227 5183 0
2230 5184 0
2236 5185 0
2243 5187 0
2251 5190 0
2256 5193 0
2260 5197 0
2263 5204 0
2264 5211 0
2263 5218 0
2261 5224 0
2257 5229 0
2252 5231 0
2245 5233 0
2234 5233 0
2219 5232 0
2203 5229 0
2190 5225 0
2181 5220 0
2176 5214 0
.PEN_UP
.PEN_DOWN
2230 5191 0
2235 5192 0
2243 5193 0
2255 5193 0
2269 5193 0
2283 5192 0
2298 5191 0
2311 5186 0
2322 5182 0
2327 5177 0
2328 5171 0
2325 5164 0
2320 5158 0
2316 5152 0
2312 5147 0
2309 5143 0
2308 5148 0
2308 5156 0
2309 5167 0
2311 5177 0
2313 5187 0
2315 5198 0
2317 5209 0
2319 5218 0
2320 5227 0
2320 5234 0
2320 5239 0
2320 5242 0
2320 5242 0
.PEN_UP
.PEN_DOWN
2399 5146 0
2397 5143 0
2395 5140 0
2394 5137 0
2393 5140 0
2393 5147 0
2394 5157 0
2397 5167 0
2400 5177 0
2403 5187 0
2406 5196 0
2407 5207 0
2408 5215 0
2410 5221 0
2412 5225 0
.PEN_UP
.PEN_DOWN
2319 5050 0
2316 5051 0
2315 5057 0
2318 5066 0
2324 5077 0
2334 5090 0
2350 5101 0
2370 5109 0
2392 5113 0
.PEN_UP
.PEN_DOWN
2456 5037 0
2453 5035 0
2450 5036 0
2448 5041 0
2446 5050 0
2443 5063 0
2440 5079 0
2435 5096 0
2429 5113 0
2424 5128 0
2418 5143 0
2410 5153 0
.PEN_UP
.PEN_DOWN
2312 5155 0
2319 5155 0
2340 5154 0
2373 5152 0
2410 5149 0
2448 5146 0
2481 5144 0
2504 5140 0
.PEN_UP
