.VERSION 1.0 
.HIERARCHY CHARACTER
.COORD X Y T
.SEGMENT CHARACTER 0-2 OK "99"
.H_LINE 2999 3874
.V_LINE 6500 7250
.X_DIM 750
.Y_DIM 874
.X_POINTS_PER_INCH 1000
.Y_POINTS_PER_INCH 1000
.POINTS_PER_SECOND 125
.COMMENT CALIB X: 71 Y: -29

.WRITER_INFO
 Name: MANIKANTA
 WriterId: 47
 Hand: right
 EducationLevel: college graduate
 Gender: male
 Profession: student
 Region: anakapalli
 Age: 21
 DeviceType: digimemo a402
 SkillDevice: good
 Language: hindi
 Script: indic
 Native: false
 Style: discrete
 UsageFreq: once a month
 Proficiency: good
 Date: 2007-6-20
 WritingInProfession: no

.PEN_DOWN
6876 3432 0
6877 3438 0
6879 3448 0
6882 3458 0
6884 3468 0
6886 3478 0
6888 3488 0
6888 3495 0
6889 3500 0
6890 3503 0
6890 3498 0
6889 3492 0
6887 3486 0
6884 3482 0
6881 3480 0
6876 3479 0
6868 3480 0
6859 3483 0
6851 3488 0
6844 3495 0
6838 3502 0
6834 3510 0
6832 3517 0
6832 3524 0
6833 3530 0
6838 3535 0
6845 3538 0
6855 3541 0
6867 3543 0
6879 3544 0
6890 3546 0
6898 3548 0
6903 3551 0
6906 3554 0
6907 3557 0
6908 3560 0
6906 3557 0
6903 3555 0
6900 3553 0
6896 3551 0
6892 3549 0
6887 3548 0
6880 3548 0
6873 3548 0
6865 3550 0
6856 3553 0
6850 3556 0
6844 3562 0
6838 3570 0
6834 3578 0
6833 3585 0
6833 3592 0
6834 3599 0
6838 3606 0
6843 3611 0
6850 3616 0
6862 3618 0
6879 3619 0
6898 3617 0
6920 3614 0
6941 3611 0
6957 3606 0
.PEN_UP
.PEN_DOWN
6952 3611 0
6951 3608 0
6950 3605 0
6947 3604 0
6944 3603 0
6938 3604 0
6929 3606 0
6919 3611 0
6909 3617 0
6902 3624 0
6897 3631 0
6893 3639 0
6891 3646 0
6890 3654 0
6891 3662 0
6894 3670 0
6899 3676 0
6906 3683 0
6915 3691 0
6923 3695 0
.PEN_UP
.PEN_DOWN
6831 3415 0
6828 3415 0
6834 3417 0
6851 3418 0
6883 3418 0
6927 3417 0
.PEN_UP
