.VERSION 1.0 
.HIERARCHY CHARACTER
.COORD X Y T
.SEGMENT CHARACTER 0-5 OK "11"
.H_LINE 4624 5499
.V_LINE 1999 2749
.X_DIM 749
.Y_DIM 874
.X_POINTS_PER_INCH 1000
.Y_POINTS_PER_INCH 1000
.POINTS_PER_SECOND 125
.COMMENT CALIB X: -37 Y: -13

.WRITER_INFO
 Name: T PRAVEEN
 WriterId: 49
 Hand: right
 EducationLevel: college graduate
 Gender: male
 Profession: student
 Region: hyderabad
 Age: 20
 DeviceType: digimemo a402
 SkillDevice: average
 Language: hindi
 Script: indic
 Native: false
 Style: discrete
 UsageFreq: rarely
 Proficiency: average
 Date: 2007-6-21
 WritingInProfession: no

.PEN_DOWN
2147 5135 0
2146 5132 0
2146 5129 0
2147 5125 0
2150 5120 0
2156 5115 0
2164 5110 0
2174 5106 0
2185 5103 0
2197 5102 0
2206 5103 0
2213 5107 0
2217 5113 0
2220 5121 0
2221 5131 0
2220 5141 0
2218 5150 0
2215 5157 0
2209 5163 0
2203 5168 0
2199 5170 0
2196 5171 0
2196 5168 0
2200 5166 0
2203 5162 0
2209 5160 0
2213 5158 0
2218 5160 0
2224 5162 0
2228 5166 0
2231 5173 0
2233 5181 0
2234 5190 0
2234 5200 0
2233 5210 0
2229 5220 0
2224 5227 0
2215 5231 0
2204 5233 0
2191 5232 0
2175 5231 0
2158 5227 0
2143 5223 0
2136 5217 0
.PEN_UP
.PEN_DOWN
2199 5165 0
2202 5164 0
2205 5161 0
2210 5159 0
2217 5158 0
2226 5157 0
2236 5156 0
2249 5155 0
2262 5154 0
2275 5152 0
2286 5149 0
2295 5146 0
2301 5142 0
2304 5137 0
2305 5131 0
2305 5123 0
2304 5112 0
2302 5101 0
2301 5091 0
2300 5084 0
2299 5079 0
2298 5084 0
2298 5092 0
2298 5105 0
2300 5122 0
2300 5138 0
2300 5153 0
2300 5170 0
2300 5186 0
2300 5204 0
2299 5220 0
2298 5232 0
2298 5240 0
2297 5243 0
2297 5238 0
2297 5228 0
.PEN_UP
.PEN_DOWN
2369 5067 0
2368 5063 0
2368 5058 0
2368 5055 0
2369 5058 0
2369 5067 0
2370 5080 0
2371 5097 0
2373 5118 0
2375 5138 0
2376 5156 0
2377 5173 0
2378 5188 0
2379 5203 0
2380 5215 0
2380 5224 0
2381 5229 0
2381 5232 0
2381 5224 0
2384 5212 0
.PEN_UP
.PEN_DOWN
2303 4935 0
2305 4938 0
2307 4941 0
2309 4946 0
2313 4954 0
2320 4965 0
2328 4979 0
2337 4992 0
2347 5006 0
2357 5020 0
2367 5034 0
2374 5045 0
2379 5056 0
2383 5061 0
.PEN_UP
.PEN_DOWN
2425 4932 0
2424 4935 0
2422 4940 0
2420 4948 0
2416 4961 0
2412 4977 0
2407 4995 0
2402 5014 0
2396 5033 0
2388 5052 0
2379 5070 0
2374 5084 0
2370 5095 0
2366 5103 0
2363 5108 0
2359 5111 0
2359 5111 0
.PEN_UP
.PEN_DOWN
2281 5070 0
2281 5074 0
2281 5078 0
2282 5081 0
2285 5084 0
2291 5087 0
2298 5088 0
2307 5089 0
2321 5088 0
2343 5084 0
2366 5079 0
2388 5074 0
2409 5069 0
2428 5066 0
2442 5064 0
2451 5062 0
2457 5062 0
2460 5062 0
2459 5065 0
2454 5069 0
.PEN_UP
