.VERSION 1.0 
.HIERARCHY CHARACTER
.COORD X Y T
.SEGMENT CHARACTER 0-2 OK "104"
.H_LINE 4624 5499
.V_LINE 6500 7250
.X_DIM 750
.Y_DIM 874
.X_POINTS_PER_INCH 1000
.Y_POINTS_PER_INCH 1000
.POINTS_PER_SECOND 125
.COMMENT CALIB X: -5 Y: -16

.WRITER_INFO
 Name: T PRAVEEN
 WriterId: 49
 Hand: right
 EducationLevel: college graduate
 Gender: male
 Profession: student
 Region: hyderabad
 Age: 20
 DeviceType: digimemo a402
 SkillDevice: average
 Language: hindi
 Script: indic
 Native: false
 Style: discrete
 UsageFreq: rarely
 Proficiency: average
 Date: 2007-6-21
 WritingInProfession: no

.PEN_DOWN
6882 4956 0
6881 4959 0
6879 4964 0
6877 4972 0
6876 4984 0
6874 5000 0
6873 5022 0
6872 5044 0
6870 5067 0
6868 5090 0
6866 5111 0
6864 5129 0
6862 5146 0
6860 5159 0
6859 5171 0
6857 5181 0
6856 5189 0
6854 5196 0
6852 5200 0
.PEN_UP
.PEN_DOWN
6739 5101 0
6738 5104 0
6741 5106 0
6745 5107 0
6750 5106 0
6757 5104 0
6764 5100 0
6772 5094 0
6780 5087 0
6787 5079 0
6792 5069 0
6794 5058 0
6794 5046 0
6793 5035 0
6790 5027 0
6785 5022 0
6780 5020 0
6775 5021 0
6771 5024 0
6767 5030 0
6763 5038 0
6760 5045 0
6759 5052 0
6760 5060 0
6762 5068 0
6766 5075 0
6773 5080 0
6784 5083 0
6797 5086 0
6814 5088 0
6830 5091 0
6846 5092 0
6858 5093 0
6863 5094 0
6861 5098 0
6857 5103 0
6851 5109 0
6844 5118 0
6836 5128 0
6827 5138 0
6819 5148 0
6811 5157 0
6803 5166 0
6797 5174 0
6791 5182 0
6787 5188 0
6784 5192 0
6785 5187 0
.PEN_UP
.PEN_DOWN
6812 4964 0
6816 4966 0
6823 4967 0
6834 4968 0
6852 4969 0
6876 4969 0
6902 4969 0
6927 4968 0
6949 4965 0
6966 4963 0
6980 4961 0
6990 4958 0
6995 4957 0
6995 4957 0
.PEN_UP
