.VERSION 1.0 
.HIERARCHY CHARACTER
.COORD X Y T
.SEGMENT CHARACTER 0-3 OK "105"
.H_LINE 6249 7124
.V_LINE 499 1250
.X_DIM 750
.Y_DIM 875
.X_POINTS_PER_INCH 1000
.Y_POINTS_PER_INCH 1000
.POINTS_PER_SECOND 125
.COMMENT CALIB X: -83 Y: -50

.WRITER_INFO
 Name: T PRAVEEN
 WriterId: 49
 Hand: right
 EducationLevel: college graduate
 Gender: male
 Profession: student
 Region: hyderabad
 Age: 20
 DeviceType: digimemo a402
 SkillDevice: average
 Language: hindi
 Script: indic
 Native: false
 Style: discrete
 UsageFreq: rarely
 Proficiency: average
 Date: 2007-6-21
 WritingInProfession: no

.PEN_DOWN
634 6603 0
634 6608 0
635 6614 0
635 6621 0
636 6628 0
638 6636 0
639 6644 0
640 6651 0
642 6658 0
643 6663 0
644 6666 0
643 6663 0
641 6659 0
639 6654 0
637 6649 0
634 6646 0
629 6644 0
622 6643 0
612 6644 0
601 6647 0
591 6651 0
581 6656 0
572 6663 0
565 6671 0
560 6680 0
557 6688 0
556 6695 0
557 6701 0
560 6706 0
564 6710 0
570 6714 0
579 6715 0
590 6716 0
601 6715 0
613 6713 0
626 6710 0
637 6707 0
647 6705 0
655 6703 0
662 6703 0
667 6705 0
670 6708 0
673 6713 0
675 6719 0
677 6726 0
679 6733 0
681 6741 0
682 6750 0
682 6758 0
682 6763 0
681 6766 0
681 6766 0
.PEN_UP
.PEN_DOWN
621 6709 0
620 6706 0
617 6705 0
613 6705 0
609 6706 0
604 6708 0
598 6711 0
593 6714 0
588 6717 0
583 6722 0
578 6727 0
573 6734 0
566 6743 0
559 6752 0
553 6760 0
549 6769 0
546 6777 0
544 6785 0
543 6793 0
543 6800 0
543 6806 0
544 6812 0
546 6819 0
551 6826 0
556 6831 0
563 6837 0
572 6843 0
583 6848 0
599 6853 0
617 6858 0
635 6861 0
653 6863 0
667 6865 0
677 6866 0
687 6866 0
695 6866 0
701 6866 0
705 6867 0
708 6867 0
711 6863 0
.PEN_UP
.PEN_DOWN
727 6617 0
726 6621 0
725 6625 0
726 6629 0
726 6634 0
727 6641 0
728 6649 0
729 6657 0
730 6668 0
731 6680 0
731 6690 0
732 6699 0
733 6709 0
734 6717 0
736 6722 0
737 6726 0
737 6729 0
737 6732 0
736 6735 0
735 6738 0
734 6741 0
733 6745 0
731 6748 0
729 6751 0
727 6754 0
725 6757 0
722 6760 0
719 6761 0
714 6761 0
708 6760 0
702 6759 0
697 6757 0
691 6753 0
687 6750 0
685 6744 0
683 6739 0
681 6735 0
681 6732 0
685 6730 0
690 6729 0
698 6728 0
708 6726 0
722 6725 0
733 6724 0
744 6723 0
755 6722 0
766 6721 0
778 6720 0
788 6720 0
797 6719 0
805 6718 0
812 6716 0
817 6715 0
821 6714 0
825 6712 0
829 6710 0
832 6708 0
835 6707 0
838 6704 0
841 6700 0
843 6697 0
845 6693 0
846 6688 0
846 6682 0
846 6675 0
845 6667 0
844 6659 0
842 6652 0
841 6644 0
840 6637 0
840 6631 0
839 6624 0
838 6619 0
838 6616 0
838 6613 0
838 6616 0
838 6621 0
839 6628 0
842 6639 0
843 6652 0
844 6668 0
844 6686 0
844 6705 0
843 6725 0
843 6745 0
844 6766 0
845 6784 0
846 6799 0
847 6811 0
847 6820 0
847 6825 0
847 6825 0
.PEN_UP
.PEN_DOWN
576 6600 0
573 6600 0
570 6600 0
574 6602 0
583 6603 0
596 6604 0
617 6605 0
639 6605 0
661 6604 0
685 6603 0
713 6602 0
746 6601 0
782 6601 0
815 6602 0
843 6602 0
864 6603 0
879 6603 0
888 6604 0
894 6605 0
898 6605 0
901 6605 0
903 6613 0
904 6610 0
.PEN_UP
