.VERSION 1.0 
.HIERARCHY CHARACTER
.COORD X Y T
.SEGMENT CHARACTER 0-3 OK "10"
.H_LINE 4624 5499
.V_LINE 499 1250
.X_DIM 750
.Y_DIM 874
.X_POINTS_PER_INCH 1000
.Y_POINTS_PER_INCH 1000
.POINTS_PER_SECOND 125
.COMMENT CALIB X: -24 Y: -63

.WRITER_INFO
 Name: SHAILESH
 WriterId: 66
 Hand: right
 EducationLevel: college graduate
 Gender: male
 Profession: student
 Region: jharkand
 Age: 21
 DeviceType: digimemo a402
 SkillDevice: average
 Language: hindi
 Script: indic
 Native: true
 Style: discrete
 UsageFreq: once a week
 Proficiency: average
 Date: 2007-6-26
 WritingInProfession: no

.PEN_DOWN
683 5090 0
685 5086 0
690 5083 0
697 5081 0
703 5079 0
711 5078 0
717 5077 0
722 5077 0
726 5077 0
729 5078 0
732 5078 0
735 5080 0
740 5082 0
744 5084 0
748 5086 0
752 5088 0
756 5089 0
759 5091 0
760 5094 0
761 5097 0
761 5100 0
761 5104 0
761 5108 0
760 5111 0
758 5114 0
757 5117 0
756 5120 0
754 5123 0
752 5126 0
750 5129 0
747 5131 0
742 5134 0
739 5136 0
736 5138 0
733 5140 0
730 5141 0
727 5142 0
724 5143 0
721 5144 0
717 5146 0
713 5148 0
710 5149 0
707 5150 0
711 5149 0
714 5150 0
717 5150 0
720 5150 0
724 5150 0
728 5150 0
731 5149 0
734 5150 0
736 5153 0
739 5155 0
741 5159 0
742 5162 0
744 5165 0
745 5169 0
746 5172 0
747 5175 0
747 5178 0
747 5181 0
747 5184 0
748 5187 0
747 5190 0
746 5193 0
746 5196 0
745 5199 0
744 5202 0
744 5206 0
744 5209 0
741 5212 0
739 5215 0
736 5217 0
733 5218 0
730 5219 0
727 5219 0
724 5219 0
721 5218 0
718 5217 0
715 5215 0
712 5213 0
709 5211 0
706 5209 0
703 5207 0
700 5205 0
697 5201 0
694 5198 0
691 5196 0
688 5194 0
685 5192 0
685 5192 0
.PEN_UP
.PEN_DOWN
729 5147 0
731 5144 0
734 5143 0
738 5141 0
745 5139 0
752 5138 0
761 5137 0
771 5136 0
780 5134 0
787 5132 0
793 5131 0
798 5130 0
804 5128 0
808 5129 0
811 5126 0
813 5123 0
813 5120 0
814 5117 0
816 5114 0
817 5110 0
819 5106 0
820 5103 0
820 5100 0
818 5106 0
815 5113 0
813 5121 0
811 5129 0
809 5137 0
807 5146 0
805 5155 0
803 5164 0
802 5174 0
800 5184 0
799 5192 0
799 5198 0
799 5204 0
798 5208 0
798 5211 0
797 5216 0
796 5213 0
.PEN_UP
.PEN_DOWN
862 5106 0
864 5103 0
865 5107 0
866 5112 0
867 5117 0
867 5124 0
867 5132 0
866 5141 0
865 5150 0
864 5158 0
862 5166 0
861 5172 0
860 5177 0
860 5181 0
860 5184 0
860 5180 0
860 5176 0
860 5172 0
861 5167 0
862 5162 0
862 5157 0
862 5152 0
862 5148 0
863 5143 0
863 5137 0
864 5129 0
864 5122 0
864 5114 0
862 5108 0
861 5103 0
859 5098 0
857 5094 0
855 5091 0
854 5088 0
853 5085 0
852 5082 0
851 5079 0
851 5076 0
850 5073 0
849 5070 0
848 5065 0
847 5060 0
845 5055 0
844 5051 0
843 5047 0
842 5044 0
842 5041 0
841 5038 0
840 5034 0
840 5031 0
839 5027 0
839 5024 0
839 5021 0
839 5018 0
838 5014 0
838 5011 0
837 5007 0
836 5004 0
835 5001 0
834 4998 0
832 4995 0
830 4991 0
828 4987 0
826 4984 0
824 4981 0
822 4978 0
820 4975 0
818 4972 0
816 4969 0
814 4966 0
811 4963 0
808 4962 0
805 4960 0
802 4958 0
798 4956 0
793 4953 0
788 4951 0
783 4949 0
780 4948 0
777 4947 0
774 4947 0
771 4948 0
768 4949 0
765 4951 0
762 4953 0
759 4955 0
756 4958 0
754 4961 0
753 4964 0
751 4967 0
750 4970 0
749 4973 0
749 4976 0
749 4979 0
749 4982 0
749 4985 0
750 4988 0
750 4991 0
751 4994 0
751 4997 0
753 5000 0
755 5003 0
757 5006 0
758 5009 0
761 5013 0
764 5016 0
766 5019 0
769 5022 0
771 5026 0
775 5030 0
778 5033 0
782 5035 0
785 5036 0
788 5037 0
791 5039 0
794 5041 0
798 5043 0
805 5045 0
811 5046 0
816 5047 0
820 5047 0
823 5048 0
826 5048 0
829 5049 0
834 5050 0
839 5050 0
842 5050 0
845 5051 0
845 5051 0
.PEN_UP
.PEN_DOWN
762 5097 0
765 5095 0
770 5094 0
776 5093 0
783 5092 0
792 5090 0
803 5089 0
813 5088 0
823 5086 0
833 5085 0
841 5084 0
847 5083 0
851 5082 0
856 5082 0
862 5082 0
869 5081 0
877 5081 0
885 5081 0
893 5081 0
899 5081 0
904 5080 0
908 5079 0
912 5079 0
915 5079 0
918 5079 0
921 5079 0
924 5079 0
927 5079 0
930 5079 0
933 5079 0
936 5079 0
940 5079 0
943 5079 0
946 5079 0
950 5079 0
953 5079 0
944 5079 0
.PEN_UP
