.VERSION 1.0 
.HIERARCHY CHARACTER
.COORD X Y T
.SEGMENT CHARACTER 0-1 OK "32"
.H_LINE 1374 2249
.V_LINE 3500 4250
.X_DIM 750
.Y_DIM 874
.X_POINTS_PER_INCH 1000
.Y_POINTS_PER_INCH 1000
.POINTS_PER_SECOND 125
.COMMENT CALIB X: -9 Y: -92

.WRITER_INFO
 Name: SHAILESH
 WriterId: 66
 Hand: right
 EducationLevel: college graduate
 Gender: male
 Profession: student
 Region: jharkand
 Age: 21
 DeviceType: digimemo a402
 SkillDevice: average
 Language: hindi
 Script: indic
 Native: true
 Style: discrete
 UsageFreq: once a week
 Proficiency: average
 Date: 2007-6-26
 WritingInProfession: no

.PEN_DOWN
3751 1783 0
3751 1778 0
3750 1775 0
3747 1776 0
3744 1777 0
3741 1779 0
3739 1782 0
3737 1785 0
3736 1788 0
3735 1791 0
3734 1794 0
3732 1797 0
3730 1800 0
3729 1803 0
3727 1806 0
3726 1809 0
3725 1812 0
3724 1815 0
3723 1818 0
3722 1821 0
3722 1824 0
3723 1827 0
3724 1830 0
3724 1833 0
3726 1836 0
3728 1839 0
3731 1842 0
3734 1844 0
3736 1847 0
3739 1848 0
3742 1849 0
3745 1849 0
3748 1851 0
3751 1852 0
3754 1852 0
3757 1852 0
3761 1851 0
3764 1850 0
3767 1849 0
3770 1848 0
3773 1847 0
3776 1845 0
3779 1841 0
3783 1839 0
3786 1836 0
3790 1832 0
3793 1830 0
3795 1827 0
3796 1824 0
3797 1821 0
3798 1818 0
3801 1812 0
3804 1807 0
3806 1803 0
3808 1799 0
3810 1796 0
3812 1793 0
3813 1790 0
3814 1787 0
3814 1784 0
3814 1787 0
3813 1791 0
3812 1795 0
3811 1799 0
3811 1804 0
3811 1807 0
3811 1810 0
3811 1813 0
3811 1816 0
3811 1820 0
3811 1823 0
3810 1826 0
3810 1830 0
3810 1834 0
3810 1837 0
3811 1841 0
3811 1844 0
3812 1847 0
3812 1850 0
3811 1853 0
3811 1856 0
3811 1859 0
3811 1862 0
3811 1865 0
3811 1868 0
3811 1871 0
3810 1875 0
3810 1879 0
3810 1882 0
3810 1885 0
3810 1889 0
3810 1892 0
3809 1896 0
3809 1899 0
3809 1902 0
3809 1905 0
3809 1908 0
3809 1911 0
3809 1914 0
3809 1914 0
.PEN_UP
.PEN_DOWN
3723 1797 0
3726 1797 0
3731 1797 0
3736 1797 0
3742 1797 0
3750 1797 0
3758 1797 0
3768 1797 0
3779 1797 0
3794 1797 0
3809 1797 0
3824 1797 0
3838 1797 0
3853 1797 0
3868 1782 0
3882 1774 0
3894 1769 0
3902 1767 0
3907 1766 0
3910 1766 0
3913 1766 0
3916 1766 0
3920 1766 0
3923 1766 0
3926 1765 0
3929 1766 0
3932 1766 0
3935 1766 0
3935 1766 0
.PEN_UP
