.VERSION 1.0 
.HIERARCHY CHARACTER
.COORD X Y T
.SEGMENT CHARACTER 0-3 OK "33"
.H_LINE 1374 2249
.V_LINE 5000 5750
.X_DIM 750
.Y_DIM 874
.X_POINTS_PER_INCH 1000
.Y_POINTS_PER_INCH 1000
.POINTS_PER_SECOND 125
.COMMENT CALIB X: 0 Y: -122

.WRITER_INFO
 Name: SHAILESH
 WriterId: 66
 Hand: right
 EducationLevel: college graduate
 Gender: male
 Profession: student
 Region: jharkand
 Age: 21
 DeviceType: digimemo a402
 SkillDevice: average
 Language: hindi
 Script: indic
 Native: true
 Style: discrete
 UsageFreq: once a week
 Proficiency: average
 Date: 2007-6-26
 WritingInProfession: no

.PEN_DOWN
5266 1803 0
5267 1800 0
5264 1799 0
5262 1802 0
5260 1805 0
5258 1808 0
5257 1812 0
5256 1817 0
5256 1822 0
5255 1828 0
5255 1834 0
5254 1842 0
5254 1849 0
5254 1859 0
5254 1868 0
5254 1877 0
5253 1886 0
5252 1895 0
5251 1902 0
5250 1908 0
5249 1912 0
5249 1916 0
5248 1919 0
5248 1922 0
5248 1925 0
5248 1922 0
5249 1918 0
5249 1918 0
.PEN_UP
.PEN_DOWN
5206 1795 0
5203 1793 0
5200 1793 0
5196 1795 0
5193 1799 0
5189 1803 0
5185 1808 0
5181 1814 0
5178 1820 0
5176 1826 0
5175 1831 0
5174 1838 0
5174 1844 0
5175 1849 0
5177 1853 0
5179 1856 0
5182 1859 0
5185 1862 0
5188 1864 0
5191 1866 0
5194 1868 0
5197 1869 0
5200 1870 0
5203 1871 0
5206 1871 0
5209 1871 0
5212 1871 0
5216 1870 0
5221 1868 0
5224 1867 0
5227 1866 0
5230 1863 0
5233 1859 0
5236 1856 0
5240 1851 0
5245 1847 0
5249 1844 0
5253 1841 0
5255 1838 0
5256 1835 0
5257 1832 0
5257 1829 0
5257 1826 0
5258 1823 0
5259 1820 0
5259 1816 0
5260 1813 0
5260 1810 0
5260 1807 0
5260 1807 0
.PEN_UP
.PEN_DOWN
5257 1870 0
5257 1867 0
5258 1864 0
5259 1861 0
5260 1858 0
5261 1855 0
5264 1851 0
5268 1846 0
5274 1842 0
5282 1840 0
5288 1838 0
5292 1837 0
5295 1837 0
5298 1838 0
5301 1839 0
5304 1841 0
5306 1845 0
5307 1850 0
5308 1854 0
5308 1860 0
5307 1865 0
5307 1870 0
5307 1876 0
5306 1881 0
5305 1887 0
5303 1893 0
5301 1900 0
5299 1905 0
5297 1910 0
5294 1916 0
5291 1921 0
5288 1927 0
5286 1932 0
5284 1935 0
5283 1938 0
5283 1938 0
.PEN_UP
.PEN_DOWN
5165 1791 0
5170 1789 0
5177 1788 0
5186 1787 0
5198 1787 0
5213 1786 0
5230 1783 0
5246 1783 0
5262 1783 0
5278 1782 0
5292 1781 0
5306 1780 0
5319 1780 0
5330 1780 0
5341 1780 0
5352 1780 0
5362 1780 0
5371 1779 0
5380 1779 0
5390 1779 0
5397 1779 0
5401 1778 0
5401 1778 0
.PEN_UP
