391.0,205.0
389.0,203.0
386.0,200.0
384.0,198.0
381.0,196.0
377.0,194.0
375.0,194.0
371.0,192.0
367.0,192.0
363.0,192.0
356.0,192.0
354.0,192.0
350.0,192.0
346.0,193.0
343.0,194.0
341.0,195.0
338.0,197.0
336.0,198.0
333.0,200.0
331.0,202.0
328.0,203.0
327.0,205.0
325.0,206.0
324.0,209.0
322.0,211.0
320.0,215.0
320.0,218.0
320.0,222.0
320.0,224.0
320.0,226.0
321.0,229.0
322.0,231.0
323.0,235.0
325.0,237.0
327.0,239.0
328.0,241.0
331.0,242.0
336.0,244.0
339.0,245.0
341.0,245.0
345.0,245.0
349.0,243.0
351.0,243.0
355.0,241.0
357.0,241.0
361.0,239.0
365.0,236.0
369.0,234.0
373.0,231.0
378.0,227.0
380.0,223.0
383.0,220.0
385.0,216.0
388.0,214.0
389.0,211.0
392.0,207.0
393.0,205.0
393.0,203.0
394.0,200.0
395.0,196.0
395.0,194.0
395.0,190.0
395.0,188.0
395.0,185.0
395.0,183.0
395.0,181.0
393.0,183.0
393.0,185.0
393.0,189.0
393.0,191.0
393.0,195.0
393.0,198.0
393.0,200.0
391.0,204.0
391.0,206.0
391.0,208.0
391.0,212.0
389.0,215.0
389.0,217.0
389.0,221.0
389.0,226.0
389.0,229.0
389.0,232.0
389.0,236.0
389.0,239.0
389.0,242.0
389.0,245.0
390.0,247.0
390.0,249.0
390.0,252.0
390.0,254.0
388.0,254.0
-1.0,-1.0
344.0,202.0
347.0,206.0
349.0,207.0
352.0,210.0
354.0,212.0
358.0,216.0
361.0,218.0
362.0,220.0
364.0,223.0
369.0,227.0
373.0,230.0
375.0,232.0
378.0,233.0
376.0,231.0
-1.0,-1.0
323.0,178.0
326.0,179.0
328.0,179.0
331.0,179.0
334.0,179.0
337.0,179.0
341.0,180.0
345.0,180.0
348.0,180.0
354.0,180.0
356.0,180.0
360.0,180.0
362.0,180.0
366.0,180.0
370.0,181.0
372.0,181.0
376.0,181.0
380.0,181.0
382.0,181.0
386.0,181.0
392.0,181.0
394.0,181.0
399.0,181.0
405.0,182.0
409.0,182.0
411.0,182.0
416.0,182.0
420.0,182.0
422.0,182.0
426.0,182.0
429.0,182.0
431.0,182.0
433.0,182.0
435.0,182.0
438.0,182.0
440.0,182.0
444.0,182.0
446.0,179.0
-1.0,-1.0
 
