258.0,135.0
256.0,135.0
251.0,134.0
246.0,134.0
242.0,134.0
234.0,133.0
230.0,133.0
227.0,133.0
225.0,133.0
220.0,133.0
215.0,133.0
212.0,133.0
206.0,133.0
203.0,133.0
199.0,134.0
198.0,135.0
195.0,136.0
194.0,138.0
191.0,140.0
187.0,142.0
184.0,145.0
181.0,147.0
180.0,148.0
178.0,150.0
177.0,153.0
175.0,154.0
175.0,155.0
175.0,156.0
175.0,159.0
175.0,160.0
175.0,161.0
175.0,163.0
175.0,166.0
175.0,168.0
175.0,170.0
175.0,174.0
175.0,176.0
175.0,180.0
175.0,182.0
178.0,185.0
180.0,186.0
184.0,189.0
187.0,192.0
192.0,194.0
196.0,195.0
201.0,196.0
203.0,197.0
209.0,197.0
212.0,197.0
216.0,199.0
219.0,199.0
223.0,199.0
226.0,199.0
229.0,199.0
230.0,197.0
233.0,196.0
234.0,195.0
237.0,194.0
239.0,193.0
243.0,189.0
246.0,188.0
250.0,183.0
253.0,181.0
258.0,175.0
261.0,172.0
264.0,167.0
267.0,165.0
270.0,161.0
271.0,158.0
272.0,155.0
274.0,153.0
275.0,150.0
277.0,147.0
277.0,145.0
277.0,142.0
278.0,141.0
278.0,139.0
278.0,135.0
278.0,132.0
278.0,128.0
278.0,126.0
278.0,122.0
278.0,120.0
278.0,116.0
278.0,114.0
278.0,111.0
278.0,108.0
278.0,106.0
278.0,105.0
278.0,104.0
278.0,105.0
278.0,106.0
278.0,107.0
278.0,108.0
278.0,111.0
278.0,113.0
278.0,116.0
278.0,127.0
278.0,145.0
276.0,157.0
276.0,163.0
276.0,170.0
276.0,174.0
276.0,177.0
276.0,181.0
276.0,184.0
276.0,188.0
276.0,191.0
276.0,195.0
276.0,200.0
276.0,202.0
276.0,205.0
276.0,208.0
276.0,211.0
276.0,214.0
276.0,217.0
276.0,220.0
276.0,224.0
276.0,228.0
276.0,232.0
276.0,235.0
276.0,237.0
276.0,238.0
276.0,241.0
-1.0,-1.0
198.0,167.0
199.0,167.0
201.0,167.0
202.0,167.0
203.0,167.0
206.0,167.0
209.0,167.0
213.0,167.0
216.0,167.0
220.0,167.0
223.0,167.0
226.0,167.0
227.0,167.0
230.0,167.0
234.0,167.0
237.0,167.0
239.0,167.0
240.0,167.0
243.0,167.0
246.0,167.0
247.0,167.0
250.0,167.0
251.0,167.0
253.0,167.0
-1.0,-1.0
170.0,100.0
171.0,100.0
174.0,100.0
177.0,100.0
184.0,100.0
188.0,100.0
199.0,100.0
205.0,100.0
217.0,99.0
223.0,98.0
233.0,97.0
239.0,95.0
246.0,95.0
250.0,95.0
253.0,95.0
255.0,95.0
260.0,95.0
271.0,95.0
282.0,95.0
298.0,95.0
305.0,95.0
310.0,95.0
313.0,95.0
317.0,95.0
320.0,95.0
324.0,95.0
325.0,95.0
328.0,95.0
331.0,95.0
334.0,95.0
335.0,95.0
338.0,95.0
340.0,95.0
341.0,95.0
342.0,95.0
-1.0,-1.0
 
