277.0,133.0
275.0,133.0
269.0,133.0
265.0,133.0
253.0,133.0
248.0,133.0
235.0,133.0
222.0,133.0
203.0,133.0
193.0,133.0
178.0,138.0
170.0,140.0
160.0,144.0
153.0,146.0
146.0,151.0
144.0,152.0
140.0,154.0
139.0,157.0
137.0,160.0
136.0,163.0
135.0,166.0
133.0,169.0
133.0,173.0
133.0,177.0
133.0,180.0
133.0,183.0
133.0,185.0
133.0,187.0
133.0,191.0
135.0,193.0
137.0,196.0
140.0,198.0
143.0,200.0
146.0,203.0
152.0,204.0
154.0,205.0
159.0,206.0
163.0,206.0
168.0,207.0
173.0,207.0
178.0,207.0
182.0,206.0
190.0,204.0
194.0,203.0
199.0,200.0
204.0,199.0
208.0,197.0
213.0,194.0
219.0,191.0
223.0,189.0
226.0,187.0
230.0,184.0
233.0,183.0
237.0,179.0
239.0,177.0
242.0,174.0
242.0,173.0
243.0,171.0
243.0,170.0
243.0,167.0
243.0,166.0
243.0,164.0
243.0,163.0
244.0,159.0
244.0,156.0
246.0,150.0
246.0,146.0
249.0,140.0
249.0,137.0
250.0,132.0
251.0,130.0
251.0,127.0
251.0,126.0
251.0,125.0
251.0,124.0
251.0,123.0
251.0,122.0
251.0,118.0
251.0,116.0
251.0,113.0
251.0,112.0
251.0,110.0
251.0,108.0
251.0,106.0
250.0,104.0
250.0,103.0
249.0,102.0
247.0,101.0
247.0,99.0
246.0,99.0
246.0,101.0
246.0,102.0
246.0,103.0
246.0,105.0
246.0,108.0
246.0,113.0
246.0,118.0
244.0,136.0
244.0,147.0
244.0,151.0
244.0,155.0
244.0,161.0
244.0,176.0
244.0,183.0
244.0,191.0
244.0,195.0
244.0,200.0
244.0,202.0
244.0,207.0
245.0,209.0
245.0,213.0
245.0,215.0
245.0,219.0
245.0,220.0
245.0,221.0
247.0,223.0
247.0,225.0
247.0,227.0
247.0,228.0
247.0,230.0
247.0,232.0
247.0,233.0
247.0,234.0
248.0,234.0
248.0,235.0
-1.0,-1.0
175.0,156.0
176.0,157.0
180.0,160.0
183.0,162.0
186.0,163.0
189.0,164.0
191.0,167.0
196.0,169.0
197.0,170.0
201.0,171.0
203.0,173.0
207.0,175.0
208.0,176.0
211.0,177.0
214.0,177.0
215.0,179.0
217.0,179.0
218.0,180.0
220.0,180.0
221.0,181.0
222.0,182.0
-1.0,-1.0
139.0,101.0
142.0,101.0
146.0,101.0
151.0,100.0
163.0,99.0
175.0,99.0
206.0,96.0
218.0,96.0
237.0,96.0
247.0,96.0
261.0,96.0
269.0,96.0
281.0,96.0
287.0,96.0
292.0,96.0
296.0,96.0
299.0,96.0
301.0,96.0
304.0,96.0
309.0,96.0
315.0,96.0
320.0,96.0
323.0,96.0
327.0,96.0
330.0,96.0
333.0,96.0
334.0,96.0
337.0,96.0
338.0,96.0
340.0,96.0
341.0,96.0
342.0,96.0
344.0,96.0
345.0,96.0
-1.0,-1.0
 
