.VERSION 1.0 
.HIERARCHY CHARACTER
.COORD X Y T
.SEGMENT CHARACTER 0-3 OK "9"
.H_LINE 2999 3874
.V_LINE 6500 7250
.X_DIM 750
.Y_DIM 874
.X_POINTS_PER_INCH 1000
.Y_POINTS_PER_INCH 1000
.POINTS_PER_SECOND 125
.COMMENT CALIB X: 15 Y: 2

.WRITER_INFO
 Name: E NARESH KUMAR
 WriterId: 88
 Hand: right
 EducationLevel: post graduate
 Gender: male
 Profession: engineer
 Region: hyderabad
 Age: 25
 DeviceType: digimemo a402
 SkillDevice: average
 Language: hindi
 Script: indic
 Native: false
 Style: discrete
 UsageFreq: once a month
 Proficiency: average
 Date: 2007-7-21
 WritingInProfession: no

.PEN_DOWN
6695 3246 0
6698 3244 0
6701 3241 0
6705 3238 0
6708 3235 0
6711 3232 0
6711 3236 0
6710 3241 0
6709 3247 0
6708 3255 0
6706 3266 0
6703 3276 0
6701 3287 0
6698 3297 0
6695 3305 0
6692 3313 0
6690 3319 0
6689 3324 0
6688 3328 0
6688 3331 0
6688 3334 0
6691 3335 0
6694 3336 0
6699 3336 0
6706 3336 0
6713 3337 0
6720 3337 0
6724 3337 0
6728 3338 0
6733 3339 0
6739 3339 0
6743 3340 0
6747 3341 0
6751 3342 0
6754 3343 0
6757 3344 0
6760 3345 0
6763 3348 0
6765 3352 0
6766 3356 0
6767 3361 0
6768 3366 0
6769 3371 0
6770 3376 0
6771 3380 0
6772 3385 0
6773 3390 0
6773 3395 0
6773 3403 0
6773 3411 0
6773 3418 0
6772 3426 0
6772 3436 0
6772 3444 0
6772 3452 0
6772 3460 0
6772 3467 0
6772 3474 0
6772 3481 0
6772 3485 0
6772 3488 0
6772 3491 0
6767 3489 0
6764 3485 0
6760 3474 0
.PEN_UP
.PEN_DOWN
6855 3213 0
6854 3210 0
6853 3207 0
6859 3205 0
6862 3204 0
6865 3208 0
6867 3215 0
6869 3224 0
6871 3232 0
6873 3243 0
6874 3255 0
6874 3267 0
6874 3280 0
6872 3292 0
6870 3304 0
6867 3316 0
6865 3326 0
6864 3333 0
6863 3339 0
6862 3343 0
6862 3347 0
6862 3347 0
.PEN_UP
.PEN_DOWN
6682 3238 0
6686 3236 0
6689 3234 0
6692 3232 0
6698 3230 0
6707 3228 0
6714 3226 0
6721 3225 0
6730 3223 0
6739 3220 0
6747 3218 0
6755 3216 0
6763 3214 0
6773 3212 0
6785 3211 0
6798 3209 0
6814 3207 0
6828 3205 0
6845 3203 0
6863 3201 0
6877 3199 0
6886 3197 0
6892 3196 0
6895 3195 0
6888 3199 0
6875 3203 0
.PEN_UP
.PEN_DOWN
6776 3089 0
6769 3087 0
6765 3085 0
6763 3081 0
6762 3078 0
6761 3075 0
6762 3072 0
6764 3076 0
6766 3080 0
6768 3085 0
6771 3089 0
6775 3094 0
6782 3100 0
6787 3105 0
6792 3111 0
6797 3117 0
6803 3124 0
6810 3131 0
6819 3138 0
6828 3144 0
6836 3149 0
6841 3152 0
6846 3155 0
6852 3159 0
6857 3162 0
6862 3165 0
6866 3168 0
6869 3171 0
6871 3176 0
6860 3183 0
.PEN_UP
