.VERSION 1.0 
.HIERARCHY CHARACTER
.COORD X Y T
.SEGMENT CHARACTER 0-1 OK "25"
.H_LINE 9500 10374
.V_LINE 499 1250
.X_DIM 750
.Y_DIM 874
.X_POINTS_PER_INCH 1000
.Y_POINTS_PER_INCH 1000
.POINTS_PER_SECOND 125
.COMMENT CALIB X: -90 Y: 44

.WRITER_INFO
 Name: E NARESH KUMAR
 WriterId: 88
 Hand: right
 EducationLevel: post graduate
 Gender: male
 Profession: engineer
 Region: hyderabad
 Age: 25
 DeviceType: digimemo a402
 SkillDevice: average
 Language: hindi
 Script: indic
 Native: false
 Style: discrete
 UsageFreq: once a month
 Proficiency: average
 Date: 2007-7-21
 WritingInProfession: no

.PEN_DOWN
758 9791 0
758 9788 0
758 9784 0
758 9780 0
758 9776 0
758 9773 0
758 9770 0
757 9773 0
756 9776 0
755 9780 0
755 9786 0
755 9793 0
755 9800 0
754 9809 0
753 9818 0
759 9826 0
762 9832 0
764 9838 0
765 9844 0
765 9849 0
765 9853 0
765 9857 0
764 9860 0
761 9860 0
758 9860 0
750 9859 0
740 9858 0
732 9858 0
722 9859 0
711 9860 0
700 9863 0
690 9867 0
680 9872 0
672 9876 0
665 9880 0
658 9887 0
653 9893 0
651 9897 0
650 9902 0
650 9909 0
650 9917 0
651 9926 0
652 9936 0
654 9946 0
656 9955 0
659 9963 0
661 9970 0
663 9976 0
666 9984 0
670 9992 0
675 9998 0
681 10004 0
687 10010 0
695 10014 0
703 10017 0
712 10018 0
723 10017 0
734 10015 0
747 10012 0
757 10009 0
767 10006 0
779 10001 0
788 9997 0
795 9993 0
803 9989 0
810 9984 0
814 9981 0
817 9978 0
818 9973 0
818 9968 0
817 9963 0
816 9958 0
813 9952 0
808 9947 0
802 9943 0
796 9939 0
786 9936 0
776 9935 0
767 9934 0
759 9935 0
750 9936 0
741 9937 0
735 9939 0
730 9943 0
723 9948 0
717 9955 0
713 9961 0
711 9968 0
710 9976 0
710 9984 0
710 9992 0
713 9998 0
717 10004 0
721 10009 0
726 10012 0
732 10012 0
738 10010 0
747 10006 0
756 10000 0
766 9992 0
775 9984 0
782 9978 0
787 9973 0
.PEN_UP
.PEN_DOWN
648 9771 0
652 9773 0
659 9774 0
669 9774 0
681 9773 0
697 9772 0
713 9771 0
733 9769 0
758 9767 0
782 9763 0
804 9759 0
825 9755 0
845 9751 0
862 9747 0
875 9745 0
883 9743 0
888 9742 0
891 9742 0
894 9741 0
897 9741 0
898 9744 0
899 9749 0
897 9754 0
.PEN_UP
