.VERSION 1.0 
.HIERARCHY CHARACTER
.COORD X Y T
.SEGMENT CHARACTER 0-2 OK "41"
.H_LINE 4624 5499
.V_LINE 1999 2749
.X_DIM 749
.Y_DIM 874
.X_POINTS_PER_INCH 1000
.Y_POINTS_PER_INCH 1000
.POINTS_PER_SECOND 125
.COMMENT CALIB X: -16 Y: -28

.WRITER_INFO
 Name: E NARESH KUMAR
 WriterId: 88
 Hand: right
 EducationLevel: post graduate
 Gender: male
 Profession: engineer
 Region: hyderabad
 Age: 25
 DeviceType: digimemo a402
 SkillDevice: average
 Language: hindi
 Script: indic
 Native: false
 Style: discrete
 UsageFreq: once a month
 Proficiency: average
 Date: 2007-7-21
 WritingInProfession: no

.PEN_DOWN
2289 4848 0
2291 4852 0
2278 4856 0
2270 4860 0
2263 4863 0
2257 4866 0
2251 4869 0
2245 4872 0
2239 4874 0
2233 4875 0
2229 4875 0
2226 4874 0
2223 4870 0
2221 4865 0
2219 4860 0
2218 4855 0
2218 4850 0
2219 4846 0
2220 4842 0
2222 4839 0
2224 4836 0
2228 4833 0
2231 4832 0
2234 4831 0
2237 4831 0
2241 4832 0
2245 4833 0
2248 4836 0
2251 4841 0
2255 4848 0
2259 4856 0
2262 4864 0
2265 4874 0
2268 4886 0
2269 4901 0
2269 4918 0
2267 4938 0
2264 4956 0
2262 4973 0
2258 4987 0
2253 4999 0
2248 5008 0
2242 5017 0
2236 5024 0
2228 5030 0
2220 5035 0
2212 5038 0
2203 5040 0
2195 5042 0
2188 5042 0
2184 5042 0
2181 5042 0
2186 5040 0
2192 5039 0
2198 5039 0
2205 5040 0
2212 5043 0
2218 5048 0
2224 5054 0
2230 5060 0
2236 5067 0
2245 5075 0
2254 5084 0
2264 5094 0
2275 5105 0
2285 5114 0
2294 5123 0
2301 5131 0
2307 5137 0
2313 5143 0
2319 5147 0
2323 5149 0
2327 5146 0
2327 5136 0
.PEN_UP
.PEN_DOWN
2405 4823 0
2409 4819 0
2413 4816 0
2417 4813 0
2420 4817 0
2423 4821 0
2426 4827 0
2429 4835 0
2432 4844 0
2434 4852 0
2436 4862 0
2437 4873 0
2437 4889 0
2437 4904 0
2437 4922 0
2437 4941 0
2438 4961 0
2439 4980 0
2440 4999 0
2441 5015 0
2441 5027 0
2442 5036 0
2442 5042 0
2442 5045 0
2442 5041 0
2441 5035 0
2440 5031 0
.PEN_UP
.PEN_DOWN
2328 4822 0
2324 4822 0
2321 4823 0
2318 4822 0
2314 4822 0
2310 4822 0
2306 4822 0
2303 4822 0
2306 4823 0
2312 4823 0
2321 4824 0
2334 4824 0
2350 4825 0
2366 4826 0
2383 4825 0
2398 4825 0
2412 4824 0
2422 4824 0
2429 4824 0
2434 4823 0
2438 4822 0
2443 4820 0
2449 4818 0
2455 4817 0
2461 4816 0
2465 4815 0
2468 4815 0
2471 4816 0
.PEN_UP
