.VERSION 1.0 
.HIERARCHY CHARACTER
.COORD X Y T
.SEGMENT CHARACTER 0-2 OK "71"
.H_LINE 4624 5499
.V_LINE 1999 2749
.X_DIM 749
.Y_DIM 874
.X_POINTS_PER_INCH 1000
.Y_POINTS_PER_INCH 1000
.POINTS_PER_SECOND 125
.COMMENT CALIB X: -16 Y: -28

.WRITER_INFO
 Name: E NARESH KUMAR
 WriterId: 88
 Hand: right
 EducationLevel: post graduate
 Gender: male
 Profession: engineer
 Region: hyderabad
 Age: 25
 DeviceType: digimemo a402
 SkillDevice: average
 Language: hindi
 Script: indic
 Native: false
 Style: discrete
 UsageFreq: once a month
 Proficiency: average
 Date: 2007-7-21
 WritingInProfession: no

.PEN_DOWN
2346 4852 0
2344 4849 0
2343 4846 0
2342 4843 0
2345 4844 0
2348 4847 0
2351 4851 0
2354 4856 0
2358 4861 0
2361 4868 0
2364 4877 0
2367 4885 0
2370 4894 0
2374 4902 0
2377 4909 0
2380 4916 0
2383 4922 0
2385 4927 0
2386 4930 0
2387 4926 0
2386 4921 0
2384 4915 0
2381 4911 0
2378 4908 0
2375 4905 0
2372 4902 0
2367 4900 0
2360 4899 0
2351 4900 0
2341 4901 0
2332 4901 0
2325 4901 0
2318 4903 0
2310 4907 0
2300 4911 0
2292 4915 0
2285 4919 0
2279 4923 0
2275 4926 0
2271 4930 0
2268 4932 0
2267 4935 0
2266 4940 0
2265 4945 0
2264 4949 0
2263 4953 0
2263 4957 0
2264 4962 0
2265 4967 0
2266 4972 0
2267 4976 0
2268 4980 0
2270 4983 0
2272 4986 0
2274 4989 0
2277 4991 0
2280 4994 0
2283 4996 0
2286 4998 0
2289 4999 0
2293 5001 0
2297 5003 0
2301 5005 0
2307 5006 0
2314 5007 0
2322 5008 0
2330 5010 0
2336 5012 0
2340 5013 0
2343 5014 0
2346 5016 0
2350 5018 0
2355 5021 0
2360 5024 0
2365 5027 0
2371 5030 0
2375 5033 0
2378 5035 0
2381 5038 0
2383 5041 0
2384 5045 0
2385 5048 0
2385 5053 0
2385 5057 0
2384 5060 0
2383 5064 0
2381 5067 0
2377 5070 0
2374 5072 0
2371 5074 0
2366 5076 0
2360 5078 0
2353 5080 0
2345 5083 0
2338 5085 0
2330 5086 0
2322 5088 0
2315 5089 0
2308 5090 0
2302 5091 0
2296 5092 0
2290 5092 0
2284 5092 0
2280 5091 0
2276 5090 0
2272 5089 0
2269 5088 0
2266 5087 0
2265 5084 0
2264 5081 0
2263 5078 0
2264 5075 0
2266 5071 0
2268 5068 0
2270 5065 0
2273 5063 0
2276 5062 0
2281 5061 0
2287 5061 0
2293 5061 0
2300 5061 0
2307 5061 0
2315 5061 0
2321 5061 0
2326 5062 0
2330 5062 0
2334 5063 0
2337 5064 0
2340 5066 0
2343 5068 0
2347 5071 0
2352 5074 0
2357 5077 0
2362 5079 0
2366 5083 0
2371 5087 0
2376 5090 0
2380 5093 0
2384 5096 0
2389 5100 0
2395 5103 0
2399 5106 0
2402 5108 0
2405 5106 0
2406 5102 0
.PEN_UP
.PEN_DOWN
2373 5038 0
2379 5038 0
2382 5038 0
2386 5038 0
2391 5038 0
2397 5038 0
2402 5038 0
2407 5038 0
2413 5038 0
2418 5038 0
2423 5038 0
2427 5038 0
2431 5038 0
2435 5038 0
2439 5038 0
2443 5038 0
2447 5038 0
2452 5038 0
2456 5038 0
2461 5038 0
2465 5038 0
2468 5038 0
2465 5028 0
.PEN_UP
.PEN_DOWN
2247 4849 0
2250 4847 0
2255 4846 0
2264 4845 0
2274 4845 0
2285 4844 0
2298 4844 0
2313 4843 0
2331 4842 0
2348 4841 0
2363 4840 0
2379 4839 0
2392 4838 0
2404 4836 0
2412 4835 0
2418 4834 0
2424 4833 0
2428 4832 0
2431 4831 0
2431 4831 0
.PEN_UP
