.VERSION 1.0 
.HIERARCHY CHARACTER
.COORD X Y T
.SEGMENT CHARACTER 0-3 OK "80"
.H_LINE 7874 8750
.V_LINE 499 1250
.X_DIM 750
.Y_DIM 875
.X_POINTS_PER_INCH 1000
.Y_POINTS_PER_INCH 1000
.POINTS_PER_SECOND 125
.COMMENT CALIB X: -35 Y: 28

.WRITER_INFO
 Name: E NARESH KUMAR
 WriterId: 88
 Hand: right
 EducationLevel: post graduate
 Gender: male
 Profession: engineer
 Region: hyderabad
 Age: 25
 DeviceType: digimemo a402
 SkillDevice: average
 Language: hindi
 Script: indic
 Native: false
 Style: discrete
 UsageFreq: once a month
 Proficiency: average
 Date: 2007-7-21
 WritingInProfession: no

.PEN_DOWN
756 8142 0
756 8139 0
757 8136 0
757 8136 0
.PEN_UP
.PEN_DOWN
677 8137 0
674 8136 0
671 8136 0
668 8141 0
666 8145 0
664 8150 0
662 8154 0
661 8159 0
660 8165 0
659 8171 0
658 8177 0
657 8183 0
656 8188 0
656 8193 0
657 8198 0
658 8204 0
659 8209 0
660 8214 0
661 8217 0
663 8220 0
665 8223 0
668 8226 0
672 8229 0
675 8232 0
680 8233 0
685 8233 0
689 8232 0
694 8231 0
699 8230 0
703 8229 0
707 8228 0
711 8226 0
714 8224 0
717 8223 0
720 8220 0
723 8216 0
725 8213 0
727 8210 0
729 8206 0
732 8200 0
735 8194 0
739 8185 0
744 8178 0
747 8172 0
749 8165 0
751 8158 0
754 8151 0
756 8146 0
758 8140 0
761 8136 0
762 8133 0
764 8130 0
765 8127 0
763 8132 0
761 8138 0
759 8147 0
756 8157 0
752 8170 0
750 8184 0
748 8202 0
745 8221 0
743 8238 0
743 8254 0
742 8271 0
741 8284 0
741 8296 0
741 8309 0
741 8321 0
742 8331 0
742 8339 0
742 8346 0
742 8352 0
742 8358 0
742 8363 0
742 8366 0
742 8369 0
742 8373 0
742 8376 0
727 8369 0
.PEN_UP
.PEN_DOWN
725 8219 0
728 8217 0
730 8214 0
732 8211 0
734 8208 0
736 8205 0
739 8202 0
743 8198 0
747 8195 0
750 8194 0
753 8192 0
756 8191 0
759 8189 0
763 8188 0
771 8186 0
781 8185 0
790 8183 0
799 8181 0
809 8180 0
817 8179 0
825 8177 0
831 8176 0
836 8176 0
841 8176 0
845 8176 0
848 8177 0
851 8178 0
854 8178 0
857 8179 0
860 8179 0
863 8180 0
868 8181 0
873 8181 0
878 8181 0
881 8182 0
884 8183 0
886 8188 0
884 8194 0
883 8198 0
.PEN_UP
.PEN_DOWN
603 8128 0
613 8125 0
621 8124 0
630 8123 0
640 8122 0
648 8121 0
655 8121 0
662 8121 0
669 8121 0
675 8121 0
681 8121 0
687 8121 0
691 8121 0
695 8120 0
700 8120 0
704 8120 0
709 8119 0
715 8119 0
722 8119 0
731 8119 0
740 8118 0
749 8117 0
760 8116 0
773 8114 0
786 8113 0
801 8111 0
814 8110 0
825 8109 0
837 8108 0
848 8107 0
856 8106 0
864 8105 0
871 8104 0
877 8104 0
881 8104 0
884 8104 0
884 8107 0
880 8111 0
.PEN_UP
