.VERSION 1.0 
.HIERARCHY CHARACTER
.COORD X Y T
.SEGMENT CHARACTER 0-2 OK "100"
.H_LINE 4624 5499
.V_LINE 499 1250
.X_DIM 750
.Y_DIM 874
.X_POINTS_PER_INCH 1000
.Y_POINTS_PER_INCH 1000
.POINTS_PER_SECOND 125
.COMMENT CALIB X: -36 Y: -29

.WRITER_INFO
 Name: E NARESH KUMAR
 WriterId: 88
 Hand: right
 EducationLevel: post graduate
 Gender: male
 Profession: engineer
 Region: hyderabad
 Age: 25
 DeviceType: digimemo a402
 SkillDevice: average
 Language: hindi
 Script: indic
 Native: false
 Style: discrete
 UsageFreq: once a month
 Proficiency: average
 Date: 2007-7-21
 WritingInProfession: no

.PEN_DOWN
884 4852 0
884 4855 0
884 4858 0
884 4865 0
884 4873 0
884 4882 0
884 4892 0
888 4904 0
891 4915 0
895 4925 0
898 4934 0
900 4941 0
902 4946 0
903 4950 0
903 4947 0
902 4943 0
900 4938 0
897 4934 0
892 4931 0
886 4930 0
877 4931 0
867 4932 0
856 4934 0
846 4938 0
833 4943 0
820 4949 0
807 4954 0
797 4959 0
789 4965 0
780 4971 0
775 4977 0
771 4985 0
768 4994 0
765 5003 0
763 5011 0
762 5019 0
762 5026 0
763 5032 0
765 5037 0
767 5043 0
770 5049 0
774 5055 0
778 5059 0
782 5063 0
785 5066 0
789 5069 0
792 5071 0
797 5074 0
803 5076 0
810 5079 0
817 5081 0
825 5083 0
833 5085 0
841 5087 0
849 5088 0
857 5089 0
866 5089 0
873 5089 0
879 5089 0
885 5089 0
890 5088 0
897 5086 0
904 5085 0
910 5084 0
916 5082 0
921 5081 0
925 5079 0
929 5078 0
932 5076 0
936 5074 0
939 5073 0
942 5070 0
944 5067 0
945 5063 0
945 5060 0
945 5056 0
944 5052 0
941 5048 0
938 5045 0
934 5041 0
931 5039 0
927 5037 0
923 5036 0
919 5035 0
916 5035 0
913 5035 0
910 5036 0
907 5037 0
904 5039 0
901 5041 0
899 5044 0
898 5048 0
897 5052 0
897 5056 0
897 5059 0
897 5062 0
898 5066 0
900 5069 0
901 5072 0
903 5075 0
905 5078 0
906 5082 0
908 5085 0
910 5089 0
913 5093 0
915 5097 0
918 5101 0
922 5107 0
927 5114 0
932 5120 0
936 5127 0
940 5134 0
944 5140 0
946 5146 0
949 5153 0
952 5161 0
956 5169 0
958 5174 0
959 5178 0
960 5182 0
960 5182 0
.PEN_UP
.PEN_DOWN
787 5071 0
790 5072 0
776 5074 0
767 5076 0
761 5078 0
758 5079 0
755 5081 0
753 5084 0
752 5088 0
751 5093 0
749 5097 0
748 5101 0
748 5104 0
749 5108 0
750 5111 0
752 5115 0
754 5119 0
757 5122 0
760 5126 0
763 5130 0
766 5134 0
771 5139 0
776 5144 0
781 5148 0
786 5152 0
792 5156 0
800 5160 0
809 5164 0
818 5167 0
826 5168 0
836 5169 0
845 5170 0
855 5169 0
864 5169 0
871 5168 0
878 5166 0
886 5164 0
894 5162 0
900 5160 0
906 5157 0
912 5155 0
916 5152 0
919 5150 0
923 5148 0
926 5145 0
930 5143 0
933 5141 0
936 5138 0
939 5135 0
939 5135 0
.PEN_UP
.PEN_DOWN
748 4841 0
752 4842 0
758 4844 0
766 4846 0
776 4848 0
791 4848 0
808 4847 0
829 4846 0
851 4845 0
872 4843 0
890 4841 0
907 4839 0
921 4838 0
932 4837 0
940 4836 0
946 4836 0
950 4836 0
953 4837 0
956 4839 0
958 4844 0
960 4849 0
.PEN_UP
