.VERSION 1.0 
.HIERARCHY CHARACTER
.COORD X Y T
.SEGMENT CHARACTER 0-1 OK "101"
.H_LINE 4624 5499
.V_LINE 1999 2749
.X_DIM 749
.Y_DIM 874
.X_POINTS_PER_INCH 1000
.Y_POINTS_PER_INCH 1000
.POINTS_PER_SECOND 125
.COMMENT CALIB X: -16 Y: -28

.WRITER_INFO
 Name: E NARESH KUMAR
 WriterId: 88
 Hand: right
 EducationLevel: post graduate
 Gender: male
 Profession: engineer
 Region: hyderabad
 Age: 25
 DeviceType: digimemo a402
 SkillDevice: average
 Language: hindi
 Script: indic
 Native: false
 Style: discrete
 UsageFreq: once a month
 Proficiency: average
 Date: 2007-7-21
 WritingInProfession: no

.PEN_DOWN
2339 4822 0
2338 4825 0
2337 4829 0
2337 4835 0
2344 4842 0
2350 4848 0
2354 4854 0
2358 4861 0
2361 4867 0
2363 4873 0
2365 4878 0
2366 4882 0
2367 4885 0
2360 4884 0
2350 4884 0
2341 4885 0
2329 4888 0
2317 4892 0
2304 4897 0
2293 4902 0
2283 4911 0
2273 4921 0
2265 4930 0
2260 4941 0
2256 4950 0
2255 4956 0
2255 4961 0
2256 4968 0
2258 4974 0
2261 4979 0
2266 4982 0
2271 4985 0
2277 4987 0
2286 4988 0
2295 4989 0
2305 4989 0
2315 4988 0
2325 4988 0
2333 4988 0
2339 4988 0
2344 4987 0
2338 4990 0
2330 4993 0
2321 4996 0
2311 5000 0
2301 5004 0
2292 5010 0
2282 5017 0
2274 5023 0
2268 5030 0
2262 5037 0
2259 5043 0
2257 5049 0
2257 5054 0
2258 5057 0
2259 5060 0
2261 5063 0
2264 5065 0
2267 5068 0
2273 5070 0
2280 5072 0
2289 5072 0
2298 5073 0
2310 5074 0
2324 5074 0
2339 5073 0
2354 5072 0
2370 5070 0
2385 5068 0
2399 5066 0
2412 5064 0
2422 5062 0
2430 5058 0
2438 5054 0
2443 5050 0
2449 5043 0
2455 5035 0
2461 5025 0
2466 5012 0
2470 4997 0
2473 4980 0
2476 4959 0
2479 4938 0
2480 4919 0
2481 4901 0
2481 4885 0
2480 4871 0
2479 4858 0
2478 4848 0
2476 4840 0
2475 4835 0
2474 4832 0
2474 4838 0
2474 4847 0
2475 4860 0
2476 4874 0
2478 4894 0
2479 4916 0
2480 4941 0
2481 4966 0
2482 4989 0
2483 5011 0
2484 5030 0
2485 5046 0
2487 5057 0
2489 5067 0
2491 5076 0
2493 5084 0
2495 5090 0
2496 5096 0
2497 5099 0
2497 5090 0
2488 5089 0
.PEN_UP
.PEN_DOWN
2259 4806 0
2263 4808 0
2271 4811 0
2283 4813 0
2298 4815 0
2317 4816 0
2341 4817 0
2369 4818 0
2396 4819 0
2422 4820 0
2444 4821 0
2461 4821 0
2475 4821 0
2486 4822 0
2495 4823 0
2502 4823 0
2506 4823 0
2508 4827 0
2510 4830 0
.PEN_UP
