.VERSION 1.0 
.HIERARCHY CHARACTER
.COORD X Y T
.SEGMENT CHARACTER 0-3 OK "103"
.H_LINE 4624 5499
.V_LINE 5000 5750
.X_DIM 750
.Y_DIM 874
.X_POINTS_PER_INCH 1000
.Y_POINTS_PER_INCH 1000
.POINTS_PER_SECOND 125
.COMMENT CALIB X: 303 Y: 479

.WRITER_INFO
 Name: E NARESH KUMAR
 WriterId: 88
 Hand: right
 EducationLevel: post graduate
 Gender: male
 Profession: engineer
 Region: hyderabad
 Age: 25
 DeviceType: digimemo a402
 SkillDevice: average
 Language: hindi
 Script: indic
 Native: false
 Style: discrete
 UsageFreq: once a month
 Proficiency: average
 Date: 2007-7-21
 WritingInProfession: no

.PEN_DOWN
5606 5517 0
5603 5517 0
5599 5517 0
5595 5517 0
5592 5517 0
5590 5521 0
5587 5523 0
5584 5525 0
5581 5526 0
5578 5526 0
5575 5526 0
5572 5526 0
5569 5525 0
5567 5522 0
5565 5518 0
5563 5514 0
5562 5511 0
5561 5508 0
5560 5505 0
5560 5502 0
5563 5499 0
5567 5497 0
5572 5495 0
5578 5493 0
5585 5492 0
5592 5491 0
5599 5491 0
5607 5491 0
5614 5491 0
5621 5491 0
5628 5491 0
5634 5491 0
5639 5492 0
5643 5493 0
5647 5493 0
5652 5494 0
5660 5496 0
5669 5497 0
5678 5497 0
5688 5497 0
5699 5497 0
5710 5496 0
5720 5494 0
5731 5492 0
5743 5489 0
5753 5486 0
5762 5483 0
5769 5481 0
5774 5479 0
5778 5478 0
5775 5480 0
5772 5482 0
5765 5483 0
.PEN_UP
.PEN_DOWN
5768 5346 0
5768 5343 0
5768 5340 0
5768 5343 0
5768 5348 0
5768 5355 0
5768 5363 0
5768 5374 0
5770 5388 0
5771 5404 0
5771 5423 0
5772 5442 0
5773 5463 0
5773 5482 0
5773 5500 0
5773 5518 0
5773 5533 0
5773 5546 0
5773 5556 0
5773 5565 0
5773 5573 0
5774 5580 0
5775 5585 0
5776 5588 0
5776 5583 0
5776 5583 0
.PEN_UP
.PEN_DOWN
5574 5342 0
5577 5341 0
5580 5340 0
5585 5340 0
5594 5339 0
5606 5338 0
5619 5337 0
5637 5336 0
5659 5335 0
5684 5334 0
5713 5333 0
5740 5332 0
5764 5331 0
5784 5330 0
5802 5329 0
5818 5328 0
5832 5326 0
5843 5325 0
5849 5324 0
5848 5328 0
.PEN_UP
.PEN_DOWN
5671 5591 0
5671 5595 0
5671 5600 0
5671 5604 0
5671 5609 0
5671 5616 0
5671 5623 0
5671 5630 0
5671 5636 0
5658 5642 0
5647 5647 0
5636 5651 0
5628 5654 0
5623 5655 0
5617 5655 0
5611 5654 0
5607 5652 0
5604 5650 0
5602 5645 0
5600 5639 0
5599 5632 0
5599 5625 0
5600 5619 0
5601 5613 0
5604 5607 0
5609 5602 0
5615 5597 0
5621 5592 0
5630 5588 0
5638 5585 0
5648 5581 0
5661 5577 0
5675 5573 0
5691 5568 0
5706 5564 0
5720 5558 0
5732 5552 0
5743 5547 0
5751 5543 0
5758 5538 0
5763 5534 0
5766 5531 0
5770 5525 0
5773 5521 0
5773 5521 0
.PEN_UP
