400.0,139.0
399.0,139.0
396.0,139.0
396.0,138.0
395.0,137.0
393.0,137.0
392.0,136.0
392.0,135.0
392.0,134.0
392.0,132.0
390.0,131.0
390.0,128.0
390.0,125.0
390.0,122.0
390.0,118.0
390.0,115.0
392.0,112.0
395.0,109.0
396.0,108.0
397.0,107.0
399.0,105.0
400.0,104.0
402.0,104.0
404.0,104.0
406.0,104.0
407.0,104.0
410.0,104.0
413.0,104.0
416.0,104.0
418.0,105.0
420.0,107.0
421.0,108.0
421.0,109.0
423.0,111.0
424.0,114.0
426.0,116.0
427.0,118.0
427.0,122.0
428.0,124.0
428.0,129.0
428.0,131.0
428.0,136.0
430.0,139.0
430.0,143.0
430.0,145.0
430.0,150.0
430.0,152.0
430.0,156.0
430.0,159.0
430.0,164.0
428.0,166.0
427.0,170.0
426.0,172.0
424.0,175.0
423.0,177.0
421.0,179.0
418.0,180.0
416.0,182.0
414.0,183.0
413.0,183.0
411.0,183.0
410.0,183.0
407.0,183.0
406.0,183.0
403.0,183.0
402.0,183.0
400.0,183.0
400.0,182.0
399.0,180.0
397.0,180.0
397.0,178.0
397.0,177.0
397.0,176.0
397.0,175.0
397.0,173.0
397.0,172.0
397.0,171.0
397.0,170.0
399.0,169.0
402.0,166.0
404.0,164.0
407.0,163.0
410.0,163.0
411.0,163.0
414.0,163.0
416.0,163.0
417.0,163.0
420.0,163.0
421.0,163.0
423.0,165.0
424.0,166.0
424.0,168.0
426.0,169.0
426.0,171.0
426.0,172.0
427.0,176.0
427.0,178.0
427.0,182.0
427.0,184.0
427.0,186.0
427.0,189.0
427.0,191.0
427.0,196.0
426.0,200.0
423.0,205.0
421.0,206.0
418.0,210.0
416.0,211.0
413.0,212.0
410.0,213.0
406.0,216.0
404.0,217.0
400.0,217.0
397.0,217.0
393.0,218.0
390.0,218.0
385.0,218.0
382.0,218.0
376.0,218.0
373.0,218.0
368.0,217.0
365.0,214.0
364.0,214.0
362.0,213.0
361.0,211.0
358.0,209.0
357.0,206.0
355.0,203.0
355.0,202.0
354.0,199.0
354.0,198.0
354.0,196.0
354.0,195.0
354.0,193.0
354.0,192.0
354.0,191.0
-1.0,-1.0
434.0,159.0
437.0,157.0
440.0,155.0
441.0,153.0
444.0,152.0
445.0,152.0
447.0,152.0
448.0,152.0
448.0,151.0
449.0,151.0
451.0,151.0
452.0,151.0
454.0,151.0
455.0,151.0
456.0,151.0
458.0,151.0
459.0,151.0
461.0,152.0
462.0,153.0
464.0,155.0
465.0,156.0
466.0,158.0
468.0,161.0
468.0,163.0
469.0,166.0
471.0,169.0
471.0,172.0
471.0,175.0
471.0,178.0
471.0,180.0
471.0,184.0
471.0,186.0
471.0,190.0
471.0,191.0
471.0,192.0
471.0,193.0
-1.0,-1.0
358.0,102.0
359.0,102.0
364.0,102.0
368.0,101.0
369.0,101.0
372.0,101.0
375.0,99.0
383.0,98.0
390.0,98.0
400.0,97.0
403.0,97.0
410.0,96.0
416.0,96.0
423.0,96.0
427.0,96.0
433.0,96.0
435.0,96.0
441.0,96.0
444.0,96.0
447.0,96.0
448.0,96.0
451.0,96.0
-1.0,-1.0
 
