281.0,176.0
281.0,174.0
281.0,172.0
281.0,170.0
281.0,169.0
281.0,167.0
281.0,163.0
281.0,162.0
281.0,159.0
281.0,156.0
281.0,155.0
281.0,153.0
281.0,152.0
282.0,147.0
284.0,145.0
287.0,141.0
288.0,139.0
289.0,136.0
291.0,135.0
292.0,134.0
294.0,133.0
296.0,130.0
298.0,130.0
301.0,129.0
302.0,128.0
305.0,127.0
306.0,127.0
309.0,126.0
311.0,126.0
313.0,126.0
315.0,126.0
318.0,125.0
319.0,125.0
323.0,125.0
325.0,125.0
327.0,125.0
329.0,125.0
332.0,125.0
333.0,125.0
336.0,125.0
337.0,125.0
340.0,125.0
342.0,125.0
344.0,126.0
346.0,127.0
349.0,129.0
350.0,130.0
353.0,133.0
354.0,135.0
357.0,137.0
358.0,140.0
360.0,142.0
360.0,145.0
361.0,147.0
361.0,148.0
361.0,150.0
361.0,153.0
361.0,155.0
361.0,156.0
361.0,160.0
361.0,161.0
360.0,162.0
360.0,163.0
358.0,166.0
356.0,168.0
353.0,170.0
350.0,172.0
347.0,173.0
346.0,174.0
343.0,174.0
342.0,174.0
339.0,174.0
337.0,174.0
336.0,174.0
334.0,174.0
333.0,174.0
332.0,174.0
330.0,174.0
329.0,174.0
329.0,173.0
329.0,172.0
329.0,170.0
329.0,169.0
329.0,168.0
330.0,168.0
332.0,167.0
333.0,167.0
334.0,166.0
336.0,166.0
337.0,166.0
339.0,166.0
342.0,166.0
343.0,166.0
344.0,166.0
347.0,166.0
349.0,166.0
351.0,166.0
353.0,166.0
354.0,167.0
356.0,168.0
357.0,168.0
358.0,169.0
360.0,170.0
361.0,172.0
363.0,172.0
363.0,174.0
364.0,174.0
365.0,175.0
365.0,176.0
367.0,177.0
367.0,179.0
368.0,180.0
368.0,181.0
368.0,182.0
368.0,183.0
368.0,186.0
368.0,187.0
368.0,189.0
368.0,190.0
368.0,193.0
368.0,195.0
367.0,196.0
364.0,197.0
361.0,199.0
358.0,200.0
356.0,200.0
353.0,200.0
349.0,200.0
344.0,200.0
342.0,200.0
337.0,200.0
334.0,200.0
332.0,200.0
329.0,200.0
327.0,200.0
326.0,199.0
325.0,199.0
323.0,199.0
322.0,197.0
320.0,197.0
319.0,196.0
318.0,196.0
318.0,195.0
-1.0,-1.0
360.0,166.0
363.0,163.0
364.0,161.0
365.0,160.0
367.0,159.0
370.0,156.0
373.0,154.0
374.0,153.0
377.0,152.0
378.0,152.0
380.0,150.0
381.0,150.0
382.0,150.0
384.0,150.0
385.0,150.0
387.0,150.0
388.0,150.0
389.0,150.0
392.0,152.0
394.0,153.0
395.0,155.0
396.0,156.0
398.0,159.0
399.0,161.0
399.0,163.0
401.0,164.0
401.0,166.0
401.0,167.0
401.0,168.0
401.0,169.0
401.0,170.0
401.0,172.0
-1.0,-1.0
258.0,121.0
259.0,121.0
262.0,121.0
264.0,121.0
266.0,121.0
271.0,122.0
278.0,122.0
283.0,122.0
288.0,122.0
292.0,122.0
297.0,122.0
323.0,122.0
346.0,122.0
383.0,122.0
395.0,122.0
406.0,120.0
410.0,120.0
412.0,120.0
414.0,120.0
415.0,120.0
417.0,120.0
-1.0,-1.0
 
