319.0,58.0
322.0,57.0
325.0,56.0
329.0,55.0
332.0,54.0
335.0,54.0
337.0,54.0
342.0,53.0
344.0,53.0
347.0,53.0
349.0,53.0
350.0,53.0
351.0,53.0
353.0,54.0
354.0,54.0
356.0,55.0
357.0,56.0
357.0,57.0
359.0,58.0
359.0,60.0
360.0,62.0
360.0,64.0
361.0,67.0
361.0,69.0
361.0,73.0
361.0,76.0
361.0,81.0
361.0,83.0
361.0,88.0
361.0,89.0
361.0,92.0
361.0,95.0
360.0,97.0
359.0,100.0
359.0,101.0
357.0,102.0
357.0,103.0
356.0,105.0
354.0,107.0
353.0,107.0
353.0,108.0
351.0,109.0
350.0,109.0
349.0,109.0
347.0,109.0
346.0,109.0
344.0,109.0
343.0,109.0
342.0,109.0
342.0,108.0
342.0,107.0
342.0,105.0
342.0,104.0
342.0,103.0
342.0,102.0
343.0,102.0
344.0,102.0
346.0,102.0
347.0,102.0
350.0,102.0
351.0,102.0
353.0,102.0
354.0,103.0
356.0,104.0
357.0,105.0
359.0,107.0
360.0,108.0
361.0,110.0
361.0,111.0
363.0,114.0
363.0,116.0
364.0,118.0
364.0,119.0
364.0,122.0
364.0,124.0
364.0,127.0
364.0,129.0
364.0,131.0
364.0,132.0
364.0,136.0
363.0,137.0
361.0,139.0
360.0,142.0
357.0,143.0
356.0,145.0
354.0,146.0
353.0,146.0
351.0,148.0
347.0,149.0
346.0,150.0
342.0,150.0
339.0,151.0
337.0,151.0
335.0,151.0
332.0,151.0
326.0,151.0
321.0,150.0
315.0,148.0
312.0,146.0
309.0,144.0
306.0,142.0
304.0,139.0
302.0,138.0
299.0,136.0
298.0,135.0
298.0,134.0
297.0,132.0
297.0,131.0
295.0,129.0
295.0,128.0
294.0,127.0
294.0,125.0
294.0,124.0
294.0,123.0
294.0,122.0
294.0,121.0
-1.0,-1.0
363.0,102.0
364.0,102.0
366.0,101.0
367.0,101.0
370.0,100.0
371.0,100.0
374.0,98.0
375.0,98.0
377.0,98.0
380.0,97.0
381.0,97.0
382.0,97.0
385.0,97.0
387.0,97.0
389.0,97.0
391.0,97.0
392.0,100.0
394.0,101.0
395.0,102.0
397.0,103.0
397.0,105.0
398.0,108.0
398.0,110.0
399.0,112.0
399.0,114.0
399.0,116.0
399.0,118.0
399.0,124.0
399.0,128.0
399.0,132.0
399.0,136.0
399.0,141.0
399.0,143.0
399.0,146.0
399.0,148.0
398.0,150.0
398.0,151.0
398.0,152.0
-1.0,-1.0
302.0,58.0
304.0,58.0
305.0,58.0
306.0,58.0
308.0,58.0
312.0,58.0
313.0,58.0
316.0,58.0
318.0,58.0
319.0,58.0
322.0,57.0
325.0,57.0
328.0,57.0
330.0,57.0
335.0,56.0
336.0,56.0
340.0,55.0
342.0,55.0
346.0,55.0
347.0,55.0
350.0,54.0
351.0,54.0
354.0,53.0
356.0,53.0
359.0,53.0
360.0,53.0
363.0,53.0
366.0,51.0
368.0,51.0
371.0,50.0
375.0,50.0
377.0,50.0
381.0,50.0
382.0,50.0
385.0,50.0
387.0,50.0
388.0,50.0
389.0,50.0
391.0,50.0
392.0,50.0
394.0,50.0
395.0,50.0
397.0,50.0
-1.0,-1.0
 
