.VERSION 1.0 
.HIERARCHY CHARACTER
.COORD X Y T
.SEGMENT CHARACTER 0-4 OK "7"
.H_LINE 2999 3874
.V_LINE 3500 4250
.X_DIM 750
.Y_DIM 874
.X_POINTS_PER_INCH 1000
.Y_POINTS_PER_INCH 1000
.POINTS_PER_SECOND 125
.COMMENT CALIB X: -71 Y: -74

.WRITER_INFO
 Name: RAJESH BABU
 WriterId: 89
 Hand: right
 EducationLevel: post graduate
 Gender: male
 Profession: research scholar
 Region: hyderabad
 Age: 27
 DeviceType: digimemo a402
 SkillDevice: average
 Language: hindi
 Script: indic
 Native: false
 Style: discrete
 UsageFreq: once a month
 Proficiency: average
 Date: 2007-8-5
 WritingInProfession: no

.PEN_DOWN
3768 3366 0
3765 3367 0
3771 3369 0
3781 3369 0
3797 3371 0
3820 3371 0
3846 3369 0
3875 3368 0
3903 3367 0
3926 3365 0
3945 3364 0
3961 3363 0
3972 3362 0
3978 3362 0
3981 3362 0
3976 3362 0
3972 3362 0
.PEN_UP
.PEN_DOWN
3905 3376 0
3908 3372 0
3910 3368 0
3912 3365 0
3910 3370 0
3909 3377 0
3909 3388 0
3909 3404 0
3910 3423 0
3911 3449 0
3912 3476 0
3913 3502 0
3914 3528 0
3915 3551 0
3916 3570 0
3918 3586 0
3919 3598 0
3920 3608 0
3921 3614 0
3921 3618 0
3922 3621 0
3923 3618 0
3922 3613 0
3919 3607 0
3916 3598 0
.PEN_UP
.PEN_DOWN
3765 3537 0
3766 3534 0
3769 3530 0
3777 3527 0
3788 3524 0
3803 3520 0
3822 3517 0
3844 3514 0
3864 3513 0
3882 3512 0
3898 3512 0
3911 3512 0
3921 3512 0
.PEN_UP
.PEN_DOWN
3915 3510 0
3912 3510 0
3909 3515 0
3904 3524 0
3895 3536 0
3884 3551 0
3872 3566 0
3861 3580 0
3848 3594 0
3835 3607 0
3824 3617 0
3815 3627 0
3810 3633 0
3807 3636 0
3813 3630 0
3821 3621 0
.PEN_UP
.PEN_DOWN
3931 3520 0
3936 3521 0
3941 3521 0
3946 3519 0
3952 3517 0
3958 3515 0
3964 3512 0
3969 3509 0
3973 3505 0
3975 3502 0
3976 3499 0
3977 3496 0
3977 3493 0
3976 3488 0
3975 3483 0
3973 3479 0
3970 3474 0
3967 3471 0
3963 3469 0
3960 3469 0
3957 3471 0
3955 3475 0
3952 3482 0
3949 3491 0
3947 3503 0
3946 3515 0
3945 3528 0
3945 3541 0
3945 3555 0
3946 3568 0
3948 3580 0
3950 3589 0
3953 3597 0
3957 3603 0
3961 3608 0
3965 3613 0
3969 3616 0
3972 3617 0
3975 3619 0
3978 3619 0
3981 3618 0
.PEN_UP
