.VERSION 1.0 
.HIERARCHY CHARACTER
.COORD X Y T
.SEGMENT CHARACTER 0-4 OK "10"
.H_LINE 4624 5499
.V_LINE 499 1250
.X_DIM 750
.Y_DIM 874
.X_POINTS_PER_INCH 1000
.Y_POINTS_PER_INCH 1000
.POINTS_PER_SECOND 125
.COMMENT CALIB X: -53 Y: -62

.WRITER_INFO
 Name: RAJESH BABU
 WriterId: 89
 Hand: right
 EducationLevel: post graduate
 Gender: male
 Profession: research scholar
 Region: hyderabad
 Age: 27
 DeviceType: digimemo a402
 SkillDevice: average
 Language: hindi
 Script: indic
 Native: false
 Style: discrete
 UsageFreq: once a month
 Proficiency: average
 Date: 2007-8-5
 WritingInProfession: no

.PEN_DOWN
701 5041 0
698 5039 0
696 5036 0
696 5033 0
696 5030 0
698 5026 0
702 5022 0
709 5018 0
716 5015 0
725 5014 0
734 5016 0
746 5020 0
759 5026 0
770 5033 0
778 5040 0
783 5047 0
787 5053 0
788 5060 0
787 5067 0
783 5073 0
777 5078 0
769 5083 0
760 5087 0
753 5090 0
748 5092 0
744 5093 0
747 5089 0
752 5086 0
759 5083 0
768 5081 0
777 5080 0
786 5080 0
796 5082 0
808 5087 0
819 5093 0
830 5100 0
839 5107 0
845 5113 0
848 5120 0
848 5127 0
845 5136 0
837 5144 0
826 5152 0
812 5159 0
797 5165 0
781 5169 0
766 5171 0
752 5170 0
739 5167 0
728 5161 0
717 5154 0
711 5148 0
706 5142 0
704 5134 0
705 5131 0
.PEN_UP
.PEN_DOWN
765 5081 0
770 5083 0
778 5085 0
790 5086 0
807 5087 0
828 5086 0
849 5084 0
870 5082 0
889 5078 0
904 5073 0
914 5068 0
920 5063 0
923 5056 0
923 5048 0
921 5039 0
917 5029 0
912 5020 0
908 5012 0
905 5007 0
903 5004 0
900 5006 0
898 5010 0
898 5019 0
898 5030 0
899 5044 0
901 5062 0
904 5078 0
907 5092 0
911 5104 0
915 5115 0
919 5124 0
922 5132 0
925 5138 0
926 5141 0
926 5141 0
.PEN_UP
.PEN_DOWN
959 5009 0
957 5012 0
956 5017 0
955 5026 0
956 5038 0
958 5050 0
959 5065 0
960 5081 0
961 5095 0
962 5108 0
964 5119 0
966 5129 0
967 5137 0
968 5142 0
970 5145 0
970 5145 0
.PEN_UP
.PEN_DOWN
833 4866 0
838 4869 0
845 4874 0
854 4883 0
864 4896 0
876 4909 0
888 4925 0
900 4942 0
913 4957 0
925 4971 0
934 4983 0
942 4993 0
949 5001 0
953 5006 0
953 5006 0
.PEN_UP
.PEN_DOWN
864 5019 0
873 5017 0
889 5014 0
907 5011 0
929 5007 0
949 5003 0
974 4998 0
1002 4993 0
1030 4988 0
1053 4985 0
1069 4983 0
1078 4982 0
1082 4981 0
1084 4978 0
.PEN_UP
