.VERSION 1.0 
.HIERARCHY CHARACTER
.COORD X Y T
.SEGMENT CHARACTER 0-2 OK "16"
.H_LINE 6249 7124
.V_LINE 1999 2749
.X_DIM 749
.Y_DIM 875
.X_POINTS_PER_INCH 1000
.Y_POINTS_PER_INCH 1000
.POINTS_PER_SECOND 125
.COMMENT CALIB X: -72 Y: -160

.WRITER_INFO
 Name: RAJESH BABU
 WriterId: 89
 Hand: right
 EducationLevel: post graduate
 Gender: male
 Profession: research scholar
 Region: hyderabad
 Age: 27
 DeviceType: digimemo a402
 SkillDevice: average
 Language: hindi
 Script: indic
 Native: false
 Style: discrete
 UsageFreq: once a month
 Proficiency: average
 Date: 2007-8-5
 WritingInProfession: no

.PEN_DOWN
2347 6532 0
2350 6535 0
2354 6539 0
2358 6543 0
2362 6547 0
2365 6550 0
2368 6552 0
2366 6549 0
2363 6547 0
2359 6544 0
2355 6541 0
2348 6540 0
2341 6540 0
2331 6542 0
2319 6545 0
2307 6549 0
2293 6557 0
2280 6565 0
2270 6573 0
2263 6581 0
2259 6588 0
2258 6596 0
2260 6603 0
2265 6610 0
2275 6615 0
2293 6618 0
2315 6620 0
2339 6622 0
2362 6623 0
2382 6625 0
2397 6630 0
2408 6634 0
2416 6640 0
2421 6646 0
2423 6653 0
2423 6661 0
2422 6669 0
2420 6677 0
2415 6685 0
2406 6693 0
2393 6700 0
2377 6705 0
2357 6709 0
2336 6711 0
2314 6711 0
2293 6709 0
2275 6706 0
2261 6701 0
2250 6696 0
2242 6689 0
2238 6681 0
2238 6673 0
2241 6665 0
.PEN_UP
.PEN_DOWN
2225 6516 0
2228 6517 0
2236 6518 0
2249 6520 0
2267 6521 0
2292 6521 0
2324 6521 0
2355 6520 0
2385 6518 0
2409 6517 0
2428 6515 0
2438 6514 0
2443 6513 0
2440 6514 0
2435 6515 0
.PEN_UP
.PEN_DOWN
2464 6590 0
2463 6593 0
2462 6590 0
2460 6587 0
2458 6592 0
2458 6597 0
2458 6604 0
2460 6611 0
2463 6616 0
2465 6619 0
2465 6616 0
2464 6611 0
2463 6606 0
2462 6601 0
2462 6598 0
2464 6592 0
2469 6588 0
.PEN_UP
