.VERSION 1.0 
.HIERARCHY CHARACTER
.COORD X Y T
.SEGMENT CHARACTER 0-1 OK "76"
.H_LINE 6249 7124
.V_LINE 1999 2749
.X_DIM 749
.Y_DIM 875
.X_POINTS_PER_INCH 1000
.Y_POINTS_PER_INCH 1000
.POINTS_PER_SECOND 125
.COMMENT CALIB X: -72 Y: -160

.WRITER_INFO
 Name: RAJESH BABU
 WriterId: 89
 Hand: right
 EducationLevel: post graduate
 Gender: male
 Profession: research scholar
 Region: hyderabad
 Age: 27
 DeviceType: digimemo a402
 SkillDevice: average
 Language: hindi
 Script: indic
 Native: false
 Style: discrete
 UsageFreq: once a month
 Proficiency: average
 Date: 2007-8-5
 WritingInProfession: no

.PEN_DOWN
2210 6517 0
2214 6517 0
2221 6517 0
2233 6516 0
2249 6515 0
2266 6513 0
2296 6511 0
2323 6510 0
2344 6510 0
2361 6509 0
2373 6509 0
2380 6509 0
2383 6509 0
2378 6509 0
2371 6510 0
2364 6511 0
.PEN_UP
.PEN_DOWN
2305 6583 0
2305 6586 0
2301 6588 0
2297 6589 0
2292 6590 0
2287 6590 0
2281 6590 0
2275 6588 0
2269 6586 0
2264 6584 0
2260 6581 0
2256 6577 0
2253 6574 0
2252 6571 0
2252 6568 0
2255 6566 0
2259 6564 0
2267 6561 0
2275 6560 0
2283 6560 0
2292 6561 0
2300 6563 0
2309 6566 0
2316 6571 0
2322 6576 0
2325 6582 0
2327 6590 0
2327 6599 0
2325 6609 0
2321 6618 0
2313 6627 0
2303 6636 0
2290 6644 0
2276 6650 0
2262 6654 0
2251 6657 0
2242 6658 0
2235 6657 0
2230 6655 0
2227 6652 0
2224 6648 0
2221 6645 0
2220 6642 0
2222 6645 0
2225 6648 0
2228 6651 0
2230 6654 0
2233 6656 0
2236 6659 0
2239 6662 0
2242 6665 0
2245 6668 0
2249 6671 0
2253 6674 0
2257 6677 0
2261 6680 0
2266 6684 0
2273 6688 0
2282 6691 0
2293 6693 0
2306 6694 0
2322 6694 0
2341 6693 0
.PEN_UP
