.VERSION 1.0 
.HIERARCHY CHARACTER
.COORD X Y T
.SEGMENT CHARACTER 0-2 OK "93"
.H_LINE 1374 2249
.V_LINE 5000 5750
.X_DIM 750
.Y_DIM 874
.X_POINTS_PER_INCH 1000
.Y_POINTS_PER_INCH 1000
.POINTS_PER_SECOND 125
.COMMENT CALIB X: -77 Y: -144

.WRITER_INFO
 Name: RAJESH BABU
 WriterId: 89
 Hand: right
 EducationLevel: post graduate
 Gender: male
 Profession: research scholar
 Region: hyderabad
 Age: 27
 DeviceType: digimemo a402
 SkillDevice: average
 Language: hindi
 Script: indic
 Native: false
 Style: discrete
 UsageFreq: once a month
 Proficiency: average
 Date: 2007-8-5
 WritingInProfession: no

.PEN_DOWN
5424 1636 0
5423 1633 0
5422 1630 0
5421 1627 0
5421 1631 0
5422 1637 0
5424 1646 0
5427 1655 0
5429 1664 0
5432 1672 0
5436 1679 0
5438 1684 0
5437 1679 0
5435 1673 0
5431 1666 0
5427 1660 0
5423 1655 0
5417 1652 0
5406 1652 0
5395 1653 0
5384 1655 0
5374 1660 0
5364 1664 0
5357 1668 0
5354 1672 0
5352 1677 0
5352 1682 0
5355 1688 0
5361 1693 0
5370 1699 0
5381 1704 0
5394 1708 0
5408 1712 0
5420 1716 0
5431 1719 0
5440 1722 0
5449 1725 0
5456 1730 0
5463 1734 0
5468 1738 0
5472 1741 0
5474 1744 0
5476 1747 0
5477 1750 0
5476 1753 0
5476 1756 0
5475 1759 0
5473 1762 0
5469 1765 0
5465 1767 0
5460 1770 0
5455 1771 0
5450 1771 0
5446 1770 0
5443 1769 0
.PEN_UP
.PEN_DOWN
5427 1719 0
5423 1717 0
5420 1716 0
5417 1715 0
5414 1715 0
5410 1715 0
5406 1716 0
5402 1718 0
5398 1720 0
5393 1723 0
5389 1727 0
5384 1733 0
5379 1739 0
5375 1747 0
5371 1756 0
5368 1764 0
5366 1773 0
5366 1782 0
5368 1791 0
5372 1799 0
5378 1806 0
5385 1812 0
5394 1816 0
5405 1818 0
5417 1818 0
5430 1817 0
5444 1814 0
.PEN_UP
.PEN_DOWN
5277 1637 0
5274 1636 0
5271 1636 0
5277 1639 0
5288 1643 0
5308 1645 0
5333 1646 0
5361 1647 0
5389 1647 0
5412 1647 0
5432 1646 0
5451 1645 0
5467 1644 0
5480 1644 0
.PEN_UP
