.VERSION 1.0 
.HIERARCHY CHARACTER
.COORD X Y T
.SEGMENT CHARACTER 0-5 OK "10"
.H_LINE 4624 5499
.V_LINE 499 1250
.X_DIM 750
.Y_DIM 874
.X_POINTS_PER_INCH 1000
.Y_POINTS_PER_INCH 1000
.POINTS_PER_SECOND 125
.COMMENT CALIB X: -39 Y: -77

.WRITER_INFO
 Name: BHABYA
 WriterId: 21
 Hand: right
 EducationLevel: high school
 Gender: male
 Profession: student
 Region: darjeeling
 Age: 20
 DeviceType: digimemo a402
 SkillDevice: poor
 Language: hindi
 Script: indic
 Native: true
 Style: discrete
 UsageFreq: once a month
 Proficiency: average
 Date: 2007-6-13
 WritingInProfession: no

.PEN_DOWN
673 5056 0
673 5050 0
668 5047 0
665 5045 0
665 5042 0
667 5039 0
670 5037 0
675 5034 0
682 5030 0
691 5027 0
701 5026 0
710 5026 0
717 5028 0
723 5033 0
728 5039 0
731 5045 0
732 5051 0
731 5058 0
726 5068 0
719 5077 0
711 5084 0
702 5091 0
691 5096 0
681 5099 0
673 5101 0
668 5102 0
671 5101 0
677 5100 0
684 5099 0
690 5100 0
697 5102 0
703 5106 0
707 5110 0
710 5115 0
712 5121 0
712 5126 0
711 5131 0
709 5136 0
704 5142 0
697 5149 0
687 5156 0
674 5162 0
658 5166 0
639 5168 0
621 5168 0
604 5167 0
593 5164 0
585 5159 0
581 5154 0
579 5148 0
580 5143 0
583 5140 0
591 5137 0
602 5134 0
620 5120 0
.PEN_UP
.PEN_DOWN
718 5097 0
721 5098 0
726 5099 0
733 5099 0
743 5098 0
756 5098 0
769 5096 0
786 5094 0
801 5092 0
812 5091 0
818 5091 0
818 5091 0
.PEN_UP
.PEN_DOWN
842 5026 0
841 5031 0
839 5039 0
836 5052 0
831 5066 0
825 5079 0
819 5090 0
812 5102 0
804 5115 0
797 5127 0
793 5136 0
791 5143 0
790 5148 0
792 5151 0
795 5151 0
800 5149 0
813 5142 0
.PEN_UP
.PEN_DOWN
944 5043 0
944 5035 0
945 5031 0
947 5034 0
948 5039 0
947 5048 0
946 5060 0
943 5074 0
937 5086 0
931 5096 0
925 5105 0
920 5114 0
916 5119 0
913 5123 0
910 5126 0
908 5117 0
.PEN_UP
.PEN_DOWN
944 4999 0
943 4991 0
941 4977 0
939 4961 0
937 4943 0
935 4926 0
933 4911 0
930 4897 0
926 4886 0
920 4877 0
911 4870 0
900 4866 0
887 4865 0
876 4865 0
868 4867 0
862 4871 0
859 4875 0
858 4881 0
860 4889 0
864 4896 0
872 4902 0
881 4907 0
891 4909 0
901 4909 0
911 4908 0
919 4907 0
925 4904 0
931 4893 0
.PEN_UP
.PEN_DOWN
758 5029 0
763 5028 0
774 5028 0
794 5027 0
830 5025 0
875 5022 0
921 5019 0
960 5016 0
996 5014 0
1028 5013 0
.PEN_UP
