.VERSION 1.0 
.HIERARCHY CHARACTER
.COORD X Y T
.SEGMENT CHARACTER 0-1 OK "12"
.H_LINE 4624 5499
.V_LINE 3500 4250
.X_DIM 750
.Y_DIM 874
.X_POINTS_PER_INCH 1000
.Y_POINTS_PER_INCH 1000
.POINTS_PER_SECOND 125
.COMMENT CALIB X: 107 Y: -79

.WRITER_INFO
 Name: BHABYA
 WriterId: 21
 Hand: right
 EducationLevel: high school
 Gender: male
 Profession: student
 Region: darjeeling
 Age: 20
 DeviceType: digimemo a402
 SkillDevice: poor
 Language: hindi
 Script: indic
 Native: true
 Style: discrete
 UsageFreq: once a month
 Proficiency: average
 Date: 2007-6-13
 WritingInProfession: no

.PEN_DOWN
3906 4940 0
3906 4943 0
3905 4950 0
3904 4962 0
3901 4979 0
3896 4999 0
3890 5020 0
3883 5041 0
3875 5059 0
3869 5073 0
3865 5084 0
3862 5091 0
3860 5096 0
3859 5099 0
3859 5095 0
3860 5088 0
3863 5079 0
3866 5068 0
3868 5056 0
3870 5042 0
3871 5028 0
3870 5012 0
3868 4998 0
3865 4988 0
3861 4979 0
3856 4974 0
3850 4971 0
3842 4972 0
3831 4976 0
3820 4984 0
3808 4997 0
3795 5014 0
3782 5034 0
3770 5051 0
3759 5066 0
3750 5078 0
3744 5087 0
3741 5093 0
3742 5097 0
3745 5099 0
3752 5100 0
3760 5099 0
3771 5095 0
3788 5090 0
3805 5083 0
3823 5072 0
3843 5057 0
3863 5041 0
3885 5029 0
3910 5021 0
3935 5016 0
3959 5015 0
3981 5016 0
3998 5019 0
4007 5024 0
4010 5032 0
4007 5042 0
3998 5052 0
3987 5062 0
3975 5071 0
3963 5079 0
3951 5086 0
3940 5091 0
3932 5094 0
3926 5096 0
3923 5097 0
3911 5096 0
.PEN_UP
.PEN_DOWN
3850 4914 0
3842 4913 0
3837 4911 0
3834 4910 0
3842 4908 0
3855 4907 0
3871 4906 0
3891 4906 0
3919 4907 0
3951 4908 0
3983 4910 0
4014 4904 0
.PEN_UP
