.VERSION 1.0 
.HIERARCHY CHARACTER
.COORD X Y T
.SEGMENT CHARACTER 0-1 OK "28"
.H_LINE 9500 10374
.V_LINE 5000 5750
.X_DIM 750
.Y_DIM 874
.X_POINTS_PER_INCH 1000
.Y_POINTS_PER_INCH 1000
.POINTS_PER_SECOND 125
.COMMENT CALIB X: 143 Y: -112

.WRITER_INFO
 Name: BHABYA
 WriterId: 21
 Hand: right
 EducationLevel: high school
 Gender: male
 Profession: student
 Region: darjeeling
 Age: 20
 DeviceType: digimemo a402
 SkillDevice: poor
 Language: hindi
 Script: indic
 Native: true
 Style: discrete
 UsageFreq: once a month
 Proficiency: average
 Date: 2007-6-13
 WritingInProfession: no

.PEN_DOWN
5394 9856 0
5385 9853 0
5379 9850 0
5374 9847 0
5370 9845 0
5365 9842 0
5361 9840 0
5358 9837 0
5355 9834 0
5354 9830 0
5355 9826 0
5358 9821 0
5362 9817 0
5368 9813 0
5377 9811 0
5387 9809 0
5398 9808 0
5408 9808 0
5420 9808 0
5433 9809 0
5444 9811 0
5451 9812 0
5454 9813 0
5451 9815 0
5445 9818 0
5435 9822 0
5424 9828 0
5410 9835 0
5396 9843 0
5383 9851 0
5370 9860 0
5357 9870 0
5344 9881 0
5333 9890 0
5325 9900 0
5319 9910 0
5317 9918 0
5316 9925 0
5318 9931 0
5324 9937 0
5332 9942 0
5344 9943 0
5359 9943 0
5376 9941 0
5392 9936 0
5408 9930 0
5424 9922 0
5442 9912 0
5459 9899 0
5477 9885 0
5496 9869 0
5515 9853 0
5532 9839 0
5544 9828 0
5551 9821 0
5554 9817 0
5549 9818 0
5543 9820 0
5537 9826 0
5529 9836 0
5520 9849 0
5511 9865 0
5502 9884 0
5493 9903 0
5484 9921 0
5476 9938 0
5469 9952 0
5464 9963 0
5462 9970 0
5461 9974 0
5462 9968 0
5467 9960 0
.PEN_UP
.PEN_DOWN
5460 9799 0
5457 9798 0
5460 9798 0
5468 9799 0
5484 9800 0
5509 9801 0
5540 9803 0
5573 9804 0
5603 9804 0
5628 9804 0
5646 9803 0
5658 9802 0
5658 9799 0
.PEN_UP
