.VERSION 1.0 
.HIERARCHY CHARACTER
.COORD X Y T
.SEGMENT CHARACTER 0-2 OK "66"
.H_LINE 2999 3874
.V_LINE 1999 2749
.X_DIM 749
.Y_DIM 874
.X_POINTS_PER_INCH 1000
.Y_POINTS_PER_INCH 1000
.POINTS_PER_SECOND 125
.COMMENT CALIB X: -12 Y: -85

.WRITER_INFO
 Name: BHABYA
 WriterId: 21
 Hand: right
 EducationLevel: high school
 Gender: male
 Profession: student
 Region: darjeeling
 Age: 20
 DeviceType: digimemo a402
 SkillDevice: poor
 Language: hindi
 Script: indic
 Native: true
 Style: discrete
 UsageFreq: once a month
 Proficiency: average
 Date: 2007-6-13
 WritingInProfession: no

.PEN_DOWN
2178 3422 0
2178 3411 0
2178 3405 0
2178 3400 0
2182 3396 0
2189 3392 0
2198 3387 0
2207 3384 0
2214 3381 0
2222 3379 0
2230 3378 0
2237 3377 0
2242 3378 0
2246 3380 0
2250 3382 0
2252 3385 0
2253 3389 0
2254 3394 0
2254 3400 0
2252 3408 0
2248 3417 0
2244 3425 0
2239 3434 0
2233 3444 0
2225 3455 0
2217 3464 0
2209 3472 0
2201 3480 0
2193 3486 0
2185 3493 0
2177 3499 0
2169 3505 0
2160 3511 0
2149 3517 0
2137 3523 0
2126 3528 0
2119 3532 0
2114 3535 0
2110 3538 0
2113 3535 0
2116 3533 0
2119 3531 0
2123 3529 0
2128 3527 0
2134 3525 0
2141 3522 0
2149 3520 0
2157 3518 0
2166 3517 0
2172 3516 0
2177 3516 0
2182 3516 0
2187 3517 0
2191 3519 0
2194 3521 0
2196 3524 0
2197 3528 0
2198 3533 0
2198 3538 0
2198 3543 0
2199 3549 0
2199 3553 0
2200 3558 0
2201 3563 0
2202 3568 0
2204 3572 0
2205 3575 0
2207 3579 0
2208 3582 0
2210 3586 0
2214 3589 0
2218 3591 0
2225 3592 0
2233 3592 0
2240 3591 0
2245 3591 0
2248 3591 0
2248 3591 0
.PEN_UP
.PEN_DOWN
2355 3443 0
2350 3443 0
2346 3442 0
2342 3442 0
2336 3443 0
2326 3445 0
2315 3448 0
2306 3450 0
2298 3454 0
2290 3461 0
2282 3468 0
2275 3474 0
2272 3482 0
2270 3489 0
2270 3495 0
2271 3500 0
2273 3506 0
2277 3512 0
2282 3515 0
2288 3517 0
2298 3517 0
2313 3516 0
2329 3513 0
2345 3510 0
2356 3508 0
2367 3507 0
.PEN_UP
.PEN_DOWN
2196 3363 0
2187 3362 0
2179 3361 0
2172 3360 0
2165 3360 0
2160 3359 0
2157 3359 0
2163 3360 0
2177 3361 0
2198 3362 0
2221 3362 0
2244 3362 0
2271 3362 0
2298 3361 0
2324 3360 0
2345 3360 0
2361 3360 0
2371 3360 0
2376 3360 0
2373 3361 0
2372 3364 0
.PEN_UP
