.VERSION 1.0 
.HIERARCHY CHARACTER
.COORD X Y T
.SEGMENT CHARACTER 0-3 OK "107"
.H_LINE 6249 7124
.V_LINE 3500 4250
.X_DIM 750
.Y_DIM 875
.X_POINTS_PER_INCH 1000
.Y_POINTS_PER_INCH 1000
.POINTS_PER_SECOND 125
.COMMENT CALIB X: 119 Y: -91

.WRITER_INFO
 Name: BHABYA
 WriterId: 21
 Hand: right
 EducationLevel: high school
 Gender: male
 Profession: student
 Region: darjeeling
 Age: 20
 DeviceType: digimemo a402
 SkillDevice: poor
 Language: hindi
 Script: indic
 Native: true
 Style: discrete
 UsageFreq: once a month
 Proficiency: average
 Date: 2007-6-13
 WritingInProfession: no

.PEN_DOWN
3959 6536 0
3960 6542 0
3961 6548 0
3963 6555 0
3951 6562 0
3943 6569 0
3937 6577 0
3932 6583 0
3928 6589 0
3925 6595 0
3923 6600 0
3923 6604 0
3922 6607 0
3924 6604 0
3924 6601 0
3924 6598 0
3922 6595 0
3921 6592 0
3918 6588 0
3914 6584 0
3909 6581 0
3905 6580 0
3900 6579 0
3895 6579 0
3888 6579 0
3882 6581 0
3876 6583 0
3871 6585 0
3866 6588 0
3860 6592 0
3855 6597 0
3852 6603 0
3850 6609 0
3850 6614 0
3851 6619 0
3853 6624 0
3857 6629 0
3861 6633 0
3865 6637 0
3870 6640 0
3875 6643 0
3880 6645 0
3884 6646 0
3888 6647 0
3891 6647 0
3893 6644 0
3893 6641 0
3893 6638 0
3891 6635 0
3890 6632 0
3888 6629 0
3884 6628 0
3879 6628 0
3874 6629 0
3868 6631 0
3863 6632 0
3858 6634 0
3853 6639 0
3846 6646 0
3836 6655 0
3827 6663 0
3820 6672 0
3814 6684 0
3807 6697 0
3802 6708 0
3800 6720 0
3801 6730 0
3805 6739 0
3813 6746 0
3823 6750 0
3836 6753 0
3850 6753 0
3864 6752 0
3878 6751 0
3891 6749 0
3903 6747 0
3911 6746 0
.PEN_UP
.PEN_DOWN
3883 6642 0
3887 6642 0
3891 6644 0
3896 6645 0
3902 6647 0
3909 6649 0
3916 6650 0
3921 6652 0
3924 6653 0
3925 6656 0
3917 6658 0
.PEN_UP
.PEN_DOWN
3894 6660 0
3895 6656 0
3894 6664 0
3891 6676 0
3884 6694 0
3875 6712 0
3863 6732 0
3844 6750 0
3824 6766 0
3804 6779 0
3788 6788 0
3779 6793 0
3776 6796 0
3783 6796 0
.PEN_UP
.PEN_DOWN
3891 6520 0
3888 6520 0
3885 6520 0
3893 6520 0
3909 6520 0
3933 6520 0
3965 6520 0
4000 6520 0
4031 6520 0
4058 6519 0
.PEN_UP
