.VERSION 1.0 
.HIERARCHY CHARACTER
.COORD X Y T
.SEGMENT CHARACTER 0-1 OK "13"
.H_LINE 4624 5499
.V_LINE 5000 5750
.X_DIM 750
.Y_DIM 874
.X_POINTS_PER_INCH 1000
.Y_POINTS_PER_INCH 1000
.POINTS_PER_SECOND 125
.COMMENT CALIB X: 9 Y: -69

.WRITER_INFO
 Name: K SRI CHARAN
 WriterId: 13
 Hand: right
 EducationLevel: post graduate
 Gender: male
 Profession: student
 Region: puttaparthi
 Age: 24
 DeviceType: digimemo a402
 SkillDevice: average
 Language: hindi
 Script: indic
 Native: false
 Style: discrete
 UsageFreq: once a month
 Proficiency: average
 Date: 2007-6-12
 WritingInProfession: no

.PEN_DOWN
5243 5005 0
5241 5001 0
5240 4996 0
5240 4990 0
5241 4984 0
5242 4978 0
5245 4973 0
5252 4969 0
5260 4967 0
5268 4969 0
5276 4977 0
5284 4992 0
5288 5011 0
5289 5033 0
5287 5055 0
5282 5076 0
5270 5096 0
5256 5111 0
5243 5122 0
5230 5130 0
5217 5134 0
5204 5135 0
5194 5132 0
5188 5128 0
5185 5123 0
5183 5117 0
5184 5111 0
5187 5104 0
5195 5099 0
5202 5096 0
5208 5095 0
5215 5096 0
5223 5099 0
5232 5104 0
5242 5110 0
5251 5116 0
5259 5123 0
5267 5128 0
5274 5131 0
5282 5132 0
5292 5131 0
5302 5128 0
5310 5124 0
5320 5120 0
5330 5116 0
5340 5112 0
5348 5106 0
5359 5100 0
5369 5093 0
5377 5085 0
5383 5075 0
5387 5064 0
5389 5052 0
5389 5042 0
5388 5036 0
5385 5033 0
5382 5032 0
5378 5034 0
5368 5043 0
5354 5056 0
5340 5070 0
5328 5083 0
5319 5092 0
5314 5099 0
5313 5102 0
5318 5104 0
5325 5102 0
5339 5098 0
5356 5090 0
5373 5079 0
5390 5066 0
5404 5051 0
5418 5035 0
5429 5017 0
5437 5000 0
5443 4982 0
5446 4967 0
5446 4957 0
5445 4952 0
5444 4949 0
5442 4954 0
5440 4965 0
5437 4986 0
5431 5012 0
5423 5041 0
5412 5070 0
5399 5096 0
5388 5124 0
5379 5149 0
5371 5170 0
5366 5185 0
5365 5193 0
5366 5190 0
5369 5173 0
.PEN_UP
.PEN_DOWN
5221 4921 0
5225 4920 0
5232 4920 0
5243 4919 0
5257 4918 0
5278 4918 0
5311 4917 0
5360 4914 0
5415 4910 0
5465 4905 0
5505 4901 0
5538 4901 0
5562 4898 0
.PEN_UP
