329.0,195.0
329.0,192.0
327.0,190.0
327.0,193.0
327.0,196.0
327.0,198.0
327.0,202.0
327.0,206.0
327.0,209.0
327.0,213.0
325.0,217.0
325.0,220.0
326.0,222.0
326.0,224.0
326.0,227.0
327.0,229.0
325.0,232.0
325.0,234.0
325.0,236.0
325.0,238.0
325.0,241.0
325.0,243.0
325.0,245.0
323.0,248.0
323.0,250.0
321.0,253.0
321.0,255.0
322.0,252.0
322.0,250.0
322.0,247.0
323.0,245.0
323.0,243.0
323.0,240.0
324.0,238.0
324.0,236.0
324.0,233.0
324.0,231.0
324.0,229.0
325.0,226.0
325.0,224.0
325.0,222.0
325.0,219.0
323.0,217.0
321.0,217.0
319.0,218.0
316.0,220.0
313.0,222.0
311.0,224.0
308.0,225.0
306.0,227.0
302.0,229.0
300.0,230.0
297.0,230.0
295.0,230.0
291.0,230.0
288.0,227.0
286.0,227.0
284.0,225.0
281.0,223.0
281.0,220.0
278.0,219.0
279.0,217.0
281.0,217.0
283.0,217.0
286.0,219.0
288.0,219.0
291.0,220.0
292.0,222.0
293.0,225.0
294.0,227.0
294.0,229.0
292.0,233.0
290.0,236.0
287.0,238.0
284.0,241.0
282.0,244.0
281.0,246.0
282.0,249.0
283.0,251.0
286.0,254.0
288.0,254.0
290.0,255.0
293.0,253.0
295.0,253.0
297.0,253.0
301.0,251.0
304.0,250.0
306.0,250.0
309.0,247.0
311.0,246.0
312.0,243.0
315.0,242.0
316.0,240.0
317.0,237.0
315.0,235.0
314.0,232.0
312.0,232.0
309.0,233.0
308.0,235.0
308.0,237.0
308.0,240.0
308.0,242.0
308.0,244.0
308.0,247.0
308.0,249.0
308.0,251.0
308.0,254.0
309.0,256.0
309.0,258.0
309.0,261.0
309.0,263.0
309.0,265.0
310.0,268.0
310.0,270.0
311.0,268.0
-1.0,-1.0
295.0,191.0
297.0,191.0
301.0,191.0
303.0,191.0
305.0,191.0
309.0,191.0
312.0,189.0
314.0,189.0
316.0,189.0
319.0,189.0
323.0,187.0
325.0,187.0
327.0,187.0
333.0,187.0
335.0,187.0
337.0,187.0
340.0,187.0
342.0,187.0
346.0,187.0
348.0,187.0
350.0,187.0
353.0,187.0
355.0,187.0
357.0,187.0
360.0,185.0
358.0,184.0
-1.0,-1.0
 
