433.0,72.0
433.0,76.0
433.0,80.0
433.0,86.0
433.0,90.0
433.0,96.0
433.0,100.0
433.0,106.0
433.0,109.0
433.0,115.0
433.0,119.0
433.0,123.0
433.0,126.0
433.0,130.0
433.0,133.0
433.0,134.0
433.0,136.0
433.0,140.0
433.0,143.0
433.0,146.0
433.0,148.0
433.0,150.0
433.0,153.0
433.0,154.0
433.0,155.0
433.0,156.0
433.0,157.0
433.0,160.0
433.0,161.0
433.0,162.0
433.0,163.0
433.0,164.0
433.0,165.0
433.0,168.0
433.0,170.0
433.0,174.0
433.0,176.0
433.0,180.0
433.0,182.0
433.0,185.0
433.0,187.0
433.0,189.0
433.0,191.0
434.0,192.0
434.0,194.0
434.0,196.0
434.0,197.0
-1.0,-1.0
428.0,116.0
427.0,116.0
423.0,116.0
420.0,117.0
416.0,117.0
411.0,117.0
406.0,119.0
402.0,119.0
396.0,119.0
392.0,120.0
389.0,120.0
386.0,120.0
383.0,120.0
380.0,120.0
378.0,120.0
376.0,120.0
375.0,120.0
373.0,120.0
372.0,120.0
371.0,120.0
369.0,120.0
368.0,120.0
366.0,120.0
365.0,120.0
366.0,120.0
368.0,120.0
369.0,121.0
369.0,122.0
369.0,123.0
369.0,124.0
369.0,126.0
369.0,127.0
369.0,128.0
369.0,129.0
369.0,130.0
369.0,131.0
368.0,133.0
368.0,134.0
366.0,134.0
366.0,135.0
366.0,136.0
366.0,137.0
365.0,137.0
365.0,138.0
365.0,140.0
364.0,141.0
364.0,142.0
364.0,144.0
364.0,146.0
362.0,147.0
362.0,148.0
362.0,149.0
362.0,151.0
362.0,154.0
362.0,155.0
362.0,157.0
362.0,160.0
362.0,162.0
362.0,164.0
362.0,167.0
364.0,169.0
365.0,171.0
366.0,174.0
368.0,176.0
369.0,177.0
371.0,178.0
372.0,180.0
373.0,181.0
375.0,182.0
378.0,183.0
379.0,184.0
380.0,185.0
382.0,185.0
385.0,187.0
386.0,187.0
387.0,187.0
390.0,187.0
392.0,187.0
393.0,187.0
396.0,187.0
397.0,187.0
400.0,187.0
402.0,185.0
403.0,184.0
404.0,183.0
406.0,181.0
406.0,180.0
407.0,178.0
407.0,177.0
407.0,176.0
407.0,175.0
407.0,174.0
407.0,173.0
407.0,170.0
407.0,169.0
407.0,167.0
406.0,165.0
404.0,164.0
403.0,163.0
402.0,162.0
400.0,161.0
399.0,161.0
397.0,160.0
396.0,160.0
395.0,160.0
393.0,160.0
392.0,161.0
392.0,163.0
390.0,164.0
390.0,165.0
390.0,168.0
389.0,170.0
389.0,173.0
389.0,176.0
389.0,178.0
389.0,182.0
389.0,184.0
389.0,188.0
389.0,191.0
390.0,195.0
390.0,197.0
392.0,200.0
392.0,201.0
392.0,203.0
393.0,204.0
-1.0,-1.0
369.0,80.0
375.0,80.0
379.0,80.0
388.0,80.0
393.0,80.0
406.0,80.0
415.0,80.0
420.0,80.0
422.0,80.0
427.0,80.0
434.0,80.0
436.0,80.0
439.0,80.0
441.0,80.0
442.0,81.0
443.0,81.0
445.0,81.0
448.0,81.0
451.0,81.0
453.0,80.0
456.0,80.0
460.0,78.0
462.0,77.0
465.0,76.0
467.0,76.0
469.0,76.0
470.0,76.0
472.0,76.0
473.0,76.0
-1.0,-1.0
 
