421.0,98.0
419.0,99.0
418.0,101.0
414.0,106.0
409.0,112.0
404.0,116.0
401.0,119.0
399.0,121.0
396.0,123.0
392.0,126.0
389.0,128.0
383.0,130.0
379.0,133.0
372.0,135.0
368.0,137.0
362.0,140.0
359.0,140.0
355.0,141.0
352.0,141.0
348.0,141.0
345.0,141.0
341.0,141.0
338.0,141.0
334.0,141.0
331.0,141.0
328.0,140.0
327.0,139.0
324.0,137.0
323.0,136.0
321.0,136.0
320.0,135.0
318.0,134.0
317.0,132.0
317.0,130.0
316.0,128.0
316.0,127.0
316.0,125.0
316.0,123.0
316.0,122.0
316.0,121.0
316.0,119.0
316.0,116.0
316.0,115.0
316.0,113.0
316.0,112.0
316.0,110.0
317.0,110.0
317.0,109.0
318.0,109.0
320.0,109.0
321.0,109.0
323.0,109.0
325.0,109.0
327.0,109.0
328.0,109.0
330.0,110.0
331.0,110.0
331.0,112.0
331.0,113.0
331.0,114.0
333.0,115.0
333.0,117.0
333.0,120.0
334.0,121.0
334.0,123.0
334.0,126.0
334.0,129.0
334.0,132.0
335.0,134.0
335.0,136.0
335.0,139.0
335.0,141.0
335.0,144.0
335.0,147.0
335.0,150.0
335.0,153.0
335.0,156.0
335.0,159.0
334.0,163.0
334.0,166.0
333.0,169.0
333.0,171.0
333.0,175.0
331.0,177.0
331.0,180.0
331.0,182.0
331.0,184.0
331.0,186.0
331.0,188.0
331.0,189.0
331.0,190.0
331.0,191.0
333.0,194.0
334.0,196.0
337.0,198.0
338.0,200.0
340.0,202.0
342.0,203.0
348.0,207.0
352.0,209.0
358.0,210.0
362.0,211.0
366.0,213.0
369.0,213.0
373.0,213.0
376.0,213.0
379.0,213.0
382.0,213.0
386.0,211.0
387.0,211.0
392.0,209.0
393.0,207.0
396.0,204.0
397.0,203.0
399.0,200.0
400.0,198.0
401.0,196.0
403.0,194.0
403.0,193.0
403.0,191.0
403.0,190.0
403.0,189.0
403.0,188.0
401.0,187.0
399.0,186.0
396.0,183.0
393.0,183.0
389.0,181.0
387.0,181.0
383.0,180.0
382.0,180.0
379.0,180.0
378.0,180.0
376.0,180.0
376.0,181.0
376.0,182.0
376.0,183.0
376.0,184.0
376.0,186.0
376.0,188.0
375.0,190.0
375.0,193.0
375.0,195.0
375.0,197.0
375.0,202.0
375.0,205.0
375.0,208.0
375.0,210.0
378.0,215.0
379.0,220.0
382.0,222.0
385.0,225.0
386.0,228.0
389.0,230.0
390.0,231.0
393.0,234.0
394.0,234.0
397.0,236.0
399.0,237.0
401.0,238.0
403.0,238.0
406.0,239.0
409.0,241.0
410.0,242.0
411.0,242.0
413.0,242.0
414.0,242.0
416.0,243.0
417.0,243.0
418.0,243.0
420.0,243.0
421.0,243.0
-1.0,-1.0
417.0,62.0
417.0,64.0
417.0,67.0
417.0,71.0
417.0,75.0
417.0,80.0
418.0,88.0
419.0,92.0
419.0,95.0
419.0,99.0
421.0,104.0
422.0,111.0
422.0,114.0
424.0,119.0
424.0,122.0
425.0,127.0
426.0,129.0
426.0,134.0
428.0,136.0
429.0,141.0
429.0,143.0
431.0,147.0
431.0,149.0
431.0,152.0
432.0,153.0
432.0,154.0
432.0,156.0
432.0,157.0
433.0,160.0
433.0,162.0
433.0,166.0
435.0,167.0
435.0,169.0
435.0,170.0
435.0,172.0
435.0,173.0
436.0,174.0
436.0,175.0
436.0,176.0
436.0,177.0
436.0,180.0
438.0,181.0
438.0,183.0
438.0,184.0
438.0,186.0
438.0,187.0
439.0,188.0
439.0,190.0
441.0,192.0
442.0,195.0
442.0,197.0
443.0,200.0
443.0,201.0
445.0,203.0
446.0,204.0
-1.0,-1.0
379.0,61.0
383.0,61.0
386.0,61.0
392.0,61.0
396.0,61.0
399.0,61.0
403.0,60.0
408.0,60.0
415.0,59.0
419.0,59.0
426.0,57.0
430.0,57.0
436.0,57.0
439.0,57.0
443.0,57.0
446.0,57.0
448.0,57.0
450.0,57.0
451.0,57.0
453.0,57.0
454.0,57.0
456.0,57.0
-1.0,-1.0
 
