404.0,59.0
404.0,64.0
404.0,71.0
404.0,78.0
404.0,92.0
405.0,95.0
405.0,101.0
405.0,105.0
405.0,109.0
405.0,114.0
405.0,118.0
405.0,121.0
405.0,124.0
405.0,127.0
405.0,129.0
405.0,131.0
405.0,134.0
405.0,136.0
405.0,138.0
405.0,141.0
405.0,143.0
405.0,145.0
405.0,146.0
405.0,148.0
405.0,149.0
-1.0,-1.0
402.0,89.0
401.0,89.0
400.0,89.0
398.0,90.0
395.0,90.0
393.0,91.0
391.0,91.0
387.0,91.0
384.0,93.0
381.0,93.0
379.0,93.0
374.0,93.0
372.0,93.0
367.0,93.0
364.0,93.0
360.0,93.0
357.0,93.0
353.0,93.0
350.0,93.0
346.0,93.0
345.0,93.0
342.0,93.0
341.0,93.0
339.0,93.0
338.0,93.0
336.0,93.0
335.0,93.0
336.0,93.0
338.0,93.0
339.0,93.0
341.0,93.0
341.0,94.0
341.0,95.0
341.0,96.0
341.0,97.0
342.0,98.0
342.0,100.0
342.0,101.0
342.0,102.0
342.0,103.0
342.0,104.0
342.0,105.0
342.0,108.0
342.0,109.0
342.0,110.0
342.0,111.0
342.0,112.0
342.0,114.0
342.0,115.0
342.0,116.0
342.0,118.0
342.0,119.0
342.0,121.0
342.0,122.0
342.0,123.0
342.0,124.0
342.0,125.0
342.0,127.0
341.0,127.0
341.0,128.0
341.0,129.0
341.0,130.0
339.0,131.0
339.0,132.0
339.0,134.0
338.0,134.0
338.0,135.0
338.0,136.0
338.0,137.0
338.0,138.0
338.0,139.0
338.0,141.0
338.0,142.0
338.0,143.0
338.0,144.0
338.0,145.0
338.0,146.0
339.0,149.0
342.0,150.0
343.0,152.0
346.0,152.0
349.0,154.0
350.0,154.0
353.0,154.0
355.0,154.0
357.0,154.0
359.0,154.0
360.0,154.0
363.0,154.0
364.0,154.0
366.0,152.0
367.0,151.0
367.0,149.0
369.0,148.0
369.0,145.0
369.0,144.0
369.0,142.0
369.0,139.0
369.0,137.0
369.0,136.0
369.0,135.0
369.0,134.0
367.0,132.0
366.0,131.0
366.0,130.0
364.0,130.0
363.0,130.0
362.0,130.0
360.0,130.0
359.0,131.0
359.0,134.0
359.0,136.0
357.0,138.0
357.0,142.0
357.0,144.0
357.0,148.0
357.0,150.0
357.0,154.0
357.0,156.0
357.0,158.0
357.0,161.0
357.0,162.0
357.0,163.0
359.0,164.0
359.0,165.0
360.0,165.0
360.0,166.0
360.0,168.0
362.0,168.0
363.0,168.0
-1.0,-1.0
353.0,68.0
355.0,68.0
359.0,67.0
363.0,66.0
370.0,64.0
374.0,64.0
379.0,63.0
383.0,63.0
388.0,63.0
400.0,62.0
410.0,62.0
416.0,62.0
421.0,62.0
425.0,62.0
426.0,62.0
428.0,62.0
429.0,62.0
-1.0,-1.0
 
