358.0,135.0
359.0,137.0
360.0,141.0
360.0,143.0
360.0,146.0
361.0,148.0
361.0,152.0
361.0,154.0
361.0,158.0
361.0,160.0
361.0,163.0
361.0,165.0
361.0,167.0
361.0,170.0
361.0,174.0
361.0,176.0
362.0,180.0
362.0,182.0
360.0,186.0
360.0,188.0
360.0,191.0
360.0,194.0
360.0,197.0
360.0,201.0
361.0,205.0
361.0,207.0
362.0,209.0
363.0,212.0
363.0,214.0
364.0,217.0
362.0,214.0
361.0,212.0
361.0,209.0
361.0,207.0
361.0,205.0
361.0,202.0
361.0,200.0
359.0,198.0
359.0,195.0
359.0,191.0
359.0,188.0
360.0,184.0
360.0,181.0
360.0,179.0
360.0,177.0
360.0,174.0
360.0,172.0
360.0,170.0
360.0,168.0
357.0,166.0
355.0,166.0
352.0,167.0
348.0,167.0
344.0,168.0
342.0,169.0
338.0,169.0
334.0,170.0
332.0,170.0
330.0,170.0
327.0,171.0
323.0,171.0
321.0,171.0
317.0,171.0
315.0,171.0
311.0,171.0
309.0,169.0
306.0,169.0
304.0,167.0
303.0,165.0
303.0,163.0
303.0,160.0
305.0,159.0
307.0,158.0
310.0,157.0
312.0,157.0
315.0,155.0
319.0,156.0
321.0,156.0
323.0,157.0
326.0,159.0
327.0,162.0
327.0,164.0
325.0,168.0
324.0,172.0
321.0,176.0
320.0,178.0
316.0,183.0
313.0,184.0
309.0,185.0
307.0,186.0
303.0,188.0
301.0,189.0
296.0,192.0
294.0,196.0
291.0,198.0
290.0,202.0
290.0,204.0
291.0,207.0
293.0,208.0
297.0,211.0
300.0,212.0
302.0,212.0
304.0,213.0
308.0,213.0
311.0,213.0
314.0,213.0
317.0,213.0
319.0,213.0
321.0,213.0
324.0,211.0
326.0,210.0
329.0,209.0
331.0,208.0
334.0,205.0
336.0,204.0
338.0,200.0
340.0,197.0
341.0,195.0
343.0,192.0
343.0,190.0
343.0,188.0
341.0,185.0
340.0,183.0
338.0,182.0
335.0,180.0
334.0,182.0
334.0,184.0
334.0,187.0
334.0,189.0
335.0,191.0
335.0,194.0
336.0,196.0
337.0,199.0
338.0,201.0
341.0,204.0
343.0,204.0
344.0,206.0
347.0,207.0
349.0,208.0
352.0,210.0
350.0,211.0
-1.0,-1.0
329.0,138.0
333.0,138.0
336.0,136.0
340.0,136.0
344.0,136.0
346.0,136.0
350.0,136.0
353.0,136.0
355.0,136.0
359.0,136.0
361.0,137.0
365.0,137.0
367.0,137.0
370.0,137.0
374.0,137.0
376.0,138.0
378.0,138.0
382.0,138.0
384.0,138.0
387.0,138.0
389.0,138.0
389.0,135.0
389.0,134.0
-1.0,-1.0
 
