373.0,127.0
371.0,128.0
370.0,130.0
367.0,131.0
364.0,133.0
360.0,135.0
357.0,137.0
353.0,139.0
350.0,141.0
346.0,142.0
345.0,144.0
340.0,146.0
338.0,147.0
335.0,148.0
332.0,148.0
328.0,150.0
325.0,150.0
321.0,150.0
318.0,150.0
314.0,150.0
311.0,150.0
307.0,150.0
302.0,150.0
298.0,150.0
297.0,150.0
294.0,148.0
293.0,147.0
290.0,146.0
290.0,145.0
288.0,144.0
287.0,142.0
286.0,141.0
286.0,139.0
286.0,138.0
286.0,137.0
286.0,135.0
286.0,134.0
286.0,132.0
286.0,130.0
288.0,126.0
290.0,123.0
291.0,120.0
293.0,119.0
295.0,118.0
297.0,117.0
298.0,115.0
301.0,114.0
302.0,114.0
304.0,114.0
305.0,114.0
307.0,114.0
307.0,117.0
307.0,118.0
307.0,120.0
307.0,123.0
307.0,125.0
307.0,126.0
307.0,130.0
307.0,131.0
307.0,133.0
307.0,135.0
307.0,138.0
305.0,140.0
304.0,144.0
302.0,146.0
301.0,150.0
300.0,152.0
298.0,157.0
297.0,159.0
294.0,164.0
293.0,166.0
291.0,169.0
290.0,173.0
288.0,178.0
287.0,181.0
286.0,185.0
286.0,187.0
284.0,191.0
284.0,193.0
284.0,196.0
284.0,198.0
284.0,201.0
284.0,202.0
284.0,205.0
284.0,206.0
284.0,208.0
284.0,209.0
286.0,212.0
287.0,213.0
290.0,215.0
291.0,218.0
295.0,220.0
298.0,222.0
304.0,223.0
307.0,225.0
311.0,226.0
314.0,226.0
317.0,226.0
319.0,226.0
324.0,226.0
328.0,225.0
332.0,222.0
335.0,220.0
338.0,218.0
340.0,215.0
343.0,212.0
345.0,209.0
346.0,208.0
346.0,207.0
348.0,206.0
348.0,203.0
348.0,202.0
348.0,201.0
348.0,200.0
346.0,199.0
345.0,198.0
342.0,195.0
339.0,194.0
336.0,193.0
333.0,192.0
331.0,189.0
328.0,188.0
325.0,187.0
324.0,187.0
321.0,186.0
319.0,186.0
318.0,186.0
317.0,186.0
317.0,187.0
317.0,188.0
317.0,189.0
317.0,191.0
317.0,192.0
317.0,195.0
317.0,198.0
317.0,202.0
318.0,206.0
321.0,211.0
322.0,213.0
324.0,215.0
325.0,216.0
326.0,218.0
328.0,220.0
331.0,221.0
333.0,223.0
335.0,225.0
339.0,227.0
340.0,228.0
346.0,229.0
349.0,230.0
353.0,233.0
356.0,233.0
357.0,234.0
359.0,234.0
360.0,234.0
362.0,234.0
363.0,234.0
-1.0,-1.0
368.0,96.0
368.0,100.0
368.0,104.0
368.0,110.0
369.0,112.0
369.0,115.0
369.0,117.0
370.0,119.0
370.0,125.0
370.0,130.0
370.0,137.0
372.0,140.0
372.0,145.0
372.0,149.0
372.0,152.0
372.0,156.0
373.0,159.0
373.0,160.0
373.0,163.0
375.0,164.0
375.0,165.0
375.0,166.0
375.0,169.0
375.0,171.0
375.0,172.0
375.0,174.0
375.0,176.0
376.0,178.0
376.0,179.0
376.0,180.0
376.0,181.0
376.0,183.0
376.0,184.0
376.0,186.0
376.0,188.0
376.0,192.0
378.0,196.0
378.0,198.0
378.0,200.0
378.0,201.0
378.0,204.0
378.0,205.0
378.0,206.0
378.0,207.0
378.0,208.0
378.0,210.0
378.0,211.0
378.0,212.0
379.0,212.0
379.0,213.0
379.0,214.0
380.0,215.0
380.0,217.0
380.0,218.0
-1.0,-1.0
332.0,93.0
338.0,93.0
341.0,93.0
346.0,93.0
351.0,93.0
359.0,93.0
365.0,93.0
373.0,93.0
376.0,93.0
382.0,93.0
384.0,93.0
389.0,93.0
392.0,93.0
396.0,93.0
399.0,93.0
400.0,93.0
403.0,93.0
404.0,93.0
406.0,93.0
407.0,93.0
408.0,94.0
410.0,94.0
411.0,94.0
413.0,94.0
-1.0,-1.0
 
