424.0,44.0
424.0,45.0
424.0,48.0
424.0,52.0
424.0,57.0
424.0,59.0
424.0,62.0
424.0,65.0
424.0,68.0
424.0,71.0
424.0,75.0
424.0,79.0
424.0,81.0
424.0,84.0
424.0,86.0
424.0,91.0
424.0,93.0
424.0,96.0
424.0,98.0
424.0,100.0
424.0,101.0
424.0,104.0
424.0,105.0
424.0,107.0
424.0,109.0
424.0,112.0
424.0,114.0
424.0,115.0
424.0,116.0
424.0,119.0
424.0,120.0
424.0,121.0
424.0,122.0
424.0,123.0
424.0,122.0
424.0,121.0
424.0,120.0
424.0,119.0
424.0,116.0
424.0,113.0
424.0,111.0
424.0,107.0
424.0,106.0
424.0,104.0
423.0,102.0
423.0,101.0
422.0,100.0
420.0,99.0
419.0,99.0
417.0,98.0
416.0,98.0
415.0,98.0
413.0,98.0
410.0,98.0
409.0,98.0
406.0,98.0
403.0,96.0
400.0,96.0
396.0,96.0
392.0,96.0
389.0,96.0
384.0,96.0
381.0,96.0
375.0,95.0
372.0,95.0
367.0,95.0
364.0,94.0
360.0,93.0
357.0,93.0
354.0,92.0
351.0,92.0
350.0,91.0
348.0,91.0
348.0,89.0
347.0,89.0
347.0,88.0
347.0,87.0
347.0,86.0
347.0,85.0
347.0,84.0
347.0,82.0
348.0,81.0
350.0,80.0
351.0,79.0
353.0,79.0
355.0,79.0
357.0,78.0
358.0,78.0
360.0,78.0
361.0,78.0
362.0,78.0
364.0,78.0
365.0,79.0
367.0,80.0
367.0,82.0
367.0,84.0
368.0,85.0
368.0,86.0
368.0,87.0
368.0,89.0
368.0,91.0
369.0,93.0
369.0,95.0
369.0,98.0
369.0,100.0
369.0,102.0
369.0,105.0
369.0,108.0
369.0,111.0
369.0,114.0
369.0,115.0
368.0,119.0
368.0,120.0
368.0,122.0
367.0,125.0
367.0,127.0
367.0,128.0
365.0,132.0
365.0,133.0
365.0,135.0
365.0,136.0
365.0,139.0
365.0,140.0
365.0,142.0
365.0,145.0
365.0,147.0
365.0,148.0
365.0,150.0
365.0,152.0
368.0,154.0
369.0,154.0
371.0,155.0
371.0,156.0
374.0,156.0
375.0,157.0
377.0,157.0
379.0,157.0
382.0,157.0
385.0,157.0
389.0,155.0
392.0,154.0
395.0,152.0
396.0,150.0
398.0,148.0
399.0,147.0
400.0,146.0
400.0,145.0
400.0,143.0
400.0,142.0
400.0,141.0
400.0,140.0
399.0,140.0
398.0,140.0
396.0,140.0
395.0,140.0
393.0,140.0
392.0,140.0
391.0,140.0
389.0,140.0
389.0,141.0
389.0,143.0
388.0,146.0
388.0,149.0
388.0,153.0
388.0,155.0
388.0,157.0
388.0,162.0
388.0,174.0
390.0,188.0
396.0,205.0
398.0,212.0
400.0,216.0
404.0,219.0
407.0,221.0
409.0,223.0
412.0,224.0
414.0,225.0
416.0,225.0
418.0,225.0
-1.0,-1.0
367.0,44.0
370.0,44.0
375.0,44.0
378.0,44.0
381.0,44.0
385.0,44.0
389.0,44.0
396.0,44.0
401.0,44.0
410.0,44.0
416.0,44.0
426.0,44.0
432.0,44.0
440.0,44.0
446.0,44.0
451.0,44.0
453.0,44.0
454.0,44.0
455.0,44.0
457.0,44.0
-1.0,-1.0
 
