356.0,136.0
356.0,140.0
354.0,145.0
354.0,151.0
352.0,156.0
352.0,164.0
350.0,172.0
350.0,177.0
350.0,182.0
350.0,188.0
350.0,193.0
350.0,197.0
350.0,202.0
350.0,206.0
350.0,210.0
350.0,214.0
351.0,216.0
351.0,219.0
351.0,221.0
352.0,223.0
353.0,226.0
353.0,228.0
353.0,224.0
353.0,220.0
353.0,218.0
353.0,215.0
351.0,211.0
350.0,209.0
349.0,206.0
346.0,205.0
344.0,204.0
341.0,203.0
339.0,203.0
337.0,203.0
334.0,203.0
332.0,201.0
330.0,201.0
327.0,199.0
325.0,199.0
323.0,199.0
320.0,199.0
316.0,197.0
314.0,196.0
311.0,195.0
309.0,193.0
306.0,191.0
304.0,188.0
301.0,186.0
300.0,183.0
299.0,181.0
298.0,178.0
298.0,176.0
298.0,174.0
300.0,174.0
302.0,174.0
305.0,175.0
306.0,177.0
307.0,180.0
308.0,182.0
308.0,184.0
309.0,187.0
309.0,189.0
309.0,191.0
307.0,194.0
307.0,196.0
305.0,199.0
303.0,201.0
301.0,204.0
299.0,205.0
298.0,207.0
295.0,209.0
294.0,211.0
292.0,214.0
292.0,216.0
292.0,218.0
293.0,221.0
294.0,223.0
294.0,225.0
296.0,228.0
299.0,231.0
301.0,231.0
303.0,232.0
306.0,233.0
310.0,233.0
314.0,233.0
316.0,233.0
320.0,231.0
324.0,231.0
326.0,229.0
328.0,229.0
331.0,227.0
333.0,226.0
336.0,223.0
338.0,222.0
340.0,220.0
340.0,217.0
338.0,215.0
336.0,214.0
335.0,211.0
332.0,211.0
330.0,211.0
328.0,212.0
326.0,214.0
325.0,217.0
325.0,219.0
325.0,221.0
325.0,224.0
326.0,226.0
328.0,229.0
330.0,231.0
332.0,232.0
333.0,235.0
333.0,231.0
-1.0,-1.0
279.0,141.0
281.0,141.0
284.0,141.0
288.0,142.0
290.0,142.0
294.0,142.0
298.0,142.0
301.0,142.0
304.0,142.0
306.0,142.0
310.0,142.0
314.0,142.0
316.0,142.0
320.0,142.0
324.0,142.0
328.0,140.0
333.0,140.0
338.0,140.0
344.0,140.0
348.0,140.0
353.0,140.0
355.0,140.0
359.0,140.0
363.0,140.0
367.0,140.0
371.0,140.0
373.0,138.0
377.0,138.0
381.0,138.0
383.0,138.0
387.0,138.0
389.0,138.0
392.0,138.0
394.0,138.0
396.0,138.0
398.0,138.0
401.0,138.0
-1.0,-1.0
 
