.VERSION 1.0 
.HIERARCHY CHARACTER
.COORD X Y T
.SEGMENT CHARACTER 0-3 OK "9"
.H_LINE 2999 3874
.V_LINE 6500 7250
.X_DIM 750
.Y_DIM 874
.X_POINTS_PER_INCH 1000
.Y_POINTS_PER_INCH 1000
.POINTS_PER_SECOND 125
.COMMENT CALIB X: 144 Y: -87

.WRITER_INFO
 Name: PRAKASH VARMA
 WriterId: 14
 Hand: right
 EducationLevel: post graduate
 Gender: male
 Profession: student
 Region: vizayanagaram
 Age: 25
 DeviceType: digimemo a402
 SkillDevice: average
 Language: hindi
 Script: indic
 Native: false
 Style: discrete
 UsageFreq: once a month
 Proficiency: good
 Date: 2007-6-12
 WritingInProfession: can't say

.PEN_DOWN
6853 3403 0
6853 3400 0
6851 3396 0
6851 3393 0
6851 3390 0
6852 3394 0
6853 3401 0
6854 3413 0
6854 3428 0
6854 3443 0
6855 3461 0
6855 3480 0
6854 3500 0
6852 3518 0
6850 3534 0
6847 3545 0
6845 3554 0
6843 3559 0
6842 3562 0
6842 3559 0
6843 3556 0
6844 3553 0
6845 3550 0
6846 3547 0
6847 3544 0
6848 3540 0
6849 3537 0
6852 3540 0
6856 3544 0
6861 3548 0
6867 3553 0
6874 3558 0
6883 3564 0
6891 3570 0
6899 3574 0
6906 3579 0
6913 3583 0
6919 3587 0
6926 3591 0
6933 3595 0
6938 3598 0
6943 3601 0
6946 3603 0
6947 3606 0
6948 3610 0
6949 3613 0
6949 3616 0
6949 3616 0
.PEN_UP
.PEN_DOWN
6980 3396 0
6979 3393 0
6978 3399 0
6977 3409 0
6976 3422 0
6975 3438 0
6973 3457 0
6971 3474 0
6969 3492 0
6967 3507 0
6964 3520 0
6962 3530 0
6960 3537 0
6958 3540 0
6957 3537 0
6960 3532 0
.PEN_UP
.PEN_DOWN
6832 3378 0
6827 3377 0
6822 3376 0
6819 3375 0
6823 3375 0
6832 3376 0
6845 3377 0
6862 3379 0
6878 3382 0
6896 3384 0
6917 3385 0
6941 3387 0
6968 3390 0
6994 3390 0
7016 3390 0
7032 3390 0
7042 3390 0
7047 3390 0
7041 3391 0
7038 3392 0
.PEN_UP
.PEN_DOWN
6943 3383 0
6942 3380 0
6941 3377 0
6941 3373 0
6940 3368 0
6937 3361 0
6932 3352 0
6927 3339 0
6918 3324 0
6905 3303 0
6890 3285 0
6875 3270 0
6860 3257 0
6847 3245 0
6836 3239 0
6831 3235 0
6828 3233 0
6829 3237 0
6833 3246 0
6839 3257 0
.PEN_UP
