.VERSION 1.0 
.HIERARCHY CHARACTER
.COORD X Y T
.SEGMENT CHARACTER 0-2 OK "47"
.H_LINE 6249 7124
.V_LINE 3500 4250
.X_DIM 750
.Y_DIM 875
.X_POINTS_PER_INCH 1000
.Y_POINTS_PER_INCH 1000
.POINTS_PER_SECOND 125
.COMMENT CALIB X: 90 Y: -115

.WRITER_INFO
 Name: PRAKASH VARMA
 WriterId: 14
 Hand: right
 EducationLevel: post graduate
 Gender: male
 Profession: student
 Region: vizayanagaram
 Age: 25
 DeviceType: digimemo a402
 SkillDevice: average
 Language: hindi
 Script: indic
 Native: false
 Style: discrete
 UsageFreq: once a month
 Proficiency: good
 Date: 2007-6-12
 WritingInProfession: can't say

.PEN_DOWN
3992 6612 0
3992 6608 0
3992 6604 0
3992 6601 0
3992 6598 0
3993 6601 0
3994 6606 0
3995 6616 0
3996 6628 0
3998 6643 0
4000 6659 0
4001 6676 0
4002 6693 0
4004 6710 0
4006 6727 0
4007 6742 0
4009 6755 0
4010 6764 0
4011 6770 0
4012 6774 0
4012 6777 0
4012 6773 0
4011 6769 0
4010 6763 0
4009 6759 0
.PEN_UP
.PEN_DOWN
3998 6669 0
3995 6668 0
3992 6667 0
3986 6666 0
3976 6666 0
3964 6667 0
3954 6667 0
3944 6667 0
3932 6667 0
3921 6667 0
3912 6667 0
3905 6668 0
3896 6669 0
3887 6670 0
3880 6671 0
3876 6671 0
3873 6672 0
3869 6674 0
3866 6676 0
3863 6678 0
3860 6679 0
3859 6682 0
3859 6685 0
3859 6688 0
3859 6691 0
3859 6694 0
3860 6697 0
3861 6700 0
3861 6703 0
3862 6706 0
3863 6709 0
3864 6712 0
3865 6715 0
3865 6718 0
3866 6721 0
3867 6725 0
3869 6728 0
3870 6731 0
3872 6734 0
3875 6736 0
3878 6738 0
3882 6739 0
3886 6741 0
3891 6742 0
3895 6743 0
3898 6744 0
3901 6745 0
3904 6746 0
3907 6747 0
3910 6749 0
3914 6751 0
3917 6752 0
3920 6753 0
3923 6755 0
3924 6758 0
3925 6762 0
3925 6765 0
3925 6768 0
3924 6771 0
3923 6774 0
3920 6778 0
3917 6782 0
3915 6785 0
3912 6788 0
3909 6791 0
3904 6794 0
3898 6797 0
3893 6800 0
3886 6803 0
3879 6804 0
3873 6805 0
3868 6806 0
3862 6806 0
3857 6806 0
3854 6805 0
3851 6804 0
3851 6801 0
3855 6797 0
3859 6795 0
3863 6794 0
3867 6795 0
3872 6798 0
3878 6800 0
3886 6802 0
3895 6807 0
3906 6811 0
3914 6815 0
3922 6820 0
3928 6825 0
3932 6828 0
3935 6831 0
3938 6835 0
3942 6838 0
3946 6839 0
3950 6840 0
3953 6837 0
3953 6834 0
.PEN_UP
.PEN_DOWN
3883 6599 0
3880 6599 0
3877 6598 0
3881 6599 0
3886 6600 0
3894 6600 0
3907 6599 0
3925 6597 0
3949 6595 0
3973 6593 0
3994 6591 0
4012 6589 0
4028 6588 0
4040 6587 0
4052 6587 0
.PEN_UP
