.VERSION 1.0 
.HIERARCHY CHARACTER
.COORD X Y T
.SEGMENT CHARACTER 0-2 OK "77"
.H_LINE 6249 7124
.V_LINE 3500 4250
.X_DIM 750
.Y_DIM 875
.X_POINTS_PER_INCH 1000
.Y_POINTS_PER_INCH 1000
.POINTS_PER_SECOND 125
.COMMENT CALIB X: 90 Y: -115

.WRITER_INFO
 Name: PRAKASH VARMA
 WriterId: 14
 Hand: right
 EducationLevel: post graduate
 Gender: male
 Profession: student
 Region: vizayanagaram
 Age: 25
 DeviceType: digimemo a402
 SkillDevice: average
 Language: hindi
 Script: indic
 Native: false
 Style: discrete
 UsageFreq: once a month
 Proficiency: good
 Date: 2007-6-12
 WritingInProfession: can't say

.PEN_DOWN
3769 6531 0
3762 6532 0
3757 6532 0
3754 6532 0
3751 6530 0
3748 6529 0
3752 6527 0
3761 6525 0
3775 6524 0
3792 6524 0
3814 6523 0
3836 6522 0
3857 6521 0
3878 6521 0
3899 6520 0
3917 6520 0
3932 6520 0
3940 6520 0
3943 6520 0
3940 6520 0
3933 6521 0
3924 6525 0
3917 6526 0
.PEN_UP
.PEN_DOWN
3911 6608 0
3899 6608 0
3893 6608 0
3890 6608 0
3890 6608 0
.PEN_UP
.PEN_DOWN
3908 6608 0
3897 6608 0
3892 6608 0
3889 6609 0
3891 6612 0
3894 6613 0
3897 6613 0
3900 6612 0
3903 6610 0
3904 6607 0
3905 6604 0
3905 6601 0
3902 6598 0
3899 6596 0
3895 6594 0
3891 6593 0
3888 6592 0
3885 6592 0
3882 6592 0
3879 6592 0
3876 6592 0
3873 6593 0
3870 6594 0
3867 6597 0
3864 6599 0
3861 6602 0
3859 6605 0
3857 6608 0
3855 6612 0
3853 6617 0
3851 6621 0
3850 6624 0
3850 6627 0
3850 6631 0
3850 6634 0
3851 6638 0
3852 6641 0
3854 6644 0
3856 6647 0
3858 6650 0
3860 6654 0
3863 6657 0
3866 6660 0
3870 6662 0
3874 6664 0
3879 6665 0
3885 6665 0
3892 6666 0
3898 6666 0
3903 6666 0
3907 6666 0
3910 6665 0
3906 6666 0
3903 6667 0
3900 6668 0
3897 6669 0
3894 6672 0
3892 6676 0
3889 6681 0
3886 6687 0
3883 6691 0
3881 6695 0
3879 6698 0
3878 6701 0
3877 6704 0
3877 6707 0
3877 6711 0
3876 6716 0
3876 6720 0
3875 6724 0
3875 6727 0
3875 6730 0
3875 6733 0
3876 6736 0
3877 6739 0
3878 6742 0
3880 6745 0
3882 6748 0
3885 6751 0
3888 6753 0
3891 6754 0
3894 6756 0
3898 6758 0
3903 6760 0
3908 6761 0
3913 6762 0
3918 6763 0
3922 6763 0
3927 6762 0
3934 6760 0
3943 6758 0
3951 6756 0
3959 6753 0
3966 6750 0
3973 6746 0
3980 6743 0
3985 6740 0
3988 6738 0
3990 6734 0
3992 6729 0
3994 6723 0
3996 6718 0
3998 6714 0
3998 6714 0
.PEN_UP
