.VERSION 1.0 
.HIERARCHY CHARACTER
.COORD X Y T
.SEGMENT CHARACTER 0-2 OK "97"
.H_LINE 2999 3874
.V_LINE 3500 4250
.X_DIM 750
.Y_DIM 874
.X_POINTS_PER_INCH 1000
.Y_POINTS_PER_INCH 1000
.POINTS_PER_SECOND 125
.COMMENT CALIB X: 73 Y: -97

.WRITER_INFO
 Name: PRAKASH VARMA
 WriterId: 14
 Hand: right
 EducationLevel: post graduate
 Gender: male
 Profession: student
 Region: vizayanagaram
 Age: 25
 DeviceType: digimemo a402
 SkillDevice: average
 Language: hindi
 Script: indic
 Native: false
 Style: discrete
 UsageFreq: once a month
 Proficiency: good
 Date: 2007-6-12
 WritingInProfession: can't say

.PEN_DOWN
3910 3323 0
3910 3320 0
3905 3318 0
3902 3317 0
3902 3320 0
3902 3324 0
3904 3330 0
3905 3336 0
3906 3343 0
3908 3351 0
3910 3358 0
3911 3366 0
3912 3375 0
3913 3384 0
3914 3391 0
3915 3396 0
3915 3400 0
3915 3404 0
3913 3401 0
3912 3398 0
3910 3394 0
3908 3391 0
3906 3388 0
3903 3385 0
3898 3382 0
3893 3380 0
3889 3379 0
3884 3377 0
3879 3376 0
3874 3375 0
3870 3374 0
3865 3374 0
3861 3374 0
3856 3375 0
3851 3376 0
3847 3377 0
3844 3379 0
3841 3381 0
3837 3384 0
3834 3389 0
3831 3394 0
3829 3397 0
3827 3401 0
3826 3405 0
3824 3412 0
3821 3418 0
3820 3422 0
3819 3426 0
3819 3431 0
3820 3437 0
3821 3444 0
3823 3451 0
3825 3458 0
3826 3463 0
3828 3466 0
3830 3470 0
3833 3474 0
3836 3477 0
3840 3481 0
3844 3483 0
3847 3485 0
3850 3486 0
3854 3487 0
3861 3487 0
3870 3487 0
3879 3486 0
3890 3484 0
3901 3482 0
3912 3481 0
3921 3480 0
3930 3479 0
3938 3479 0
3944 3479 0
3948 3479 0
3947 3476 0
3947 3476 0
.PEN_UP
.PEN_DOWN
3900 3502 0
3892 3500 0
3888 3499 0
3886 3502 0
3885 3505 0
3885 3509 0
3885 3514 0
3886 3519 0
3886 3524 0
3887 3529 0
3887 3533 0
3888 3538 0
3888 3541 0
3888 3545 0
3888 3548 0
3888 3552 0
3888 3558 0
3888 3562 0
3888 3565 0
3885 3564 0
3882 3562 0
3879 3561 0
3876 3560 0
3873 3560 0
3869 3561 0
3864 3562 0
3858 3563 0
3853 3564 0
3849 3566 0
3846 3568 0
3843 3570 0
3839 3575 0
3835 3579 0
3831 3583 0
3827 3588 0
3825 3593 0
3823 3598 0
3821 3603 0
3820 3607 0
3819 3610 0
3819 3613 0
3819 3616 0
3820 3619 0
3821 3623 0
3823 3627 0
3825 3631 0
3827 3634 0
3830 3638 0
3835 3642 0
3842 3645 0
3854 3646 0
3867 3644 0
3883 3642 0
3898 3639 0
3914 3634 0
3931 3630 0
3947 3620 0
.PEN_UP
.PEN_DOWN
3854 3321 0
3851 3321 0
3848 3320 0
3845 3319 0
3842 3318 0
3839 3317 0
3842 3317 0
3847 3317 0
3858 3317 0
3876 3317 0
3895 3319 0
3920 3319 0
3950 3320 0
3983 3316 0
4016 3317 0
.PEN_UP
