.VERSION 1.0 
.HIERARCHY CHARACTER
.COORD X Y T
.SEGMENT CHARACTER 0-4 OK "105"
.H_LINE 6249 7124
.V_LINE 499 1250
.X_DIM 750
.Y_DIM 875
.X_POINTS_PER_INCH 1000
.Y_POINTS_PER_INCH 1000
.POINTS_PER_SECOND 125
.COMMENT CALIB X: 94 Y: -120

.WRITER_INFO
 Name: PRAKASH VARMA
 WriterId: 14
 Hand: right
 EducationLevel: post graduate
 Gender: male
 Profession: student
 Region: vizayanagaram
 Age: 25
 DeviceType: digimemo a402
 SkillDevice: average
 Language: hindi
 Script: indic
 Native: false
 Style: discrete
 UsageFreq: once a month
 Proficiency: good
 Date: 2007-6-12
 WritingInProfession: can't say

.PEN_DOWN
844 6450 0
844 6447 0
843 6444 0
842 6441 0
841 6438 0
841 6442 0
842 6449 0
843 6457 0
844 6467 0
845 6475 0
846 6484 0
847 6493 0
848 6502 0
849 6511 0
849 6520 0
850 6527 0
850 6533 0
850 6537 0
850 6540 0
850 6537 0
849 6534 0
849 6531 0
848 6527 0
847 6524 0
845 6521 0
841 6519 0
838 6518 0
834 6518 0
828 6519 0
820 6520 0
812 6521 0
806 6523 0
801 6524 0
796 6526 0
791 6529 0
787 6533 0
784 6535 0
782 6538 0
778 6543 0
776 6546 0
775 6550 0
774 6553 0
774 6556 0
774 6560 0
775 6563 0
776 6566 0
778 6570 0
780 6573 0
783 6575 0
786 6578 0
790 6581 0
795 6583 0
801 6585 0
808 6586 0
815 6587 0
821 6588 0
827 6589 0
833 6590 0
837 6591 0
841 6592 0
845 6593 0
848 6594 0
852 6595 0
856 6596 0
859 6597 0
862 6598 0
865 6599 0
868 6599 0
871 6601 0
876 6601 0
882 6601 0
886 6601 0
890 6602 0
895 6603 0
899 6603 0
902 6604 0
905 6605 0
908 6605 0
905 6605 0
902 6605 0
899 6604 0
896 6603 0
893 6602 0
890 6601 0
887 6601 0
884 6600 0
881 6599 0
876 6599 0
870 6598 0
863 6597 0
858 6596 0
854 6596 0
851 6595 0
848 6595 0
845 6594 0
841 6594 0
838 6593 0
835 6593 0
832 6593 0
829 6595 0
827 6599 0
824 6603 0
821 6606 0
820 6609 0
819 6612 0
819 6615 0
820 6619 0
820 6624 0
822 6629 0
824 6633 0
826 6638 0
828 6643 0
830 6649 0
833 6655 0
835 6661 0
838 6668 0
841 6676 0
845 6684 0
849 6692 0
854 6700 0
859 6709 0
864 6716 0
871 6723 0
878 6729 0
884 6735 0
892 6741 0
900 6746 0
909 6750 0
917 6754 0
926 6758 0
935 6761 0
943 6763 0
950 6765 0
957 6766 0
962 6768 0
965 6769 0
963 6766 0
963 6766 0
.PEN_UP
.PEN_DOWN
1004 6472 0
1004 6469 0
1005 6466 0
1008 6464 0
1010 6461 0
1009 6466 0
1009 6472 0
1009 6479 0
1009 6486 0
1010 6491 0
1010 6497 0
1010 6506 0
1010 6516 0
1009 6525 0
1008 6532 0
1007 6539 0
1007 6546 0
1006 6551 0
1006 6555 0
1005 6560 0
1004 6564 0
1003 6568 0
1002 6571 0
1002 6574 0
1001 6577 0
1000 6580 0
999 6583 0
997 6586 0
996 6589 0
992 6593 0
988 6596 0
984 6599 0
979 6601 0
976 6603 0
973 6605 0
970 6606 0
967 6606 0
964 6606 0
961 6606 0
958 6605 0
952 6604 0
944 6604 0
935 6603 0
927 6602 0
921 6601 0
916 6600 0
912 6599 0
914 6596 0
917 6594 0
922 6592 0
929 6591 0
940 6589 0
952 6588 0
964 6588 0
979 6587 0
995 6586 0
1009 6587 0
1022 6587 0
1034 6588 0
1045 6589 0
1055 6589 0
1063 6589 0
1070 6590 0
1077 6589 0
1081 6589 0
1085 6589 0
1089 6588 0
1092 6587 0
1095 6586 0
1098 6585 0
1101 6585 0
1104 6584 0
1105 6581 0
1106 6578 0
1108 6575 0
1109 6572 0
1108 6569 0
1107 6566 0
1108 6562 0
1107 6558 0
1107 6553 0
1107 6547 0
1107 6543 0
1107 6538 0
1107 6533 0
1107 6528 0
1107 6524 0
1108 6521 0
1107 6526 0
1107 6532 0
1107 6539 0
1106 6547 0
1106 6554 0
1105 6564 0
1105 6575 0
1105 6585 0
1105 6595 0
1105 6605 0
1105 6616 0
1105 6627 0
1105 6636 0
1106 6643 0
1106 6651 0
1106 6657 0
1106 6661 0
1105 6664 0
1103 6659 0
1101 6647 0
.PEN_UP
.PEN_DOWN
764 6431 0
761 6431 0
756 6431 0
753 6430 0
750 6429 0
757 6428 0
766 6427 0
776 6425 0
793 6423 0
815 6420 0
835 6418 0
858 6417 0
886 6416 0
922 6415 0
968 6415 0
1018 6414 0
1061 6413 0
1096 6412 0
1125 6411 0
1148 6410 0
1168 6409 0
1184 6408 0
1193 6407 0
1197 6407 0
1195 6410 0
1191 6412 0
.PEN_UP
.PEN_DOWN
1114 6454 0
1114 6458 0
1115 6463 0
1115 6469 0
1116 6476 0
1116 6486 0
1116 6499 0
1114 6514 0
1112 6529 0
1109 6543 0
1116 6553 0
.PEN_UP
.PEN_DOWN
1036 6441 0
1036 6448 0
1036 6458 0
1036 6468 0
1036 6478 0
1031 6488 0
.PEN_UP
