.VERSION 1.0 
.HIERARCHY CHARACTER
.COORD X Y T
.SEGMENT CHARACTER 0-2 OK "108"
.H_LINE 6249 7124
.V_LINE 5000 5750
.X_DIM 750
.Y_DIM 875
.X_POINTS_PER_INCH 1000
.Y_POINTS_PER_INCH 1000
.POINTS_PER_SECOND 125
.COMMENT CALIB X: 86 Y: -88

.WRITER_INFO
 Name: PRAKASH VARMA
 WriterId: 14
 Hand: right
 EducationLevel: post graduate
 Gender: male
 Profession: student
 Region: vizayanagaram
 Age: 25
 DeviceType: digimemo a402
 SkillDevice: average
 Language: hindi
 Script: indic
 Native: false
 Style: discrete
 UsageFreq: once a month
 Proficiency: good
 Date: 2007-6-12
 WritingInProfession: can't say

.PEN_DOWN
5307 6519 0
5302 6518 0
5299 6517 0
5304 6518 0
5309 6518 0
5317 6517 0
5327 6516 0
5338 6514 0
5354 6512 0
5372 6511 0
5393 6510 0
5412 6510 0
5426 6510 0
5437 6510 0
5443 6510 0
5446 6510 0
5443 6510 0
5440 6510 0
5437 6511 0
5434 6515 0
.PEN_UP
.PEN_DOWN
5381 6515 0
5378 6514 0
5378 6517 0
5379 6521 0
5379 6526 0
5380 6534 0
5381 6546 0
5382 6558 0
5383 6567 0
5383 6575 0
5384 6583 0
5385 6590 0
5385 6595 0
5386 6600 0
5386 6604 0
5386 6607 0
5386 6604 0
5385 6601 0
5384 6598 0
5381 6595 0
5377 6593 0
5373 6591 0
5370 6590 0
5366 6590 0
5363 6590 0
5360 6590 0
5357 6590 0
5351 6591 0
5346 6592 0
5343 6593 0
5340 6594 0
5337 6597 0
5333 6600 0
5330 6603 0
5327 6606 0
5325 6609 0
5323 6613 0
5321 6616 0
5320 6620 0
5319 6625 0
5318 6630 0
5318 6634 0
5318 6639 0
5319 6643 0
5320 6647 0
5322 6652 0
5324 6656 0
5326 6660 0
5328 6663 0
5331 6666 0
5334 6669 0
5337 6672 0
5340 6674 0
5343 6676 0
5346 6678 0
5349 6680 0
5352 6682 0
5355 6682 0
5358 6682 0
5361 6682 0
5365 6680 0
5369 6678 0
5373 6676 0
5376 6675 0
5379 6674 0
5382 6671 0
5387 6668 0
5392 6666 0
5397 6664 0
5400 6663 0
5403 6663 0
5406 6662 0
5409 6660 0
5412 6659 0
5415 6658 0
5419 6657 0
5423 6657 0
5427 6657 0
5432 6656 0
5436 6656 0
5439 6656 0
5442 6656 0
5445 6656 0
5449 6657 0
5453 6657 0
5457 6657 0
5460 6657 0
5463 6658 0
5467 6658 0
5471 6659 0
5474 6659 0
5479 6659 0
5484 6659 0
5488 6659 0
5491 6660 0
5494 6663 0
5496 6666 0
5497 6669 0
5498 6673 0
5498 6676 0
5498 6679 0
5498 6683 0
5497 6687 0
5496 6691 0
5494 6695 0
5492 6699 0
5490 6705 0
5487 6709 0
5484 6714 0
5480 6718 0
5476 6722 0
5472 6725 0
5469 6728 0
5466 6731 0
5464 6734 0
5463 6737 0
5462 6741 0
5461 6745 0
5460 6748 0
5459 6751 0
5458 6754 0
5458 6757 0
5458 6761 0
5458 6764 0
5458 6767 0
5459 6770 0
5460 6773 0
5461 6776 0
5462 6779 0
5464 6782 0
5466 6785 0
5470 6789 0
5474 6792 0
5480 6794 0
5486 6796 0
5491 6797 0
5496 6798 0
5503 6798 0
5512 6798 0
5522 6797 0
5534 6795 0
5547 6792 0
5560 6788 0
5572 6784 0
5582 6781 0
5588 6778 0
5592 6776 0
5594 6772 0
5595 6768 0
5596 6765 0
5595 6762 0
5595 6762 0
.PEN_UP
.PEN_DOWN
5345 6702 0
5342 6709 0
5337 6718 0
5332 6731 0
5327 6744 0
5322 6758 0
5319 6775 0
5317 6793 0
5317 6810 0
5319 6826 0
5324 6841 0
5330 6859 0
5337 6877 0
5346 6897 0
5356 6915 0
5368 6929 0
5382 6939 0
5398 6946 0
5413 6947 0
.PEN_UP
