.VERSION 1.0 
.HIERARCHY CHARACTER
.COORD X Y T
.SEGMENT CHARACTER 0-2 OK "4"
.H_LINE 1374 2249
.V_LINE 6500 7250
.X_DIM 750
.Y_DIM 874
.X_POINTS_PER_INCH 1000
.Y_POINTS_PER_INCH 1000
.POINTS_PER_SECOND 125
.COMMENT CALIB X: 44 Y: -90

.WRITER_INFO
 Name: M SAI RAGHU RAM
 WriterId: 54
 Hand: right
 EducationLevel: college graduate
 Gender: male
 Profession: student
 Region: hyderabad
 Age: 20
 DeviceType: digimemo a402
 SkillDevice: average
 Language: hindi
 Script: indic
 Native: false
 Style: discrete
 UsageFreq: once a week
 Proficiency: good
 Date: 2007-6-22
 WritingInProfession: no

.PEN_DOWN
6830 1723 0
6830 1719 0
6832 1715 0
6834 1712 0
6838 1710 0
6843 1709 0
6849 1710 0
6857 1711 0
6866 1713 0
6874 1714 0
6880 1715 0
6884 1716 0
6879 1717 0
6871 1719 0
6860 1722 0
6849 1727 0
6837 1733 0
6828 1739 0
6822 1745 0
6817 1750 0
6814 1754 0
6812 1757 0
6812 1760 0
6814 1764 0
6817 1768 0
6824 1772 0
6835 1776 0
6849 1782 0
6865 1788 0
6877 1792 0
6885 1797 0
6890 1803 0
6892 1809 0
6892 1817 0
6889 1825 0
6885 1832 0
6877 1841 0
6865 1851 0
6852 1858 0
6838 1865 0
6822 1870 0
6809 1871 0
6800 1868 0
6794 1863 0
6790 1855 0
6788 1848 0
6787 1843 0
6788 1836 0
6792 1832 0
6796 1829 0
6800 1826 0
6806 1825 0
6815 1826 0
6823 1829 0
6831 1833 0
6837 1837 0
6841 1843 0
6846 1853 0
6852 1860 0
6857 1869 0
6861 1878 0
6866 1885 0
6871 1891 0
6876 1895 0
6883 1891 0
.PEN_UP
.PEN_DOWN
6866 1659 0
6863 1648 0
6859 1632 0
6857 1617 0
6857 1603 0
6859 1592 0
6864 1585 0
6871 1579 0
6878 1576 0
6889 1575 0
6906 1576 0
6927 1578 0
6947 1582 0
6966 1589 0
6979 1598 0
6988 1610 0
6991 1624 0
.PEN_UP
.PEN_DOWN
6800 1736 0
6805 1735 0
6818 1732 0
6838 1727 0
6864 1723 0
6894 1720 0
6928 1715 0
6958 1706 0
.PEN_UP
