.VERSION 1.0 
.HIERARCHY CHARACTER
.COORD X Y T
.SEGMENT CHARACTER 0-1 OK "102"
.H_LINE 4624 5499
.V_LINE 3500 4250
.X_DIM 750
.Y_DIM 874
.X_POINTS_PER_INCH 1000
.Y_POINTS_PER_INCH 1000
.POINTS_PER_SECOND 125
.COMMENT CALIB X: -23 Y: -40

.WRITER_INFO
 Name: M SAI RAGHU RAM
 WriterId: 54
 Hand: right
 EducationLevel: college graduate
 Gender: male
 Profession: student
 Region: hyderabad
 Age: 20
 DeviceType: digimemo a402
 SkillDevice: average
 Language: hindi
 Script: indic
 Native: false
 Style: discrete
 UsageFreq: once a week
 Proficiency: good
 Date: 2007-6-22
 WritingInProfession: no

.PEN_DOWN
3821 5073 0
3821 5076 0
3825 5080 0
3832 5086 0
3841 5092 0
3853 5099 0
3865 5105 0
3874 5110 0
3882 5113 0
3888 5116 0
3892 5118 0
3888 5117 0
3882 5117 0
3874 5117 0
3865 5118 0
3854 5120 0
3841 5124 0
3829 5129 0
3818 5133 0
3811 5137 0
3806 5143 0
3801 5152 0
3797 5160 0
3796 5172 0
3796 5184 0
3798 5195 0
3801 5203 0
3806 5210 0
3812 5216 0
3821 5220 0
3834 5221 0
3848 5220 0
3864 5216 0
3878 5211 0
3890 5204 0
3899 5196 0
3906 5187 0
3911 5179 0
3914 5173 0
3915 5169 0
3911 5170 0
3906 5173 0
3900 5180 0
3893 5190 0
3887 5202 0
3882 5217 0
3877 5233 0
3873 5251 0
3873 5268 0
3876 5284 0
3881 5299 0
3889 5310 0
3898 5319 0
3911 5324 0
.PEN_UP
.PEN_DOWN
3745 5265 0
3749 5262 0
3752 5258 0
3756 5253 0
3760 5248 0
3763 5242 0
3766 5235 0
3767 5231 0
3767 5228 0
3763 5228 0
3759 5229 0
3755 5233 0
3751 5239 0
3747 5247 0
3743 5257 0
3740 5265 0
3739 5273 0
3738 5281 0
3738 5289 0
3738 5296 0
3739 5301 0
3742 5305 0
3746 5307 0
3751 5306 0
3758 5304 0
3765 5300 0
3770 5296 0
3775 5291 0
3777 5287 0
3779 5284 0
3779 5287 0
3779 5291 0
3779 5296 0
3781 5301 0
3783 5306 0
3786 5310 0
3790 5313 0
3795 5316 0
3804 5316 0
3816 5314 0
3831 5309 0
3845 5302 0
3860 5293 0
3872 5283 0
3880 5272 0
3887 5260 0
3894 5249 0
.PEN_UP
