.VERSION 1.0 
.HIERARCHY CHARACTER
.COORD X Y T
.SEGMENT CHARACTER 0-2 OK "104"
.H_LINE 4624 5499
.V_LINE 6500 7250
.X_DIM 750
.Y_DIM 874
.X_POINTS_PER_INCH 1000
.Y_POINTS_PER_INCH 1000
.POINTS_PER_SECOND 125
.COMMENT CALIB X: 19 Y: -42

.WRITER_INFO
 Name: M SAI RAGHU RAM
 WriterId: 54
 Hand: right
 EducationLevel: college graduate
 Gender: male
 Profession: student
 Region: hyderabad
 Age: 20
 DeviceType: digimemo a402
 SkillDevice: average
 Language: hindi
 Script: indic
 Native: false
 Style: discrete
 UsageFreq: once a week
 Proficiency: good
 Date: 2007-6-22
 WritingInProfession: no

.PEN_DOWN
6791 5265 0
6792 5261 0
6795 5255 0
6800 5248 0
6807 5240 0
6814 5231 0
6821 5222 0
6830 5213 0
6839 5205 0
6847 5199 0
6852 5193 0
6857 5188 0
6861 5185 0
6864 5184 0
6861 5185 0
6857 5187 0
6852 5188 0
6845 5188 0
6837 5187 0
6828 5185 0
6816 5181 0
6804 5176 0
6791 5168 0
6782 5160 0
6775 5151 0
6769 5144 0
6765 5135 0
6764 5127 0
6764 5121 0
6766 5115 0
6770 5108 0
6774 5103 0
6780 5100 0
6786 5098 0
6792 5098 0
6797 5099 0
6801 5102 0
6803 5107 0
6805 5112 0
6806 5118 0
6806 5126 0
6803 5134 0
6799 5143 0
6794 5155 0
6784 5169 0
6774 5182 0
6763 5194 0
6750 5205 0
6738 5212 0
6727 5217 0
6718 5218 0
6712 5217 0
6709 5213 0
6708 5205 0
6713 5195 0
.PEN_UP
.PEN_DOWN
6895 5095 0
6894 5090 0
6894 5087 0
6892 5092 0
6891 5099 0
6890 5108 0
6890 5118 0
6890 5129 0
6890 5143 0
6889 5158 0
6888 5175 0
6887 5193 0
6886 5210 0
6886 5225 0
6886 5237 0
6886 5246 0
6886 5251 0
6886 5251 0
.PEN_UP
.PEN_DOWN
6820 5074 0
6825 5077 0
6835 5078 0
6849 5078 0
6870 5078 0
6893 5077 0
6920 5075 0
6950 5067 0
6979 5059 0
.PEN_UP
