376.0,213.0
376.0,215.0
376.0,219.0
377.0,223.0
377.0,225.0
377.0,229.0
377.0,231.0
377.0,234.0
378.0,237.0
378.0,240.0
379.0,244.0
379.0,248.0
379.0,250.0
379.0,252.0
379.0,255.0
379.0,257.0
379.0,259.0
376.0,256.0
375.0,253.0
373.0,251.0
371.0,250.0
369.0,249.0
366.0,250.0
364.0,251.0
361.0,252.0
360.0,255.0
357.0,257.0
355.0,261.0
352.0,264.0
350.0,265.0
347.0,266.0
345.0,268.0
341.0,268.0
338.0,265.0
336.0,264.0
333.0,261.0
329.0,258.0
325.0,257.0
323.0,256.0
320.0,255.0
316.0,253.0
314.0,253.0
312.0,254.0
310.0,256.0
310.0,258.0
308.0,261.0
307.0,263.0
307.0,267.0
307.0,270.0
308.0,272.0
308.0,274.0
310.0,276.0
311.0,278.0
314.0,281.0
316.0,282.0
314.0,278.0
-1.0,-1.0
333.0,208.0
335.0,208.0
338.0,208.0
340.0,208.0
342.0,209.0
346.0,209.0
349.0,209.0
352.0,209.0
355.0,210.0
357.0,210.0
361.0,210.0
363.0,211.0
367.0,211.0
371.0,211.0
375.0,211.0
377.0,211.0
381.0,211.0
383.0,211.0
386.0,211.0
388.0,211.0
390.0,211.0
394.0,211.0
397.0,211.0
399.0,211.0
396.0,208.0
-1.0,-1.0
 
