337.0,77.0
336.0,80.0
336.0,87.0
336.0,92.0
335.0,100.0
335.0,105.0
335.0,113.0
335.0,118.0
335.0,124.0
335.0,127.0
335.0,132.0
335.0,135.0
335.0,141.0
335.0,145.0
335.0,149.0
335.0,152.0
335.0,155.0
335.0,158.0
335.0,159.0
335.0,160.0
335.0,161.0
335.0,164.0
335.0,165.0
335.0,166.0
335.0,167.0
335.0,168.0
333.0,168.0
333.0,167.0
332.0,165.0
332.0,162.0
332.0,161.0
330.0,158.0
329.0,154.0
327.0,149.0
326.0,147.0
323.0,145.0
323.0,142.0
322.0,141.0
320.0,140.0
319.0,139.0
317.0,139.0
316.0,138.0
315.0,136.0
312.0,136.0
310.0,135.0
307.0,135.0
306.0,135.0
303.0,135.0
300.0,135.0
296.0,135.0
293.0,135.0
289.0,135.0
286.0,135.0
284.0,135.0
281.0,135.0
279.0,136.0
278.0,136.0
277.0,138.0
275.0,138.0
275.0,139.0
274.0,140.0
274.0,141.0
272.0,143.0
272.0,146.0
272.0,148.0
271.0,152.0
271.0,154.0
271.0,156.0
271.0,157.0
269.0,160.0
269.0,161.0
268.0,161.0
265.0,161.0
264.0,161.0
261.0,161.0
258.0,161.0
253.0,160.0
248.0,159.0
243.0,156.0
240.0,155.0
237.0,154.0
234.0,153.0
230.0,152.0
226.0,150.0
222.0,149.0
217.0,148.0
215.0,147.0
210.0,146.0
208.0,145.0
203.0,145.0
201.0,143.0
196.0,143.0
195.0,143.0
193.0,143.0
192.0,145.0
191.0,146.0
191.0,148.0
189.0,150.0
188.0,153.0
186.0,156.0
186.0,159.0
185.0,162.0
185.0,165.0
184.0,168.0
184.0,170.0
182.0,173.0
182.0,175.0
182.0,177.0
182.0,179.0
182.0,181.0
184.0,182.0
186.0,186.0
191.0,189.0
198.0,194.0
205.0,198.0
215.0,203.0
221.0,204.0
223.0,204.0
226.0,204.0
229.0,205.0
231.0,205.0
233.0,205.0
235.0,205.0
236.0,205.0
238.0,205.0
238.0,204.0
-1.0,-1.0
250.0,75.0
253.0,75.0
259.0,75.0
262.0,75.0
267.0,75.0
271.0,75.0
278.0,75.0
283.0,75.0
288.0,74.0
291.0,74.0
297.0,74.0
300.0,74.0
304.0,73.0
307.0,73.0
311.0,73.0
312.0,73.0
316.0,73.0
319.0,71.0
323.0,71.0
326.0,71.0
330.0,71.0
333.0,70.0
338.0,70.0
340.0,70.0
343.0,70.0
346.0,70.0
347.0,70.0
349.0,70.0
352.0,70.0
354.0,70.0
357.0,70.0
361.0,69.0
363.0,69.0
367.0,69.0
368.0,69.0
370.0,69.0
371.0,69.0
374.0,69.0
377.0,69.0
378.0,69.0
380.0,69.0
381.0,69.0
-1.0,-1.0
 
