460.0,195.0
460.0,191.0
460.0,187.0
456.0,181.0
455.0,178.0
449.0,174.0
446.0,172.0
441.0,169.0
438.0,168.0
432.0,168.0
429.0,168.0
428.0,167.0
427.0,167.0
424.0,167.0
421.0,167.0
420.0,167.0
417.0,168.0
415.0,169.0
414.0,171.0
413.0,172.0
411.0,173.0
411.0,175.0
411.0,176.0
411.0,179.0
411.0,180.0
411.0,181.0
411.0,182.0
411.0,185.0
411.0,186.0
411.0,187.0
411.0,188.0
411.0,189.0
410.0,189.0
408.0,188.0
407.0,187.0
404.0,183.0
401.0,182.0
397.0,180.0
394.0,178.0
390.0,176.0
387.0,175.0
384.0,175.0
382.0,175.0
377.0,174.0
374.0,174.0
373.0,174.0
372.0,174.0
369.0,174.0
366.0,174.0
365.0,174.0
362.0,175.0
359.0,176.0
356.0,179.0
355.0,181.0
352.0,185.0
351.0,187.0
349.0,191.0
349.0,193.0
348.0,196.0
348.0,199.0
348.0,201.0
348.0,203.0
348.0,206.0
348.0,208.0
351.0,213.0
353.0,215.0
358.0,219.0
360.0,220.0
363.0,222.0
366.0,223.0
370.0,226.0
372.0,227.0
373.0,227.0
376.0,228.0
379.0,229.0
382.0,230.0
384.0,230.0
387.0,230.0
389.0,230.0
390.0,230.0
391.0,230.0
393.0,230.0
-1.0,-1.0
383.0,126.0
383.0,130.0
383.0,132.0
383.0,135.0
383.0,138.0
383.0,141.0
383.0,142.0
383.0,145.0
383.0,146.0
383.0,147.0
383.0,148.0
383.0,149.0
383.0,151.0
383.0,152.0
383.0,153.0
383.0,154.0
383.0,155.0
383.0,156.0
383.0,158.0
383.0,159.0
383.0,160.0
383.0,161.0
383.0,162.0
383.0,164.0
383.0,165.0
383.0,166.0
383.0,167.0
383.0,169.0
383.0,171.0
383.0,172.0
383.0,173.0
383.0,174.0
383.0,175.0
383.0,176.0
383.0,178.0
383.0,179.0
-1.0,-1.0
323.0,127.0
327.0,127.0
335.0,127.0
341.0,127.0
352.0,127.0
361.0,127.0
373.0,127.0
378.0,127.0
385.0,125.0
388.0,125.0
394.0,125.0
397.0,125.0
401.0,125.0
402.0,125.0
405.0,125.0
406.0,125.0
408.0,125.0
409.0,125.0
411.0,125.0
412.0,125.0
413.0,125.0
415.0,125.0
416.0,125.0
418.0,125.0
419.0,125.0
420.0,125.0
422.0,125.0
423.0,125.0
426.0,125.0
428.0,125.0
429.0,125.0
430.0,125.0
432.0,125.0
433.0,125.0
435.0,125.0
433.0,125.0
433.0,127.0
432.0,127.0
430.0,127.0
429.0,127.0
429.0,128.0
428.0,128.0
428.0,129.0
428.0,130.0
426.0,130.0
425.0,131.0
-1.0,-1.0
 
242.0,257.0
241.0,255.0
239.0,252.0
238.0,250.0
236.0,241.0
233.0,228.0
230.0,210.0
228.0,204.0
228.0,192.0
228.0,184.0
228.0,175.0
230.0,171.0
233.0,164.0
235.0,160.0
238.0,156.0
239.0,155.0
242.0,153.0
243.0,151.0
245.0,150.0
246.0,150.0
247.0,150.0
249.0,150.0
252.0,149.0
254.0,149.0
256.0,149.0
257.0,149.0
259.0,150.0
260.0,151.0
261.0,151.0
263.0,153.0
264.0,154.0
264.0,155.0
-1.0,-1.0
 
 
 
