317.0,228.0
317.0,231.0
317.0,233.0
317.0,237.0
318.0,242.0
318.0,245.0
318.0,247.0
318.0,249.0
318.0,252.0
318.0,254.0
318.0,256.0
318.0,259.0
319.0,261.0
319.0,263.0
319.0,266.0
319.0,268.0
319.0,270.0
319.0,272.0
320.0,276.0
320.0,280.0
320.0,284.0
320.0,286.0
320.0,289.0
320.0,291.0
321.0,288.0
321.0,286.0
321.0,283.0
322.0,281.0
322.0,277.0
322.0,275.0
322.0,273.0
320.0,269.0
319.0,265.0
319.0,262.0
317.0,260.0
316.0,257.0
315.0,255.0
312.0,252.0
310.0,251.0
307.0,251.0
305.0,252.0
301.0,253.0
299.0,254.0
296.0,256.0
294.0,258.0
294.0,260.0
294.0,263.0
294.0,267.0
295.0,269.0
297.0,283.0
298.0,287.0
301.0,288.0
302.0,284.0
303.0,280.0
303.0,277.0
303.0,275.0
301.0,273.0
300.0,269.0
299.0,266.0
297.0,264.0
296.0,261.0
292.0,258.0
290.0,257.0
286.0,257.0
284.0,257.0
280.0,257.0
277.0,258.0
276.0,260.0
274.0,261.0
274.0,264.0
272.0,266.0
271.0,270.0
271.0,272.0
271.0,275.0
271.0,279.0
271.0,282.0
272.0,286.0
273.0,289.0
276.0,293.0
277.0,295.0
280.0,298.0
284.0,301.0
286.0,303.0
289.0,306.0
291.0,307.0
292.0,309.0
295.0,304.0
-1.0,-1.0
285.0,225.0
289.0,225.0
293.0,226.0
295.0,227.0
298.0,227.0
300.0,227.0
304.0,227.0
306.0,227.0
308.0,228.0
311.0,228.0
313.0,228.0
315.0,229.0
319.0,229.0
322.0,229.0
324.0,229.0
326.0,229.0
329.0,230.0
333.0,230.0
336.0,230.0
339.0,230.0
343.0,230.0
345.0,230.0
347.0,228.0
345.0,226.0
-1.0,-1.0
 
