358.0,239.0
357.0,243.0
356.0,245.0
356.0,248.0
356.0,252.0
356.0,255.0
354.0,259.0
353.0,263.0
353.0,267.0
351.0,271.0
351.0,275.0
349.0,279.0
349.0,281.0
349.0,284.0
347.0,286.0
346.0,288.0
345.0,285.0
342.0,284.0
340.0,281.0
336.0,279.0
333.0,279.0
331.0,279.0
329.0,280.0
326.0,282.0
324.0,284.0
324.0,286.0
322.0,288.0
321.0,292.0
318.0,289.0
317.0,286.0
315.0,284.0
312.0,281.0
310.0,280.0
307.0,279.0
305.0,278.0
297.0,278.0
294.0,279.0
288.0,280.0
282.0,282.0
278.0,283.0
276.0,283.0
274.0,283.0
271.0,284.0
270.0,286.0
277.0,288.0
279.0,286.0
-1.0,-1.0
316.0,236.0
318.0,236.0
322.0,237.0
326.0,238.0
328.0,238.0
331.0,238.0
335.0,239.0
337.0,239.0
342.0,239.0
345.0,239.0
348.0,239.0
351.0,239.0
353.0,239.0
357.0,239.0
359.0,239.0
361.0,239.0
364.0,239.0
366.0,239.0
368.0,240.0
372.0,240.0
375.0,240.0
377.0,240.0
374.0,238.0
-1.0,-1.0
 
