.VERSION 1.0 
.HIERARCHY CHARACTER
.COORD X Y T
.SEGMENT CHARACTER 0-1 OK "18"
.H_LINE 6249 7124
.V_LINE 5000 5750
.X_DIM 750
.Y_DIM 875
.X_POINTS_PER_INCH 1000
.Y_POINTS_PER_INCH 1000
.POINTS_PER_SECOND 125
.COMMENT CALIB X: 7 Y: -40

.WRITER_INFO
 Name: LAWA HARI NEPAL
 WriterId: 22
 Hand: right
 EducationLevel: post graduate
 Gender: male
 Profession: student
 Region: darjeeling
 Age: 23
 DeviceType: digimemo a402
 SkillDevice: poor
 Language: hindi
 Script: indic
 Native: true
 Style: discrete
 UsageFreq: rarely
 Proficiency: average
 Date: 2007-6-14
 WritingInProfession: no

.PEN_DOWN
5367 6724 0
5366 6721 0
5364 6718 0
5360 6716 0
5353 6715 0
5344 6716 0
5332 6719 0
5317 6725 0
5302 6732 0
5290 6739 0
5281 6749 0
5273 6763 0
5269 6777 0
5270 6789 0
5274 6801 0
5281 6810 0
5293 6816 0
5308 6821 0
5321 6824 0
5333 6825 0
5344 6825 0
5351 6823 0
5356 6821 0
5358 6818 0
5356 6815 0
5351 6814 0
5343 6815 0
5331 6819 0
5319 6823 0
5309 6829 0
5298 6837 0
5289 6847 0
5283 6858 0
5279 6868 0
5277 6878 0
5277 6888 0
5279 6897 0
5283 6906 0
5290 6913 0
5298 6918 0
5309 6920 0
5324 6919 0
5340 6917 0
5357 6912 0
5375 6906 0
5390 6901 0
5401 6896 0
5408 6891 0
5412 6888 0
5413 6884 0
5410 6882 0
5403 6882 0
5391 6884 0
5376 6887 0
5363 6891 0
5351 6897 0
5339 6906 0
5331 6917 0
5325 6929 0
5320 6943 0
5315 6957 0
5311 6970 0
5308 6981 0
5303 6990 0
5294 6994 0
.PEN_UP
.PEN_DOWN
5251 6695 0
5256 6695 0
5265 6695 0
5277 6696 0
5294 6696 0
5317 6697 0
5343 6698 0
5373 6699 0
5402 6699 0
5428 6697 0
5450 6694 0
5465 6692 0
5474 6690 0
5478 6689 0
5478 6692 0
5478 6692 0
.PEN_UP
