278.0,120.0
279.0,124.0
279.0,129.0
281.0,132.0
282.0,136.0
282.0,139.0
285.0,150.0
287.0,160.0
287.0,172.0
289.0,179.0
289.0,187.0
289.0,193.0
289.0,205.0
289.0,211.0
289.0,219.0
289.0,223.0
286.0,226.0
285.0,227.0
283.0,229.0
280.0,229.0
278.0,230.0
276.0,230.0
272.0,230.0
269.0,230.0
266.0,230.0
264.0,230.0
258.0,229.0
255.0,226.0
247.0,219.0
239.0,210.0
231.0,197.0
224.0,183.0
212.0,157.0
210.0,148.0
207.0,140.0
207.0,139.0
207.0,138.0
207.0,137.0
-1.0,-1.0
281.0,123.0
282.0,123.0
286.0,123.0
291.0,123.0
296.0,122.0
300.0,122.0
303.0,121.0
307.0,121.0
312.0,119.0
319.0,117.0
323.0,115.0
329.0,112.0
330.0,111.0
333.0,110.0
334.0,109.0
337.0,106.0
338.0,105.0
341.0,104.0
344.0,103.0
345.0,101.0
348.0,98.0
348.0,97.0
350.0,96.0
351.0,95.0
354.0,90.0
355.0,87.0
357.0,83.0
358.0,81.0
358.0,77.0
358.0,76.0
358.0,75.0
358.0,74.0
358.0,72.0
358.0,71.0
358.0,70.0
358.0,69.0
357.0,67.0
357.0,64.0
355.0,62.0
354.0,60.0
352.0,58.0
351.0,58.0
350.0,58.0
350.0,60.0
350.0,62.0
350.0,63.0
350.0,65.0
350.0,69.0
350.0,89.0
350.0,109.0
350.0,140.0
350.0,150.0
352.0,171.0
352.0,182.0
352.0,190.0
354.0,197.0
357.0,204.0
359.0,217.0
359.0,224.0
362.0,233.0
362.0,240.0
362.0,243.0
363.0,247.0
363.0,251.0
363.0,253.0
363.0,256.0
363.0,260.0
363.0,261.0
363.0,262.0
363.0,261.0
-1.0,-1.0
272.0,57.0
278.0,57.0
282.0,57.0
292.0,57.0
298.0,57.0
309.0,57.0
313.0,57.0
320.0,57.0
324.0,57.0
330.0,57.0
333.0,57.0
338.0,57.0
341.0,57.0
343.0,57.0
345.0,57.0
347.0,57.0
351.0,57.0
354.0,57.0
357.0,57.0
360.0,57.0
362.0,57.0
364.0,57.0
367.0,57.0
369.0,57.0
372.0,57.0
374.0,57.0
375.0,57.0
376.0,57.0
379.0,57.0
381.0,57.0
383.0,57.0
386.0,57.0
389.0,57.0
392.0,57.0
395.0,57.0
396.0,57.0
399.0,57.0
400.0,57.0
402.0,57.0
403.0,57.0
-1.0,-1.0
380.0,218.0
380.0,220.0
382.0,220.0
-1.0,-1.0
390.0,234.0
390.0,235.0
390.0,236.0
-1.0,-1.0
 
