275.0,174.0
276.0,174.0
278.0,174.0
280.0,176.0
282.0,177.0
285.0,178.0
287.0,180.0
289.0,180.0
290.0,183.0
292.0,183.0
293.0,185.0
294.0,186.0
294.0,187.0
296.0,190.0
296.0,191.0
297.0,194.0
297.0,195.0
299.0,199.0
299.0,200.0
299.0,203.0
299.0,204.0
299.0,206.0
299.0,208.0
299.0,211.0
299.0,213.0
296.0,219.0
294.0,221.0
292.0,224.0
290.0,226.0
286.0,228.0
285.0,230.0
280.0,231.0
279.0,232.0
275.0,232.0
271.0,233.0
266.0,233.0
262.0,233.0
256.0,233.0
252.0,233.0
247.0,233.0
244.0,232.0
238.0,230.0
235.0,227.0
230.0,225.0
227.0,222.0
224.0,220.0
221.0,219.0
220.0,217.0
218.0,217.0
217.0,215.0
216.0,214.0
214.0,213.0
213.0,212.0
211.0,210.0
210.0,208.0
209.0,206.0
209.0,205.0
-1.0,-1.0
273.0,177.0
275.0,177.0
278.0,177.0
279.0,177.0
285.0,176.0
287.0,176.0
294.0,176.0
299.0,176.0
304.0,174.0
309.0,174.0
311.0,173.0
313.0,173.0
316.0,173.0
320.0,172.0
323.0,172.0
327.0,171.0
330.0,170.0
331.0,170.0
332.0,168.0
334.0,167.0
337.0,165.0
340.0,164.0
342.0,160.0
344.0,158.0
345.0,156.0
345.0,154.0
347.0,152.0
347.0,151.0
347.0,149.0
347.0,147.0
348.0,145.0
348.0,143.0
348.0,139.0
348.0,137.0
348.0,133.0
348.0,132.0
348.0,130.0
348.0,129.0
348.0,130.0
348.0,131.0
348.0,132.0
347.0,134.0
347.0,137.0
347.0,142.0
347.0,145.0
345.0,153.0
345.0,158.0
345.0,168.0
345.0,178.0
345.0,195.0
345.0,205.0
345.0,218.0
345.0,221.0
345.0,229.0
345.0,235.0
345.0,244.0
347.0,248.0
347.0,254.0
347.0,257.0
347.0,259.0
347.0,260.0
347.0,262.0
347.0,264.0
347.0,265.0
347.0,266.0
347.0,267.0
-1.0,-1.0
261.0,129.0
265.0,129.0
268.0,129.0
274.0,129.0
276.0,129.0
279.0,129.0
283.0,129.0
288.0,129.0
296.0,127.0
302.0,126.0
312.0,125.0
316.0,125.0
326.0,124.0
331.0,123.0
343.0,122.0
348.0,120.0
357.0,120.0
364.0,120.0
374.0,120.0
381.0,120.0
386.0,120.0
388.0,120.0
393.0,120.0
395.0,120.0
398.0,120.0
400.0,120.0
-1.0,-1.0
332.0,358.0
335.0,358.0
338.0,358.0
339.0,358.0
342.0,358.0
343.0,358.0
346.0,358.0
348.0,358.0
-1.0,-1.0
 
