259.0,65.0
257.0,67.0
256.0,69.0
254.0,74.0
253.0,78.0
251.0,86.0
250.0,91.0
247.0,99.0
247.0,104.0
246.0,107.0
246.0,111.0
246.0,115.0
246.0,126.0
246.0,135.0
246.0,146.0
246.0,153.0
246.0,160.0
246.0,164.0
246.0,166.0
246.0,168.0
246.0,172.0
248.0,178.0
251.0,182.0
254.0,187.0
255.0,188.0
258.0,190.0
261.0,191.0
264.0,194.0
267.0,195.0
271.0,196.0
272.0,196.0
277.0,197.0
279.0,197.0
284.0,197.0
286.0,197.0
291.0,197.0
293.0,196.0
298.0,193.0
302.0,189.0
310.0,180.0
316.0,174.0
322.0,168.0
326.0,162.0
330.0,155.0
332.0,151.0
333.0,146.0
335.0,145.0
336.0,141.0
336.0,139.0
336.0,135.0
336.0,133.0
336.0,131.0
335.0,128.0
333.0,126.0
332.0,125.0
329.0,123.0
328.0,123.0
326.0,121.0
325.0,120.0
322.0,119.0
321.0,119.0
319.0,118.0
318.0,118.0
316.0,118.0
315.0,118.0
314.0,117.0
312.0,117.0
311.0,117.0
309.0,117.0
309.0,118.0
309.0,119.0
309.0,120.0
309.0,121.0
312.0,123.0
314.0,123.0
316.0,124.0
318.0,125.0
321.0,125.0
323.0,125.0
328.0,125.0
330.0,125.0
335.0,125.0
338.0,125.0
342.0,125.0
345.0,125.0
350.0,124.0
353.0,123.0
359.0,121.0
360.0,121.0
364.0,120.0
367.0,119.0
371.0,118.0
374.0,117.0
377.0,114.0
380.0,112.0
384.0,110.0
387.0,107.0
388.0,106.0
390.0,105.0
391.0,103.0
392.0,100.0
394.0,99.0
395.0,97.0
395.0,96.0
397.0,94.0
397.0,93.0
397.0,92.0
397.0,91.0
397.0,89.0
397.0,86.0
397.0,84.0
397.0,81.0
397.0,80.0
397.0,79.0
397.0,77.0
397.0,76.0
397.0,74.0
397.0,73.0
397.0,72.0
397.0,71.0
397.0,70.0
397.0,69.0
397.0,67.0
397.0,66.0
397.0,65.0
397.0,64.0
397.0,63.0
397.0,65.0
397.0,66.0
397.0,71.0
397.0,73.0
397.0,80.0
397.0,85.0
397.0,96.0
397.0,105.0
394.0,119.0
394.0,127.0
394.0,137.0
394.0,145.0
394.0,149.0
394.0,153.0
394.0,158.0
394.0,170.0
397.0,178.0
397.0,185.0
397.0,192.0
398.0,195.0
398.0,196.0
398.0,199.0
398.0,201.0
398.0,202.0
398.0,201.0
-1.0,-1.0
334.0,58.0
337.0,58.0
342.0,58.0
345.0,58.0
351.0,58.0
356.0,57.0
363.0,56.0
368.0,56.0
370.0,56.0
375.0,55.0
380.0,55.0
387.0,55.0
393.0,54.0
400.0,54.0
404.0,54.0
410.0,54.0
413.0,54.0
417.0,52.0
418.0,52.0
423.0,52.0
424.0,51.0
427.0,51.0
428.0,51.0
430.0,51.0
432.0,51.0
435.0,51.0
437.0,51.0
438.0,51.0
439.0,51.0
442.0,51.0
444.0,51.0
446.0,51.0
448.0,51.0
449.0,52.0
451.0,52.0
452.0,52.0
454.0,52.0
455.0,52.0
456.0,52.0
458.0,52.0
459.0,52.0
461.0,52.0
462.0,52.0
-1.0,-1.0
 
