406.0,165.0
400.0,165.0
396.0,165.0
388.0,165.0
382.0,166.0
372.0,167.0
367.0,167.0
360.0,169.0
357.0,169.0
353.0,170.0
351.0,170.0
350.0,170.0
348.0,170.0
348.0,171.0
350.0,171.0
351.0,172.0
354.0,173.0
358.0,176.0
362.0,179.0
370.0,183.0
372.0,185.0
375.0,189.0
378.0,191.0
379.0,193.0
379.0,194.0
381.0,197.0
381.0,198.0
381.0,199.0
381.0,200.0
381.0,201.0
381.0,203.0
378.0,204.0
377.0,206.0
372.0,208.0
368.0,211.0
361.0,214.0
355.0,217.0
344.0,219.0
339.0,220.0
333.0,221.0
330.0,221.0
325.0,221.0
319.0,221.0
314.0,221.0
307.0,218.0
277.0,203.0
253.0,188.0
229.0,166.0
222.0,155.0
215.0,143.0
209.0,133.0
207.0,126.0
207.0,123.0
205.0,120.0
205.0,119.0
205.0,118.0
205.0,117.0
207.0,117.0
208.0,117.0
-1.0,-1.0
406.0,147.0
406.0,148.0
406.0,149.0
406.0,151.0
406.0,154.0
407.0,158.0
407.0,162.0
409.0,169.0
409.0,173.0
410.0,177.0
410.0,180.0
412.0,182.0
412.0,183.0
412.0,185.0
412.0,187.0
-1.0,-1.0
350.0,140.0
352.0,140.0
358.0,139.0
364.0,139.0
372.0,139.0
378.0,137.0
386.0,137.0
390.0,137.0
397.0,136.0
402.0,136.0
407.0,136.0
412.0,136.0
417.0,136.0
420.0,136.0
424.0,136.0
427.0,136.0
430.0,136.0
431.0,136.0
433.0,136.0
434.0,136.0
-1.0,-1.0
 
