515.0,100.0
511.0,100.0
507.0,100.0
501.0,100.0
497.0,100.0
492.0,100.0
487.0,100.0
483.0,100.0
480.0,100.0
476.0,100.0
473.0,100.0
470.0,100.0
469.0,100.0
466.0,100.0
465.0,100.0
463.0,100.0
462.0,100.0
461.0,100.0
459.0,100.0
458.0,100.0
458.0,101.0
459.0,102.0
462.0,106.0
463.0,107.0
468.0,112.0
469.0,114.0
470.0,116.0
472.0,117.0
473.0,120.0
476.0,123.0
477.0,127.0
479.0,132.0
479.0,134.0
479.0,137.0
479.0,139.0
479.0,142.0
479.0,143.0
479.0,146.0
479.0,147.0
479.0,148.0
479.0,149.0
477.0,149.0
476.0,149.0
475.0,149.0
472.0,150.0
469.0,150.0
465.0,150.0
461.0,150.0
455.0,150.0
451.0,150.0
444.0,150.0
439.0,149.0
428.0,146.0
420.0,142.0
405.0,136.0
402.0,133.0
398.0,130.0
392.0,125.0
388.0,121.0
387.0,118.0
385.0,116.0
384.0,114.0
382.0,113.0
382.0,111.0
382.0,109.0
381.0,108.0
381.0,107.0
379.0,106.0
379.0,104.0
379.0,103.0
-1.0,-1.0
513.0,61.0
513.0,63.0
513.0,68.0
513.0,73.0
513.0,81.0
513.0,85.0
513.0,96.0
513.0,101.0
514.0,107.0
514.0,110.0
514.0,115.0
514.0,118.0
514.0,123.0
514.0,125.0
514.0,129.0
514.0,131.0
514.0,134.0
514.0,135.0
514.0,136.0
514.0,137.0
514.0,138.0
514.0,139.0
514.0,141.0
514.0,142.0
514.0,143.0
514.0,144.0
514.0,145.0
514.0,148.0
514.0,149.0
514.0,150.0
-1.0,-1.0
455.0,54.0
458.0,54.0
462.0,54.0
466.0,54.0
473.0,54.0
477.0,54.0
486.0,53.0
490.0,53.0
497.0,53.0
503.0,51.0
508.0,51.0
511.0,51.0
517.0,51.0
520.0,51.0
522.0,51.0
524.0,51.0
525.0,51.0
527.0,51.0
528.0,51.0
530.0,51.0
531.0,51.0
-1.0,-1.0
 
