403.0,109.0
403.0,111.0
403.0,116.0
403.0,119.0
403.0,125.0
403.0,129.0
403.0,134.0
403.0,138.0
403.0,144.0
403.0,146.0
402.0,150.0
402.0,152.0
402.0,156.0
402.0,158.0
402.0,161.0
402.0,164.0
402.0,166.0
402.0,168.0
402.0,172.0
402.0,176.0
402.0,180.0
402.0,183.0
402.0,185.0
402.0,187.0
402.0,190.0
402.0,191.0
402.0,192.0
402.0,194.0
402.0,195.0
402.0,197.0
402.0,199.0
402.0,200.0
402.0,203.0
402.0,204.0
402.0,205.0
402.0,206.0
402.0,208.0
402.0,210.0
402.0,212.0
402.0,213.0
402.0,215.0
402.0,217.0
402.0,219.0
402.0,220.0
402.0,221.0
402.0,222.0
403.0,222.0
403.0,221.0
403.0,220.0
403.0,219.0
403.0,218.0
403.0,217.0
403.0,214.0
403.0,213.0
403.0,212.0
403.0,211.0
403.0,210.0
403.0,207.0
403.0,206.0
403.0,204.0
403.0,203.0
403.0,201.0
403.0,200.0
402.0,199.0
402.0,198.0
402.0,197.0
400.0,195.0
400.0,194.0
399.0,193.0
399.0,192.0
398.0,191.0
398.0,190.0
396.0,190.0
396.0,188.0
395.0,187.0
393.0,186.0
392.0,184.0
391.0,183.0
391.0,181.0
389.0,180.0
388.0,180.0
388.0,179.0
386.0,179.0
386.0,178.0
385.0,178.0
384.0,178.0
382.0,178.0
379.0,177.0
378.0,177.0
374.0,177.0
372.0,177.0
368.0,177.0
365.0,177.0
362.0,177.0
361.0,177.0
360.0,177.0
358.0,177.0
355.0,178.0
354.0,178.0
353.0,178.0
351.0,178.0
350.0,178.0
348.0,178.0
347.0,178.0
346.0,178.0
344.0,178.0
343.0,178.0
344.0,178.0
346.0,178.0
347.0,178.0
350.0,179.0
351.0,181.0
353.0,184.0
354.0,185.0
354.0,188.0
355.0,190.0
355.0,192.0
355.0,193.0
355.0,195.0
355.0,198.0
355.0,200.0
355.0,201.0
355.0,203.0
355.0,204.0
355.0,206.0
355.0,207.0
354.0,208.0
354.0,210.0
351.0,211.0
348.0,213.0
347.0,215.0
343.0,218.0
341.0,219.0
337.0,221.0
334.0,222.0
331.0,224.0
329.0,225.0
326.0,225.0
323.0,225.0
320.0,225.0
317.0,225.0
312.0,225.0
309.0,225.0
305.0,222.0
302.0,220.0
299.0,219.0
296.0,217.0
293.0,213.0
288.0,207.0
284.0,204.0
278.0,197.0
276.0,191.0
273.0,188.0
272.0,186.0
271.0,183.0
268.0,178.0
266.0,174.0
265.0,170.0
265.0,167.0
264.0,163.0
264.0,160.0
262.0,157.0
262.0,156.0
262.0,154.0
262.0,153.0
262.0,152.0
264.0,152.0
265.0,152.0
-1.0,-1.0
346.0,110.0
349.0,107.0
357.0,105.0
363.0,102.0
374.0,99.0
384.0,97.0
398.0,95.0
403.0,94.0
406.0,92.0
409.0,92.0
415.0,91.0
421.0,91.0
425.0,91.0
429.0,91.0
431.0,91.0
435.0,91.0
436.0,91.0
438.0,91.0
439.0,91.0
440.0,92.0
440.0,93.0
442.0,93.0
442.0,94.0
-1.0,-1.0
445.0,96.0
-1.0,-1.0
449.0,96.0
450.0,96.0
-1.0,-1.0
266.0,147.0
267.0,147.0
-1.0,-1.0
 
