.VERSION 1.0 
.HIERARCHY CHARACTER
.COORD X Y T
.SEGMENT CHARACTER 0-2 OK "16"
.H_LINE 6249 7124
.V_LINE 1999 2749
.X_DIM 749
.Y_DIM 875
.X_POINTS_PER_INCH 1000
.Y_POINTS_PER_INCH 1000
.POINTS_PER_SECOND 125
.COMMENT CALIB X: 2 Y: -122

.WRITER_INFO
 Name: T. V. SIVA KUMAR
 WriterId: 12
 Hand: right
 EducationLevel: post graduate
 Gender: male
 Profession: student
 Region: tanuku
 Age: 23
 DeviceType: digimemo a402
 SkillDevice: average
 Language: hindi
 Script: indic
 Native: false
 Style: discrete
 UsageFreq: rarely
 Proficiency: average
 Date: 2007-6-11
 WritingInProfession: no

.PEN_DOWN
2331 6556 0
2330 6560 0
2330 6564 0
2330 6569 0
2330 6576 0
2330 6581 0
2330 6586 0
2330 6590 0
2330 6594 0
2329 6597 0
2330 6594 0
2327 6593 0
2328 6590 0
2328 6586 0
2328 6581 0
2328 6578 0
2328 6575 0
2328 6579 0
2328 6585 0
2328 6591 0
2329 6600 0
2329 6610 0
2329 6620 0
2329 6628 0
2330 6636 0
2331 6644 0
2332 6651 0
2334 6656 0
2335 6659 0
2332 6654 0
2326 6650 0
2318 6648 0
2308 6647 0
2298 6648 0
2288 6651 0
2279 6655 0
2271 6659 0
2266 6663 0
2263 6668 0
2262 6673 0
2264 6679 0
2267 6685 0
2272 6689 0
2280 6694 0
2290 6698 0
2302 6702 0
2315 6706 0
2328 6711 0
2340 6715 0
2350 6720 0
2357 6727 0
2361 6734 0
2363 6740 0
2364 6746 0
2362 6752 0
2359 6758 0
2353 6763 0
2344 6767 0
2332 6771 0
2317 6776 0
2300 6779 0
2286 6780 0
2272 6781 0
2260 6780 0
2250 6776 0
2244 6758 0
2241 6758 0
.PEN_UP
.PEN_DOWN
2231 6579 0
2236 6578 0
2245 6576 0
2259 6574 0
2278 6571 0
2303 6569 0
2331 6567 0
2362 6564 0
2390 6562 0
2412 6561 0
2425 6560 0
2431 6560 0
2424 6562 0
2415 6564 0
2407 6566 0
2399 6577 0
2402 6577 0
.PEN_UP
.PEN_DOWN
2426 6623 0
2423 6622 0
2425 6619 0
2428 6618 0
2431 6617 0
2434 6617 0
2436 6609 0
.PEN_UP
