.VERSION 1.0 
.HIERARCHY CHARACTER
.COORD X Y T
.SEGMENT CHARACTER 0-2 OK "4"
.H_LINE 1374 2249
.V_LINE 6500 7250
.X_DIM 750
.Y_DIM 874
.X_POINTS_PER_INCH 1000
.Y_POINTS_PER_INCH 1000
.POINTS_PER_SECOND 125
.COMMENT CALIB X: -22 Y: -190

.WRITER_INFO
 Name: SIVARAMARAJU
 WriterId: 6
 Hand: right
 EducationLevel: post graduate
 Gender: male
 Profession: student
 Region: puttaparthi
 Age: 24
 DeviceType: digimemo a402
 SkillDevice: good
 Language: hindi
 Script: indic
 Native: false
 Style: discrete
 UsageFreq: rarely
 Proficiency: average
 Date: 2007-6-11
 WritingInProfession: no

.PEN_DOWN
6776 1750 0
6775 1755 0
6775 1762 0
6775 1773 0
6775 1785 0
6775 1799 0
6774 1813 0
6774 1825 0
6775 1834 0
6776 1841 0
6776 1845 0
6776 1842 0
6776 1836 0
6775 1831 0
6773 1826 0
6766 1823 0
6756 1823 0
6742 1826 0
6728 1831 0
6717 1836 0
6709 1841 0
6703 1847 0
6700 1852 0
6700 1857 0
6704 1862 0
6713 1866 0
6725 1870 0
6738 1874 0
6751 1879 0
6763 1887 0
6774 1894 0
6781 1901 0
6784 1907 0
6785 1915 0
6781 1925 0
6774 1933 0
6764 1941 0
6748 1948 0
6733 1953 0
6716 1958 0
6698 1961 0
6682 1962 0
6670 1963 0
6663 1963 0
6665 1957 0
6672 1952 0
6683 1947 0
6696 1943 0
6707 1941 0
6719 1942 0
6729 1946 0
6738 1952 0
6745 1960 0
6751 1969 0
6757 1979 0
6763 1990 0
6770 2002 0
6777 2014 0
6784 2025 0
6793 2034 0
6801 2039 0
6806 2036 0
6802 2033 0
.PEN_UP
.PEN_DOWN
6779 1726 0
6774 1724 0
6767 1721 0
6761 1716 0
6756 1708 0
6751 1699 0
6748 1689 0
6746 1677 0
6745 1665 0
6747 1655 0
6752 1644 0
6762 1634 0
6777 1627 0
6796 1623 0
6818 1621 0
6838 1621 0
6857 1625 0
6875 1632 0
6891 1641 0
6903 1651 0
6912 1660 0
6918 1669 0
6922 1679 0
6925 1689 0
6925 1698 0
6922 1705 0
6915 1713 0
.PEN_UP
.PEN_DOWN
6690 1758 0
6689 1755 0
6694 1753 0
6703 1750 0
6716 1748 0
6730 1746 0
6748 1744 0
6772 1742 0
6798 1740 0
6823 1738 0
6845 1738 0
6861 1737 0
.PEN_UP
