.VERSION 1.0 
.HIERARCHY CHARACTER
.COORD X Y T
.SEGMENT CHARACTER 0-3 OK "7"
.H_LINE 2999 3874
.V_LINE 3500 4250
.X_DIM 750
.Y_DIM 874
.X_POINTS_PER_INCH 1000
.Y_POINTS_PER_INCH 1000
.POINTS_PER_SECOND 125
.COMMENT CALIB X: -6 Y: -119

.WRITER_INFO
 Name: SIVARAMARAJU
 WriterId: 6
 Hand: right
 EducationLevel: post graduate
 Gender: male
 Profession: student
 Region: puttaparthi
 Age: 24
 DeviceType: digimemo a402
 SkillDevice: good
 Language: hindi
 Script: indic
 Native: false
 Style: discrete
 UsageFreq: rarely
 Proficiency: average
 Date: 2007-6-11
 WritingInProfession: no

.PEN_DOWN
3837 3352 0
3837 3357 0
3838 3366 0
3839 3380 0
3840 3397 0
3840 3417 0
3840 3439 0
3839 3459 0
3838 3476 0
3838 3490 0
3839 3502 0
3840 3512 0
3841 3520 0
3842 3525 0
3844 3528 0
3846 3520 0
3846 3525 0
.PEN_UP
.PEN_DOWN
3677 3451 0
3682 3451 0
3692 3452 0
3707 3453 0
3726 3453 0
3745 3453 0
3766 3453 0
3788 3453 0
3808 3453 0
3827 3453 0
3838 3454 0
3842 3455 0
3843 3458 0
3841 3463 0
3833 3472 0
3816 3484 0
3797 3498 0
3779 3511 0
3760 3525 0
3744 3535 0
3733 3543 0
3727 3541 0
3726 3548 0
.PEN_UP
.PEN_DOWN
3836 3452 0
3840 3451 0
3845 3451 0
3849 3451 0
3852 3451 0
3855 3450 0
3859 3449 0
3864 3447 0
3876 3443 0
3891 3438 0
3907 3431 0
3923 3424 0
3942 3417 0
3959 3409 0
3975 3400 0
3987 3392 0
3997 3383 0
4004 3374 0
4009 3367 0
4011 3360 0
4011 3354 0
4007 3351 0
4001 3351 0
3993 3353 0
3984 3358 0
3973 3365 0
3963 3374 0
3955 3385 0
3949 3396 0
3947 3407 0
3948 3417 0
3950 3426 0
3955 3433 0
3963 3438 0
3971 3441 0
3983 3443 0
3992 3443 0
4000 3442 0
4005 3442 0
4004 3447 0
4002 3454 0
3999 3462 0
3995 3472 0
3990 3481 0
3985 3494 0
3975 3508 0
3968 3517 0
3962 3526 0
3958 3533 0
3954 3539 0
3953 3544 0
.PEN_UP
.PEN_DOWN
3724 3358 0
3721 3358 0
3717 3358 0
3714 3358 0
3720 3356 0
3732 3354 0
3746 3350 0
3762 3345 0
3783 3341 0
3811 3336 0
3842 3331 0
3873 3326 0
3900 3322 0
3919 3319 0
3930 3317 0
3936 3317 0
3936 3317 0
.PEN_UP
