.VERSION 1.0 
.HIERARCHY CHARACTER
.COORD X Y T
.SEGMENT CHARACTER 0-5 OK "11"
.H_LINE 4624 5499
.V_LINE 1999 2749
.X_DIM 749
.Y_DIM 874
.X_POINTS_PER_INCH 1000
.Y_POINTS_PER_INCH 1000
.POINTS_PER_SECOND 125
.COMMENT CALIB X: -7 Y: -122

.WRITER_INFO
 Name: SIVARAMARAJU
 WriterId: 6
 Hand: right
 EducationLevel: post graduate
 Gender: male
 Profession: student
 Region: puttaparthi
 Age: 24
 DeviceType: digimemo a402
 SkillDevice: good
 Language: hindi
 Script: indic
 Native: false
 Style: discrete
 UsageFreq: rarely
 Proficiency: average
 Date: 2007-6-11
 WritingInProfession: no

.PEN_DOWN
2084 5092 0
2082 5089 0
2089 5085 0
2101 5081 0
2117 5077 0
2135 5075 0
2154 5074 0
2171 5074 0
2186 5076 0
2197 5080 0
2204 5085 0
2208 5092 0
2210 5101 0
2208 5111 0
2204 5123 0
2196 5135 0
2186 5145 0
2175 5154 0
2162 5160 0
2152 5163 0
2145 5165 0
2141 5166 0
2144 5162 0
2150 5157 0
2161 5153 0
2173 5150 0
2184 5148 0
2192 5147 0
2198 5149 0
2204 5153 0
2210 5159 0
2213 5167 0
2215 5177 0
2215 5188 0
2213 5198 0
2209 5208 0
2200 5218 0
2187 5226 0
2173 5232 0
2155 5237 0
2135 5241 0
2114 5242 0
2095 5240 0
2078 5235 0
2063 5228 0
2053 5218 0
2033 5207 0
.PEN_UP
.PEN_DOWN
2240 5133 0
2240 5137 0
2238 5140 0
2238 5143 0
2244 5145 0
2251 5145 0
2259 5143 0
2269 5139 0
2279 5134 0
2288 5127 0
2296 5118 0
2303 5107 0
2308 5096 0
2311 5087 0
2313 5079 0
2313 5073 0
2312 5070 0
2309 5074 0
2307 5080 0
2305 5090 0
2304 5104 0
2302 5119 0
2300 5136 0
2298 5151 0
2297 5165 0
2295 5178 0
2295 5187 0
2295 5193 0
2296 5196 0
2296 5196 0
.PEN_UP
.PEN_DOWN
2399 5071 0
2399 5074 0
2399 5078 0
2399 5083 0
2399 5093 0
2399 5104 0
2398 5116 0
2397 5130 0
2395 5144 0
2394 5159 0
2394 5175 0
2393 5188 0
2393 5199 0
2393 5209 0
2393 5216 0
2393 5219 0
2393 5215 0
2391 5208 0
.PEN_UP
.PEN_DOWN
2303 4960 0
2307 4959 0
2311 4960 0
2316 4964 0
2322 4969 0
2326 4975 0
2330 4982 0
2334 4990 0
2338 4998 0
2343 5008 0
2348 5020 0
2354 5030 0
2360 5040 0
2366 5048 0
2374 5055 0
2383 5063 0
2391 5070 0
2396 5075 0
2397 5079 0
2396 5082 0
.PEN_UP
.PEN_DOWN
2400 4927 0
2399 4924 0
2399 4921 0
2399 4924 0
2400 4931 0
2401 4939 0
2402 4949 0
2404 4962 0
2406 4978 0
2408 4993 0
2409 5007 0
2411 5021 0
2412 5033 0
2414 5044 0
2416 5054 0
2417 5063 0
2417 5073 0
2417 5081 0
2415 5087 0
2413 5093 0
2411 5099 0
2406 5106 0
2401 5111 0
2398 5115 0
2398 5115 0
.PEN_UP
.PEN_DOWN
2275 5079 0
2272 5079 0
2275 5078 0
2282 5076 0
2297 5074 0
2316 5072 0
2341 5070 0
2372 5068 0
2401 5066 0
2423 5064 0
2443 5063 0
2458 5062 0
2468 5062 0
2473 5062 0
2469 5065 0
.PEN_UP
