.VERSION 1.0 
.HIERARCHY CHARACTER
.COORD X Y T
.SEGMENT CHARACTER 0-1 OK "88"
.H_LINE 9500 10374
.V_LINE 5000 5750
.X_DIM 750
.Y_DIM 874
.X_POINTS_PER_INCH 1000
.Y_POINTS_PER_INCH 1000
.POINTS_PER_SECOND 125
.COMMENT CALIB X: 56 Y: -127

.WRITER_INFO
 Name: SIVARAMARAJU
 WriterId: 6
 Hand: right
 EducationLevel: post graduate
 Gender: male
 Profession: student
 Region: puttaparthi
 Age: 24
 DeviceType: digimemo a402
 SkillDevice: good
 Language: hindi
 Script: indic
 Native: false
 Style: discrete
 UsageFreq: rarely
 Proficiency: average
 Date: 2007-6-11
 WritingInProfession: no

.PEN_DOWN
5235 9893 0
5230 9892 0
5224 9890 0
5218 9888 0
5215 9887 0
5219 9885 0
5230 9882 0
5248 9878 0
5270 9875 0
5293 9871 0
5317 9866 0
5343 9862 0
5368 9858 0
5393 9854 0
5414 9850 0
5432 9847 0
5446 9844 0
5456 9842 0
5462 9841 0
5465 9841 0
5466 9829 0
.PEN_UP
.PEN_DOWN
5289 10037 0
5285 10037 0
5282 10037 0
5279 10037 0
5276 10036 0
5273 10036 0
5270 10033 0
5269 10029 0
5269 10025 0
5269 10020 0
5270 10014 0
5273 10009 0
5277 10002 0
5282 9994 0
5287 9986 0
5294 9980 0
5300 9975 0
5307 9971 0
5313 9967 0
5320 9964 0
5326 9964 0
5332 9965 0
5337 9967 0
5342 9970 0
5345 9975 0
5347 9981 0
5348 9989 0
5348 9998 0
5348 10007 0
5347 10014 0
5346 10019 0
5347 10023 0
5347 10026 0
5347 10023 0
5348 10019 0
5349 10016 0
5350 10012 0
5352 10008 0
5354 10003 0
5359 9997 0
5366 9992 0
5374 9988 0
5383 9984 0
5392 9981 0
5400 9979 0
5410 9978 0
5418 9978 0
5425 9978 0
5430 9978 0
5435 9978 0
5438 9979 0
5438 9982 0
5438 9985 0
5437 9988 0
5437 9991 0
5438 9995 0
5439 9998 0
5440 10001 0
5442 9997 0
5445 9993 0
5446 9988 0
.PEN_UP
