.VERSION 1.0 
.HIERARCHY CHARACTER
.COORD X Y T
.SEGMENT CHARACTER 0-1 OK "99"
.H_LINE 2999 3874
.V_LINE 6500 7250
.X_DIM 750
.Y_DIM 874
.X_POINTS_PER_INCH 1000
.Y_POINTS_PER_INCH 1000
.POINTS_PER_SECOND 125
.COMMENT CALIB X: 21 Y: -149

.WRITER_INFO
 Name: SIVARAMARAJU
 WriterId: 6
 Hand: right
 EducationLevel: post graduate
 Gender: male
 Profession: student
 Region: puttaparthi
 Age: 24
 DeviceType: digimemo a402
 SkillDevice: good
 Language: hindi
 Script: indic
 Native: false
 Style: discrete
 UsageFreq: rarely
 Proficiency: average
 Date: 2007-6-11
 WritingInProfession: no

.PEN_DOWN
6873 3228 0
6874 3233 0
6875 3240 0
6875 3248 0
6875 3256 0
6874 3261 0
6874 3267 0
6874 3273 0
6875 3278 0
6876 3282 0
6876 3285 0
6879 3287 0
6876 3286 0
6868 3286 0
6851 3287 0
6830 3289 0
6812 3292 0
6796 3299 0
6785 3304 0
6780 3307 0
6778 3311 0
6778 3315 0
6780 3319 0
6784 3325 0
6791 3329 0
6803 3333 0
6821 3336 0
6840 3339 0
6857 3342 0
6870 3345 0
6878 3346 0
6882 3347 0
6878 3351 0
6869 3355 0
6858 3360 0
6844 3367 0
6828 3375 0
6814 3383 0
6802 3395 0
6792 3407 0
6786 3418 0
6784 3428 0
6784 3436 0
6785 3443 0
6789 3449 0
6797 3453 0
6811 3454 0
6828 3453 0
6848 3451 0
6870 3446 0
6889 3439 0
6905 3431 0
6916 3424 0
6921 3417 0
6922 3411 0
6920 3408 0
6915 3407 0
6907 3410 0
6898 3417 0
6888 3429 0
6878 3443 0
6871 3458 0
6865 3472 0
6862 3484 0
6860 3496 0
6859 3505 0
6859 3512 0
6861 3516 0
6864 3517 0
.PEN_UP
.PEN_DOWN
6747 3252 0
6746 3249 0
6749 3246 0
6753 3243 0
6764 3241 0
6777 3237 0
6795 3234 0
6819 3230 0
6853 3226 0
6892 3223 0
6929 3222 0
6961 3219 0
.PEN_UP
