.VERSION 1.0 
.HIERARCHY CHARACTER
.COORD X Y T
.SEGMENT CHARACTER 0-1 OK "101"
.H_LINE 4624 5499
.V_LINE 1999 2749
.X_DIM 749
.Y_DIM 874
.X_POINTS_PER_INCH 1000
.Y_POINTS_PER_INCH 1000
.POINTS_PER_SECOND 125
.COMMENT CALIB X: -7 Y: -122

.WRITER_INFO
 Name: SIVARAMARAJU
 WriterId: 6
 Hand: right
 EducationLevel: post graduate
 Gender: male
 Profession: student
 Region: puttaparthi
 Age: 24
 DeviceType: digimemo a402
 SkillDevice: good
 Language: hindi
 Script: indic
 Native: false
 Style: discrete
 UsageFreq: rarely
 Proficiency: average
 Date: 2007-6-11
 WritingInProfession: no

.PEN_DOWN
2151 4878 0
2148 4878 0
2156 4877 0
2170 4876 0
2189 4876 0
2211 4875 0
2235 4874 0
2258 4873 0
2282 4872 0
2305 4871 0
2326 4869 0
2343 4868 0
2358 4867 0
2370 4867 0
2376 4867 0
2376 4867 0
.PEN_UP
.PEN_DOWN
2259 4872 0
2259 4875 0
2259 4880 0
2259 4886 0
2259 4895 0
2259 4904 0
2259 4914 0
2259 4923 0
2260 4931 0
2260 4937 0
2260 4942 0
2261 4946 0
2261 4949 0
2261 4946 0
2260 4943 0
2255 4942 0
2245 4942 0
2231 4944 0
2215 4948 0
2199 4954 0
2184 4960 0
2173 4965 0
2166 4970 0
2162 4974 0
2162 4978 0
2165 4982 0
2172 4986 0
2183 4988 0
2197 4989 0
2212 4990 0
2227 4990 0
2240 4990 0
2250 4989 0
2258 4989 0
2263 4989 0
2257 4993 0
2249 4997 0
2238 5002 0
2227 5008 0
2213 5014 0
2199 5019 0
2189 5026 0
2182 5032 0
2177 5037 0
2175 5042 0
2175 5046 0
2178 5049 0
2185 5051 0
2195 5052 0
2209 5053 0
2224 5053 0
2240 5050 0
2257 5046 0
2274 5041 0
2291 5034 0
2307 5025 0
2324 5013 0
2339 4999 0
2353 4983 0
2363 4966 0
2370 4948 0
2374 4931 0
2375 4916 0
2374 4903 0
2373 4893 0
2371 4886 0
2369 4882 0
2367 4885 0
2365 4893 0
2364 4902 0
2362 4914 0
2360 4929 0
2357 4945 0
2356 4961 0
2354 4978 0
2352 4993 0
2350 5006 0
2349 5018 0
2348 5028 0
2348 5036 0
2347 5042 0
2347 5047 0
2347 5050 0
2347 5053 0
2347 5056 0
2346 5059 0
2344 5062 0
2340 5063 0
2337 5064 0
.PEN_UP
