.VERSION 1.0 
.HIERARCHY CHARACTER
.COORD X Y T
.SEGMENT CHARACTER 0-2 OK "57"
.H_LINE 9500 10374
.V_LINE 3500 4250
.X_DIM 750
.Y_DIM 874
.X_POINTS_PER_INCH 1000
.Y_POINTS_PER_INCH 1000
.POINTS_PER_SECOND 125
.COMMENT CALIB X: -194 Y: -107

.WRITER_INFO
 Name: PURANAM SAI GUNARANJAN
 WriterId: 19
 Hand: right
 EducationLevel: college graduate
 Gender: male
 Profession: student
 Region: hyderabad
 Age: 22
 DeviceType: digimemo a402
 SkillDevice: average
 Language: hindi
 Script: indic
 Native: false
 Style: discrete
 UsageFreq: rarely
 Proficiency: average
 Date: 2007-6-12
 WritingInProfession: no

.PEN_DOWN
3968 9817 0
3969 9813 0
3969 9810 0
3966 9810 0
3965 9817 0
3964 9826 0
3963 9842 0
3963 9862 0
3964 9887 0
3964 9915 0
3964 9942 0
3963 9970 0
3962 9995 0
3961 10018 0
3959 10039 0
3958 10053 0
3957 10062 0
3957 10067 0
3959 10063 0
3960 10056 0
3961 10044 0
3961 10029 0
3961 10013 0
3961 9998 0
3961 9984 0
3960 9970 0
3958 9957 0
3957 9944 0
3956 9933 0
3956 9922 0
3957 9910 0
3957 9900 0
3958 9891 0
3960 9883 0
3964 9876 0
3967 9869 0
3969 9862 0
3970 9855 0
3970 9848 0
3969 9841 0
3968 9833 0
3968 9825 0
3968 9815 0
3965 9802 0
3961 9785 0
3953 9768 0
3943 9748 0
3931 9725 0
3918 9702 0
3906 9685 0
3895 9673 0
3887 9665 0
3882 9661 0
3878 9659 0
3875 9659 0
3872 9661 0
3870 9665 0
3869 9671 0
3868 9676 0
3868 9682 0
3870 9688 0
3873 9693 0
3878 9697 0
3884 9698 0
3889 9696 0
3893 9693 0
3896 9691 0
3897 9688 0
3900 9687 0
.PEN_UP
.PEN_DOWN
3947 9824 0
3952 9826 0
3958 9826 0
3961 9825 0
3964 9821 0
3966 9814 0
3967 9805 0
3969 9792 0
3973 9774 0
3979 9751 0
3985 9723 0
3991 9693 0
3997 9666 0
4002 9646 0
4006 9632 0
4008 9624 0
4008 9620 0
4005 9620 0
4002 9623 0
3999 9631 0
3996 9642 0
3994 9654 0
3992 9667 0
3990 9680 0
3990 9691 0
3991 9699 0
3992 9704 0
3993 9707 0
3995 9699 0
3996 9695 0
.PEN_UP
.PEN_DOWN
3848 9856 0
3852 9855 0
3863 9853 0
3884 9852 0
3915 9848 0
.PEN_UP
