.VERSION 1.0 
.HIERARCHY CHARACTER
.COORD X Y T
.SEGMENT CHARACTER 0-3 OK "105"
.H_LINE 6249 7124
.V_LINE 499 1250
.X_DIM 750
.Y_DIM 875
.X_POINTS_PER_INCH 1000
.Y_POINTS_PER_INCH 1000
.POINTS_PER_SECOND 125
.COMMENT CALIB X: -53 Y: -94

.WRITER_INFO
 Name: PURANAM SAI GUNARANJAN
 WriterId: 19
 Hand: right
 EducationLevel: college graduate
 Gender: male
 Profession: student
 Region: hyderabad
 Age: 22
 DeviceType: digimemo a402
 SkillDevice: average
 Language: hindi
 Script: indic
 Native: false
 Style: discrete
 UsageFreq: rarely
 Proficiency: average
 Date: 2007-6-12
 WritingInProfession: no

.PEN_DOWN
677 6531 0
677 6527 0
676 6530 0
676 6535 0
677 6542 0
678 6551 0
680 6560 0
681 6566 0
682 6571 0
683 6574 0
684 6571 0
683 6566 0
680 6563 0
677 6559 0
671 6554 0
663 6551 0
654 6551 0
643 6553 0
633 6556 0
624 6561 0
617 6567 0
612 6574 0
606 6582 0
601 6592 0
597 6603 0
594 6612 0
594 6620 0
595 6626 0
597 6632 0
601 6637 0
607 6640 0
616 6642 0
628 6643 0
647 6643 0
667 6643 0
686 6642 0
702 6641 0
715 6639 0
729 6639 0
738 6639 0
743 6638 0
746 6639 0
746 6639 0
.PEN_UP
.PEN_DOWN
643 6642 0
640 6641 0
634 6640 0
628 6640 0
624 6640 0
622 6645 0
621 6653 0
620 6662 0
620 6673 0
620 6686 0
620 6703 0
621 6717 0
623 6729 0
626 6740 0
629 6748 0
633 6753 0
637 6756 0
644 6756 0
656 6753 0
671 6744 0
.PEN_UP
.PEN_DOWN
759 6559 0
758 6563 0
757 6568 0
758 6577 0
760 6588 0
762 6601 0
764 6617 0
765 6635 0
766 6655 0
767 6672 0
766 6686 0
764 6697 0
762 6705 0
759 6710 0
755 6713 0
752 6712 0
749 6708 0
746 6702 0
744 6696 0
742 6689 0
741 6683 0
740 6676 0
741 6667 0
743 6658 0
747 6651 0
752 6645 0
763 6637 0
778 6630 0
796 6624 0
815 6618 0
834 6613 0
851 6607 0
866 6600 0
877 6593 0
883 6583 0
885 6573 0
886 6564 0
886 6555 0
885 6549 0
883 6544 0
881 6541 0
878 6544 0
876 6551 0
875 6562 0
873 6574 0
871 6587 0
870 6603 0
870 6623 0
869 6648 0
869 6671 0
870 6693 0
872 6708 0
873 6718 0
874 6724 0
875 6721 0
872 6711 0
.PEN_UP
.PEN_DOWN
679 6503 0
686 6500 0
697 6499 0
715 6496 0
740 6491 0
773 6485 0
810 6480 0
850 6474 0
886 6469 0
914 6463 0
932 6459 0
941 6457 0
946 6456 0
943 6458 0
.PEN_UP
