.VERSION 1.0 
.HIERARCHY CHARACTER
.COORD X Y T
.SEGMENT CHARACTER 0-2 OK "45"
.H_LINE 6249 7124
.V_LINE 499 1250
.X_DIM 750
.Y_DIM 875
.X_POINTS_PER_INCH 1000
.Y_POINTS_PER_INCH 1000
.POINTS_PER_SECOND 125
.COMMENT CALIB X: -84 Y: -56

.WRITER_INFO
 Name: PURANAM SAI GUNARANJAN
 WriterId: 19
 Hand: right
 EducationLevel: college graduate
 Gender: male
 Profession: student
 Region: hyderabad
 Age: 22
 DeviceType: digimemo a402
 SkillDevice: average
 Language: hindi
 Script: indic
 Native: false
 Style: discrete
 UsageFreq: rarely
 Proficiency: average
 Date: 2007-6-12
 WritingInProfession: no

.PEN_DOWN
752 6632 0
751 6627 0
750 6623 0
747 6619 0
744 6619 0
741 6622 0
739 6628 0
737 6639 0
735 6657 0
734 6681 0
732 6707 0
730 6737 0
727 6764 0
724 6787 0
722 6806 0
721 6818 0
721 6825 0
722 6851 0
.PEN_UP
.PEN_DOWN
729 6718 0
725 6716 0
720 6713 0
716 6711 0
712 6710 0
709 6710 0
705 6712 0
698 6715 0
690 6720 0
680 6725 0
666 6729 0
653 6730 0
640 6729 0
628 6725 0
619 6718 0
613 6708 0
609 6697 0
607 6685 0
607 6673 0
609 6661 0
613 6650 0
619 6639 0
624 6632 0
627 6628 0
630 6626 0
634 6624 0
641 6625 0
648 6627 0
654 6631 0
658 6639 0
659 6650 0
657 6665 0
652 6684 0
644 6706 0
634 6730 0
623 6754 0
613 6776 0
603 6796 0
595 6815 0
588 6830 0
583 6842 0
581 6851 0
581 6857 0
582 6860 0
585 6862 0
589 6862 0
595 6860 0
604 6855 0
616 6846 0
629 6834 0
641 6819 0
651 6804 0
658 6793 0
662 6785 0
664 6781 0
663 6787 0
663 6797 0
663 6813 0
664 6831 0
665 6850 0
665 6868 0
665 6886 0
665 6902 0
666 6916 0
666 6925 0
666 6930 0
666 6930 0
.PEN_UP
.PEN_DOWN
733 6598 0
740 6594 0
749 6591 0
759 6589 0
775 6588 0
796 6587 0
820 6585 0
844 6583 0
867 6581 0
885 6578 0
900 6576 0
912 6574 0
920 6572 0
924 6574 0
923 6571 0
.PEN_UP
