.VERSION 1.0 
.HIERARCHY CHARACTER
.COORD X Y T
.SEGMENT CHARACTER 0-1 OK "88"
.H_LINE 9500 10374
.V_LINE 5000 5750
.X_DIM 750
.Y_DIM 874
.X_POINTS_PER_INCH 1000
.Y_POINTS_PER_INCH 1000
.POINTS_PER_SECOND 125
.COMMENT CALIB X: -22 Y: -135

.WRITER_INFO
 Name: PURANAM SAI GUNARANJAN
 WriterId: 19
 Hand: right
 EducationLevel: college graduate
 Gender: male
 Profession: student
 Region: hyderabad
 Age: 22
 DeviceType: digimemo a402
 SkillDevice: average
 Language: hindi
 Script: indic
 Native: false
 Style: discrete
 UsageFreq: rarely
 Proficiency: average
 Date: 2007-6-12
 WritingInProfession: no

.PEN_DOWN
5191 9962 0
5191 9957 0
5191 9954 0
5191 9959 0
5192 9964 0
5192 9971 0
5192 9979 0
5191 9985 0
5190 9991 0
5189 9997 0
5187 10002 0
5186 10006 0
5185 10002 0
5185 9995 0
5186 9988 0
5186 9975 0
5189 9960 0
5191 9948 0
5193 9936 0
5198 9924 0
5201 9914 0
5204 9906 0
5207 9901 0
5209 9897 0
5211 9894 0
5213 9891 0
5218 9887 0
5223 9883 0
5228 9880 0
5233 9879 0
5236 9879 0
5240 9880 0
5243 9884 0
5246 9890 0
5249 9895 0
5251 9901 0
5253 9909 0
5256 9917 0
5259 9924 0
5262 9932 0
5265 9941 0
5268 9949 0
5270 9956 0
5271 9962 0
5272 9970 0
5272 9978 0
5273 9985 0
5273 9991 0
5273 9995 0
5273 9999 0
5273 10002 0
5273 9999 0
5273 9993 0
5273 9983 0
5273 9970 0
5274 9956 0
5274 9944 0
5275 9936 0
5276 9930 0
5278 9921 0
5281 9913 0
5284 9907 0
5287 9902 0
5290 9899 0
5294 9894 0
5301 9889 0
5308 9886 0
5314 9884 0
5319 9883 0
5326 9882 0
5332 9881 0
5336 9881 0
5337 9884 0
5339 9887 0
5339 9881 0
.PEN_UP
.PEN_DOWN
5204 9784 0
5199 9784 0
5192 9783 0
5185 9783 0
5177 9783 0
5172 9782 0
5168 9782 0
5177 9780 0
5190 9779 0
5206 9779 0
5226 9778 0
5253 9777 0
5286 9774 0
5325 9773 0
5363 9772 0
5393 9771 0
5414 9770 0
5426 9770 0
5432 9770 0
5435 9770 0
5429 9772 0
.PEN_UP
