.VERSION 1.0 
.HIERARCHY CHARACTER
.COORD X Y T
.SEGMENT CHARACTER 0-3 OK "96"
.H_LINE 2999 3874
.V_LINE 1999 2749
.X_DIM 749
.Y_DIM 874
.X_POINTS_PER_INCH 1000
.Y_POINTS_PER_INCH 1000
.POINTS_PER_SECOND 125
.COMMENT CALIB X: -59 Y: -111

.WRITER_INFO
 Name: PURANAM SAI GUNARANJAN
 WriterId: 19
 Hand: right
 EducationLevel: college graduate
 Gender: male
 Profession: student
 Region: hyderabad
 Age: 22
 DeviceType: digimemo a402
 SkillDevice: average
 Language: hindi
 Script: indic
 Native: false
 Style: discrete
 UsageFreq: rarely
 Proficiency: average
 Date: 2007-6-12
 WritingInProfession: no

.PEN_DOWN
2357 3320 0
2357 3317 0
2357 3311 0
2354 3307 0
2352 3304 0
2349 3302 0
2346 3303 0
2345 3306 0
2344 3313 0
2343 3324 0
2342 3340 0
2343 3362 0
2343 3388 0
2344 3415 0
2345 3438 0
2346 3460 0
2347 3480 0
2348 3494 0
2349 3504 0
2349 3509 0
2349 3512 0
2351 3504 0
2353 3493 0
2354 3475 0
2354 3455 0
2353 3436 0
2351 3419 0
2349 3406 0
2347 3396 0
2345 3389 0
2342 3383 0
2336 3378 0
2326 3373 0
2311 3366 0
2294 3362 0
2277 3359 0
2265 3357 0
2257 3357 0
2252 3356 0
2249 3357 0
2246 3359 0
2243 3367 0
2239 3378 0
2234 3389 0
2230 3403 0
2228 3417 0
2226 3433 0
2225 3447 0
2225 3460 0
2225 3471 0
2225 3480 0
2225 3485 0
2225 3488 0
2228 3485 0
.PEN_UP
.PEN_DOWN
2351 3398 0
2350 3394 0
2349 3390 0
2348 3386 0
2348 3382 0
2350 3378 0
2352 3375 0
2354 3372 0
2357 3369 0
2361 3366 0
2365 3365 0
2374 3362 0
2388 3361 0
2403 3363 0
2420 3368 0
2434 3375 0
2444 3383 0
2451 3391 0
2454 3399 0
2455 3407 0
2454 3416 0
2453 3427 0
2450 3438 0
2447 3449 0
2443 3457 0
2439 3464 0
2436 3469 0
2433 3472 0
.PEN_UP
.PEN_DOWN
2214 3343 0
2210 3343 0
2205 3342 0
2202 3343 0
2208 3344 0
2218 3344 0
2232 3344 0
2250 3344 0
2272 3344 0
2296 3344 0
2322 3344 0
2339 3344 0
2347 3344 0
2352 3344 0
2349 3342 0
.PEN_UP
.PEN_DOWN
2220 3274 0
2225 3272 0
2233 3270 0
2245 3269 0
2262 3267 0
2287 3264 0
2316 3263 0
2347 3262 0
2373 3261 0
2395 3261 0
2409 3262 0
2417 3262 0
2421 3262 0
2424 3262 0
2426 3259 0
2426 3259 0
.PEN_UP
