.VERSION 1.0 
.HIERARCHY CHARACTER
.COORD X Y T
.SEGMENT CHARACTER 0-3 OK "105"
.H_LINE 6249 7124
.V_LINE 499 1250
.X_DIM 750
.Y_DIM 875
.X_POINTS_PER_INCH 1000
.Y_POINTS_PER_INCH 1000
.POINTS_PER_SECOND 125
.COMMENT CALIB X: -84 Y: -56

.WRITER_INFO
 Name: PURANAM SAI GUNARANJAN
 WriterId: 19
 Hand: right
 EducationLevel: college graduate
 Gender: male
 Profession: student
 Region: hyderabad
 Age: 22
 DeviceType: digimemo a402
 SkillDevice: average
 Language: hindi
 Script: indic
 Native: false
 Style: discrete
 UsageFreq: rarely
 Proficiency: average
 Date: 2007-6-12
 WritingInProfession: no

.PEN_DOWN
677 6505 0
675 6510 0
675 6516 0
675 6523 0
676 6531 0
677 6542 0
678 6553 0
678 6560 0
678 6565 0
678 6568 0
680 6565 0
679 6562 0
679 6559 0
678 6556 0
676 6553 0
672 6550 0
667 6548 0
660 6549 0
652 6553 0
644 6559 0
636 6564 0
630 6570 0
625 6576 0
620 6583 0
615 6591 0
611 6599 0
607 6605 0
605 6610 0
604 6615 0
605 6619 0
608 6622 0
612 6624 0
619 6626 0
629 6628 0
643 6627 0
660 6626 0
677 6624 0
697 6622 0
716 6621 0
733 6621 0
745 6622 0
754 6623 0
759 6624 0
762 6626 0
764 6629 0
765 6632 0
765 6635 0
765 6638 0
764 6641 0
763 6645 0
760 6648 0
756 6652 0
750 6655 0
741 6657 0
.PEN_UP
.PEN_DOWN
639 6618 0
636 6617 0
633 6616 0
628 6622 0
626 6626 0
624 6632 0
622 6641 0
621 6651 0
620 6663 0
620 6674 0
620 6685 0
622 6695 0
625 6704 0
629 6711 0
635 6716 0
642 6718 0
654 6719 0
.PEN_UP
.PEN_DOWN
817 6506 0
814 6505 0
811 6506 0
808 6510 0
807 6517 0
806 6527 0
806 6541 0
806 6559 0
806 6577 0
805 6592 0
804 6608 0
801 6620 0
798 6630 0
796 6640 0
794 6646 0
792 6650 0
788 6651 0
781 6650 0
771 6647 0
761 6642 0
753 6635 0
748 6629 0
746 6625 0
745 6622 0
746 6616 0
750 6610 0
756 6603 0
767 6596 0
786 6588 0
808 6581 0
830 6574 0
851 6566 0
870 6557 0
885 6547 0
896 6535 0
903 6523 0
906 6513 0
905 6504 0
904 6498 0
903 6494 0
901 6490 0
899 6495 0
898 6503 0
897 6516 0
896 6535 0
895 6557 0
895 6578 0
895 6600 0
895 6620 0
895 6641 0
894 6661 0
894 6679 0
893 6693 0
893 6703 0
894 6709 0
895 6712 0
895 6706 0
895 6694 0
.PEN_UP
.PEN_DOWN
670 6469 0
678 6469 0
693 6468 0
718 6467 0
753 6467 0
794 6468 0
836 6468 0
873 6469 0
901 6470 0
921 6471 0
935 6472 0
943 6473 0
947 6473 0
942 6471 0
.PEN_UP
