.VERSION 1.0 
.HIERARCHY CHARACTER
.COORD X Y T
.SEGMENT CHARACTER 0-1 OK "28"
.H_LINE 9500 10374
.V_LINE 5000 5750
.X_DIM 750
.Y_DIM 874
.X_POINTS_PER_INCH 1000
.Y_POINTS_PER_INCH 1000
.POINTS_PER_SECOND 125
.COMMENT CALIB X: -22 Y: -227

.WRITER_INFO
 Name: RAGHUNATH SARMA
 WriterId: 107
 Hand: right
 EducationLevel: post graduate
 Gender: male
 Profession: lecturer
 Region: puttaparthi
 Age: 39
 DeviceType: digimemo a402
 SkillDevice: average
 Language: hindi
 Script: indic
 Native: false
 Style: discrete
 UsageFreq: rarely
 Proficiency: good
 Date: 2007-9-20
 WritingInProfession: no

.PEN_DOWN
5329 9725 0
5331 9721 0
5332 9717 0
5331 9714 0
5328 9711 0
5323 9709 0
5316 9709 0
5306 9710 0
5295 9712 0
5285 9716 0
5278 9720 0
5273 9724 0
5270 9727 0
5269 9730 0
5270 9733 0
5275 9733 0
5282 9732 0
5291 9730 0
5300 9728 0
5308 9727 0
5315 9726 0
5320 9727 0
5324 9729 0
5326 9733 0
5326 9739 0
5325 9746 0
5322 9756 0
5316 9766 0
5308 9776 0
5300 9786 0
5292 9795 0
5284 9803 0
5278 9811 0
5275 9817 0
5274 9821 0
5279 9823 0
5287 9823 0
5299 9821 0
5312 9818 0
5328 9813 0
5344 9808 0
5362 9801 0
5379 9793 0
5394 9784 0
5406 9776 0
5415 9767 0
5422 9758 0
5426 9750 0
5428 9743 0
5428 9738 0
5428 9734 0
5428 9731 0
5427 9734 0
5427 9741 0
5427 9750 0
5427 9760 0
5429 9771 0
5430 9784 0
5431 9796 0
5431 9808 0
5430 9821 0
5429 9831 0
5428 9839 0
5427 9845 0
5426 9851 0
5425 9855 0
5423 9858 0
5421 9866 0
5417 9859 0
.PEN_UP
.PEN_DOWN
5385 9694 0
5389 9693 0
5397 9691 0
5411 9689 0
5429 9688 0
5449 9687 0
5468 9686 0
5483 9685 0
5495 9685 0
5503 9684 0
5507 9684 0
5510 9683 0
.PEN_UP
