.VERSION 1.0 
.HIERARCHY CHARACTER
.COORD X Y T
.SEGMENT CHARACTER 0-1 OK "101"
.H_LINE 4624 5499
.V_LINE 1999 2749
.X_DIM 749
.Y_DIM 874
.X_POINTS_PER_INCH 1000
.Y_POINTS_PER_INCH 1000
.POINTS_PER_SECOND 125
.COMMENT CALIB X: -35 Y: -179

.WRITER_INFO
 Name: RAGHUNATH SARMA
 WriterId: 107
 Hand: right
 EducationLevel: post graduate
 Gender: male
 Profession: lecturer
 Region: puttaparthi
 Age: 39
 DeviceType: digimemo a402
 SkillDevice: average
 Language: hindi
 Script: indic
 Native: false
 Style: discrete
 UsageFreq: rarely
 Proficiency: good
 Date: 2007-9-20
 WritingInProfession: no

.PEN_DOWN
2228 4904 0
2229 4908 0
2230 4913 0
2231 4919 0
2232 4927 0
2233 4934 0
2234 4939 0
2235 4943 0
2236 4948 0
2236 4952 0
2236 4955 0
2231 4956 0
2226 4957 0
2219 4960 0
2211 4964 0
2203 4969 0
2197 4974 0
2192 4980 0
2189 4985 0
2188 4990 0
2189 4994 0
2191 4998 0
2196 5001 0
2204 5003 0
2213 5004 0
2223 5004 0
2233 5003 0
2244 5001 0
2255 4999 0
2266 4995 0
2275 4990 0
2281 4987 0
2284 4985 0
2280 4985 0
2276 4986 0
2273 4988 0
2271 4993 0
2272 4997 0
2276 5000 0
2280 5002 0
2288 5004 0
2299 5004 0
2312 5004 0
2326 5002 0
2341 4999 0
2356 4993 0
2371 4986 0
2383 4978 0
2393 4967 0
2400 4954 0
2405 4942 0
2408 4933 0
2408 4927 0
2407 4923 0
2405 4927 0
2404 4935 0
2403 4946 0
2402 4957 0
2401 4969 0
2400 4981 0
2400 4992 0
2399 5003 0
2399 5013 0
2399 5023 0
2399 5032 0
2398 5040 0
2397 5048 0
2394 5056 0
2391 5062 0
2388 5066 0
.PEN_UP
.PEN_DOWN
2139 4896 0
2135 4894 0
2143 4893 0
2160 4891 0
2183 4889 0
2211 4887 0
2245 4884 0
2292 4879 0
2346 4874 0
2393 4869 0
2431 4865 0
2459 4861 0
2478 4858 0
2490 4856 0
2498 4854 0
2502 4853 0
2501 4850 0
.PEN_UP
