.VERSION 1.0 
.HIERARCHY CHARACTER
.COORD X Y T
.SEGMENT CHARACTER 0-1 OK "3"
.H_LINE 1374 2249
.V_LINE 5000 5750
.X_DIM 750
.Y_DIM 874
.X_POINTS_PER_INCH 1000
.Y_POINTS_PER_INCH 1000
.POINTS_PER_SECOND 125
.COMMENT CALIB X: 77 Y: -139

.WRITER_INFO
 Name: P SURESH
 WriterId: 46
 Hand: right
 EducationLevel: college graduate
 Gender: male
 Profession: student
 Region: anakapalli
 Age: 21
 DeviceType: digimemo a402
 SkillDevice: average
 Language: hindi
 Script: indic
 Native: false
 Style: discrete
 UsageFreq: once a month
 Proficiency: good
 Date: 2007-6-20
 WritingInProfession: no

.PEN_DOWN
5336 1678 0
5336 1675 0
5336 1672 0
5337 1678 0
5338 1687 0
5340 1699 0
5342 1711 0
5344 1723 0
5345 1734 0
5347 1744 0
5350 1752 0
5352 1758 0
5353 1763 0
5354 1766 0
5352 1761 0
5349 1756 0
5343 1751 0
5337 1747 0
5330 1744 0
5322 1742 0
5314 1742 0
5305 1743 0
5294 1745 0
5283 1747 0
5275 1750 0
5268 1753 0
5264 1756 0
5261 1759 0
5260 1762 0
5260 1766 0
5262 1770 0
5263 1774 0
5265 1778 0
5267 1782 0
5271 1785 0
5276 1787 0
5283 1789 0
5292 1790 0
5301 1791 0
5311 1791 0
5320 1791 0
5327 1791 0
5333 1791 0
5338 1792 0
5342 1793 0
5344 1796 0
5346 1799 0
5347 1803 0
5349 1808 0
5350 1813 0
5350 1820 0
5350 1826 0
5349 1833 0
5348 1840 0
5346 1848 0
5342 1858 0
5338 1868 0
5335 1878 0
5331 1887 0
5325 1895 0
5319 1902 0
5312 1907 0
5304 1910 0
5296 1911 0
5288 1910 0
5278 1908 0
5269 1904 0
5261 1901 0
5254 1897 0
5249 1894 0
5247 1891 0
5246 1887 0
5248 1883 0
5252 1878 0
5259 1873 0
5267 1868 0
5277 1864 0
5288 1861 0
5297 1860 0
5304 1860 0
5310 1862 0
5315 1865 0
5320 1869 0
5325 1875 0
5331 1881 0
5337 1888 0
5342 1897 0
5347 1906 0
5352 1915 0
5356 1922 0
5360 1928 0
5363 1931 0
5363 1931 0
.PEN_UP
.PEN_DOWN
5252 1607 0
5255 1609 0
5262 1610 0
5274 1610 0
5290 1610 0
5310 1609 0
5329 1607 0
5350 1606 0
5371 1605 0
5394 1602 0
5414 1601 0
5430 1599 0
5441 1598 0
5449 1597 0
5454 1597 0
5461 1596 0
.PEN_UP
