.VERSION 1.0 
.HIERARCHY CHARACTER
.COORD X Y T
.SEGMENT CHARACTER 0-2 OK "21"
.H_LINE 7874 8750
.V_LINE 1999 2749
.X_DIM 749
.Y_DIM 875
.X_POINTS_PER_INCH 1000
.Y_POINTS_PER_INCH 1000
.POINTS_PER_SECOND 125
.COMMENT CALIB X: 40 Y: -120

.WRITER_INFO
 Name: P SURESH
 WriterId: 46
 Hand: right
 EducationLevel: college graduate
 Gender: male
 Profession: student
 Region: anakapalli
 Age: 21
 DeviceType: digimemo a402
 SkillDevice: average
 Language: hindi
 Script: indic
 Native: false
 Style: discrete
 UsageFreq: once a month
 Proficiency: good
 Date: 2007-6-20
 WritingInProfession: no

.PEN_DOWN
2142 8178 0
2137 8177 0
2134 8176 0
2131 8175 0
2135 8174 0
2139 8173 0
2146 8172 0
2154 8171 0
2163 8170 0
2173 8169 0
2184 8169 0
2195 8169 0
2205 8170 0
2214 8172 0
2222 8173 0
2229 8174 0
2235 8175 0
2241 8178 0
2248 8183 0
2254 8187 0
2258 8191 0
2261 8197 0
2265 8205 0
2269 8212 0
2272 8219 0
2275 8225 0
2278 8232 0
2281 8238 0
2282 8243 0
2283 8247 0
2284 8251 0
2284 8256 0
2283 8260 0
2282 8263 0
2281 8266 0
2279 8269 0
2276 8273 0
2272 8277 0
2267 8280 0
2261 8283 0
2254 8286 0
2245 8288 0
2234 8289 0
2223 8289 0
2210 8289 0
2197 8290 0
2184 8290 0
2172 8291 0
2159 8292 0
2150 8292 0
2143 8293 0
2136 8293 0
2131 8293 0
2127 8293 0
2124 8293 0
2128 8292 0
.PEN_UP
.PEN_DOWN
2299 8226 0
2303 8227 0
2308 8228 0
2314 8228 0
2321 8228 0
2329 8227 0
2337 8227 0
2345 8227 0
2351 8227 0
2355 8227 0
2359 8227 0
2363 8227 0
2366 8227 0
2369 8227 0
2372 8227 0
2372 8224 0
2372 8220 0
2371 8217 0
2371 8213 0
2371 8208 0
2371 8203 0
2371 8197 0
2372 8188 0
2373 8177 0
2374 8166 0
2375 8156 0
2377 8148 0
2378 8141 0
2379 8136 0
2379 8132 0
2379 8129 0
2379 8126 0
2380 8123 0
2380 8120 0
2380 8123 0
2382 8128 0
2383 8137 0
2385 8150 0
2387 8166 0
2388 8184 0
2389 8203 0
2389 8221 0
2389 8238 0
2389 8252 0
2390 8264 0
2391 8275 0
2392 8284 0
2393 8292 0
2394 8299 0
2395 8304 0
2396 8308 0
2397 8311 0
2397 8314 0
2397 8314 0
.PEN_UP
.PEN_DOWN
2219 8119 0
2219 8114 0
2219 8111 0
2223 8110 0
2229 8110 0
2237 8110 0
2248 8110 0
2261 8110 0
2276 8110 0
2292 8110 0
2311 8110 0
2334 8108 0
2362 8106 0
2394 8103 0
2425 8100 0
2451 8098 0
2470 8096 0
2483 8095 0
2491 8095 0
2495 8095 0
2498 8096 0
2498 8096 0
.PEN_UP
