.VERSION 1.0 
.HIERARCHY CHARACTER
.COORD X Y T
.SEGMENT CHARACTER 0-1 OK "25"
.H_LINE 9500 10374
.V_LINE 499 1250
.X_DIM 750
.Y_DIM 874
.X_POINTS_PER_INCH 1000
.Y_POINTS_PER_INCH 1000
.POINTS_PER_SECOND 125
.COMMENT CALIB X: -37 Y: -235

.WRITER_INFO
 Name: P SURESH
 WriterId: 46
 Hand: right
 EducationLevel: college graduate
 Gender: male
 Profession: student
 Region: anakapalli
 Age: 21
 DeviceType: digimemo a402
 SkillDevice: average
 Language: hindi
 Script: indic
 Native: false
 Style: discrete
 UsageFreq: once a month
 Proficiency: good
 Date: 2007-6-20
 WritingInProfession: no

.PEN_DOWN
753 9634 0
752 9631 0
751 9628 0
750 9625 0
750 9622 0
750 9619 0
750 9616 0
751 9621 0
752 9626 0
754 9633 0
756 9642 0
758 9651 0
759 9661 0
761 9670 0
763 9677 0
765 9683 0
767 9687 0
769 9690 0
771 9693 0
767 9692 0
763 9691 0
757 9690 0
746 9690 0
734 9692 0
723 9694 0
712 9697 0
702 9701 0
691 9706 0
681 9711 0
671 9717 0
662 9724 0
654 9732 0
647 9741 0
640 9751 0
635 9762 0
632 9775 0
631 9788 0
631 9801 0
633 9813 0
637 9823 0
644 9832 0
651 9841 0
660 9849 0
670 9856 0
680 9861 0
689 9865 0
698 9869 0
706 9872 0
713 9874 0
719 9875 0
725 9877 0
731 9877 0
737 9878 0
744 9877 0
751 9875 0
759 9873 0
766 9870 0
773 9867 0
780 9865 0
785 9863 0
789 9861 0
793 9859 0
796 9857 0
798 9854 0
800 9851 0
803 9847 0
805 9843 0
807 9839 0
809 9836 0
810 9833 0
810 9829 0
809 9825 0
808 9820 0
807 9814 0
805 9808 0
804 9803 0
803 9799 0
802 9795 0
800 9791 0
796 9788 0
792 9784 0
787 9780 0
781 9776 0
774 9772 0
768 9769 0
762 9768 0
758 9767 0
754 9767 0
750 9769 0
746 9771 0
742 9773 0
739 9777 0
737 9782 0
734 9788 0
733 9795 0
733 9801 0
735 9807 0
738 9812 0
743 9815 0
749 9816 0
755 9817 0
760 9818 0
764 9819 0
767 9821 0
770 9823 0
773 9823 0
776 9823 0
776 9823 0
.PEN_UP
.PEN_DOWN
649 9616 0
654 9617 0
662 9618 0
673 9619 0
686 9619 0
701 9620 0
716 9620 0
732 9619 0
750 9619 0
772 9618 0
796 9616 0
818 9614 0
835 9612 0
847 9611 0
854 9611 0
858 9611 0
860 9614 0
862 9617 0
864 9621 0
864 9621 0
.PEN_UP
