.VERSION 1.0 
.HIERARCHY CHARACTER
.COORD X Y T
.SEGMENT CHARACTER 0-2 OK "26"
.H_LINE 9500 10374
.V_LINE 1999 2749
.X_DIM 749
.Y_DIM 874
.X_POINTS_PER_INCH 1000
.Y_POINTS_PER_INCH 1000
.POINTS_PER_SECOND 125
.COMMENT CALIB X: 10 Y: -126

.WRITER_INFO
 Name: P SURESH
 WriterId: 46
 Hand: right
 EducationLevel: college graduate
 Gender: male
 Profession: student
 Region: anakapalli
 Age: 21
 DeviceType: digimemo a402
 SkillDevice: average
 Language: hindi
 Script: indic
 Native: false
 Style: discrete
 UsageFreq: once a month
 Proficiency: good
 Date: 2007-6-20
 WritingInProfession: no

.PEN_DOWN
2223 9798 0
2220 9797 0
2218 9794 0
2217 9791 0
2215 9788 0
2213 9784 0
2211 9781 0
2209 9778 0
2208 9775 0
2211 9780 0
2214 9786 0
2218 9792 0
2223 9798 0
2227 9805 0
2231 9811 0
2234 9817 0
2237 9824 0
2239 9831 0
2240 9840 0
2240 9850 0
2239 9859 0
2238 9869 0
2236 9879 0
2233 9888 0
2230 9897 0
2228 9904 0
2227 9911 0
2227 9918 0
2227 9925 0
2229 9930 0
2231 9935 0
2234 9939 0
2237 9943 0
2241 9946 0
2247 9949 0
2254 9951 0
2261 9953 0
2269 9955 0
2276 9957 0
2283 9958 0
2289 9959 0
2295 9960 0
2301 9961 0
2307 9961 0
2314 9960 0
2320 9957 0
2326 9953 0
2332 9946 0
2337 9937 0
2342 9924 0
2345 9910 0
2344 9894 0
2341 9877 0
2337 9862 0
2331 9848 0
2324 9835 0
2318 9823 0
2314 9814 0
2310 9807 0
2307 9799 0
2303 9793 0
2300 9787 0
2298 9781 0
2296 9776 0
2295 9772 0
2294 9769 0
2293 9766 0
2293 9766 0
.PEN_UP
.PEN_DOWN
2418 9769 0
2418 9766 0
2415 9763 0
2413 9760 0
2411 9757 0
2408 9755 0
2407 9758 0
2407 9762 0
2409 9768 0
2412 9776 0
2416 9784 0
2420 9794 0
2426 9803 0
2431 9812 0
2436 9824 0
2441 9835 0
2444 9847 0
2446 9859 0
2448 9870 0
2450 9882 0
2452 9892 0
2453 9900 0
2455 9906 0
2455 9911 0
2455 9914 0
2455 9918 0
2454 9921 0
2453 9925 0
2451 9929 0
2449 9932 0
2449 9932 0
.PEN_UP
.PEN_DOWN
2160 9767 0
2163 9766 0
2166 9765 0
2169 9765 0
2172 9765 0
2175 9764 0
2178 9763 0
2182 9762 0
2187 9761 0
2197 9759 0
2212 9758 0
2230 9756 0
2249 9753 0
2268 9751 0
2289 9749 0
2311 9748 0
2335 9748 0
2361 9747 0
2387 9747 0
2414 9747 0
2436 9747 0
2456 9747 0
2473 9747 0
2485 9747 0
2494 9747 0
2501 9747 0
2505 9747 0
2507 9744 0
2508 9741 0
2509 9738 0
2510 9734 0
.PEN_UP
