.VERSION 1.0 
.HIERARCHY CHARACTER
.COORD X Y T
.SEGMENT CHARACTER 0-1 OK "39"
.H_LINE 2999 3874
.V_LINE 6500 7250
.X_DIM 750
.Y_DIM 874
.X_POINTS_PER_INCH 1000
.Y_POINTS_PER_INCH 1000
.POINTS_PER_SECOND 125
.COMMENT CALIB X: 84 Y: -163

.WRITER_INFO
 Name: P SURESH
 WriterId: 46
 Hand: right
 EducationLevel: college graduate
 Gender: male
 Profession: student
 Region: anakapalli
 Age: 21
 DeviceType: digimemo a402
 SkillDevice: average
 Language: hindi
 Script: indic
 Native: false
 Style: discrete
 UsageFreq: once a month
 Proficiency: good
 Date: 2007-6-20
 WritingInProfession: no

.PEN_DOWN
6850 3293 0
6850 3288 0
6850 3283 0
6850 3279 0
6850 3275 0
6850 3272 0
6850 3269 0
6850 3273 0
6850 3279 0
6850 3286 0
6851 3297 0
6852 3310 0
6854 3325 0
6855 3342 0
6856 3359 0
6857 3377 0
6859 3393 0
6860 3408 0
6861 3420 0
6862 3429 0
6864 3436 0
6865 3440 0
6866 3443 0
6865 3440 0
6864 3437 0
6863 3432 0
6862 3426 0
6861 3418 0
6859 3409 0
6856 3398 0
6853 3388 0
6849 3380 0
6846 3373 0
6842 3367 0
6838 3362 0
6832 3358 0
6825 3355 0
6818 3352 0
6811 3350 0
6806 3349 0
6803 3349 0
6801 3352 0
6801 3358 0
6802 3365 0
6803 3375 0
6805 3385 0
6806 3394 0
6808 3403 0
6810 3411 0
6812 3417 0
6813 3421 0
6814 3424 0
6814 3421 0
6813 3415 0
6810 3405 0
6806 3392 0
6801 3380 0
6796 3372 0
6790 3366 0
6783 3362 0
6776 3360 0
6769 3360 0
6759 3361 0
6749 3363 0
6740 3367 0
6731 3372 0
6723 3381 0
6717 3392 0
6713 3405 0
6710 3419 0
6707 3432 0
6705 3443 0
6703 3452 0
6702 3459 0
6701 3465 0
6700 3468 0
6704 3468 0
.PEN_UP
.PEN_DOWN
6769 3261 0
6778 3262 0
6794 3263 0
6815 3263 0
6837 3263 0
6864 3263 0
6894 3263 0
6927 3263 0
6958 3263 0
6984 3263 0
7004 3263 0
7019 3263 0
7031 3263 0
7039 3263 0
7044 3263 0
7044 3263 0
.PEN_UP
