.VERSION 1.0 
.HIERARCHY CHARACTER
.COORD X Y T
.SEGMENT CHARACTER 0-2 OK "45"
.H_LINE 6249 7124
.V_LINE 499 1250
.X_DIM 750
.Y_DIM 875
.X_POINTS_PER_INCH 1000
.Y_POINTS_PER_INCH 1000
.POINTS_PER_SECOND 125
.COMMENT CALIB X: -4 Y: -148

.WRITER_INFO
 Name: P SURESH
 WriterId: 46
 Hand: right
 EducationLevel: college graduate
 Gender: male
 Profession: student
 Region: anakapalli
 Age: 21
 DeviceType: digimemo a402
 SkillDevice: average
 Language: hindi
 Script: indic
 Native: false
 Style: discrete
 UsageFreq: once a month
 Proficiency: good
 Date: 2007-6-20
 WritingInProfession: no

.PEN_DOWN
783 6514 0
782 6511 0
781 6508 0
780 6503 0
780 6498 0
780 6493 0
780 6487 0
780 6481 0
779 6476 0
778 6471 0
777 6467 0
777 6473 0
779 6482 0
783 6494 0
788 6508 0
793 6523 0
797 6539 0
799 6557 0
801 6576 0
804 6595 0
807 6613 0
811 6629 0
815 6644 0
819 6655 0
822 6663 0
824 6669 0
825 6674 0
825 6678 0
824 6681 0
822 6678 0
820 6672 0
818 6664 0
813 6652 0
.PEN_UP
.PEN_DOWN
786 6547 0
782 6548 0
777 6549 0
773 6550 0
768 6552 0
762 6554 0
757 6557 0
751 6559 0
745 6560 0
738 6561 0
730 6562 0
720 6563 0
709 6563 0
697 6563 0
684 6562 0
670 6561 0
656 6560 0
645 6558 0
637 6555 0
631 6553 0
626 6549 0
622 6545 0
619 6542 0
617 6538 0
616 6535 0
615 6532 0
615 6529 0
616 6526 0
617 6523 0
621 6520 0
627 6516 0
636 6513 0
646 6510 0
657 6508 0
666 6507 0
673 6506 0
679 6507 0
684 6508 0
688 6511 0
692 6514 0
696 6518 0
699 6523 0
701 6528 0
702 6533 0
702 6540 0
700 6548 0
695 6557 0
690 6568 0
683 6581 0
675 6595 0
666 6609 0
658 6622 0
652 6634 0
648 6645 0
647 6656 0
647 6666 0
649 6674 0
652 6682 0
657 6688 0
663 6693 0
669 6695 0
674 6695 0
678 6695 0
682 6693 0
685 6689 0
688 6683 0
692 6676 0
695 6668 0
696 6659 0
697 6651 0
697 6646 0
697 6643 0
701 6648 0
705 6656 0
711 6666 0
718 6677 0
724 6688 0
730 6700 0
735 6712 0
737 6723 0
737 6733 0
736 6741 0
734 6748 0
731 6755 0
727 6760 0
723 6764 0
717 6767 0
708 6770 0
702 6772 0
.PEN_UP
.PEN_DOWN
703 6449 0
709 6450 0
717 6451 0
728 6450 0
741 6447 0
756 6445 0
775 6443 0
797 6441 0
822 6440 0
846 6439 0
866 6438 0
883 6436 0
895 6435 0
902 6435 0
905 6435 0
903 6402 0
902 6339 0
.PEN_UP
