.VERSION 1.0 
.HIERARCHY CHARACTER
.COORD X Y T
.SEGMENT CHARACTER 0-1 OK "79"
.H_LINE 6249 7124
.V_LINE 6500 7250
.X_DIM 750
.Y_DIM 875
.X_POINTS_PER_INCH 1000
.Y_POINTS_PER_INCH 1000
.POINTS_PER_SECOND 125
.COMMENT CALIB X: 129 Y: -137

.WRITER_INFO
 Name: P SURESH
 WriterId: 46
 Hand: right
 EducationLevel: college graduate
 Gender: male
 Profession: student
 Region: anakapalli
 Age: 21
 DeviceType: digimemo a402
 SkillDevice: average
 Language: hindi
 Script: indic
 Native: false
 Style: discrete
 UsageFreq: once a month
 Proficiency: good
 Date: 2007-6-20
 WritingInProfession: no

.PEN_DOWN
6809 6526 0
6809 6522 0
6809 6518 0
6808 6512 0
6807 6506 0
6807 6501 0
6807 6495 0
6808 6490 0
6809 6486 0
6810 6483 0
6813 6482 0
6816 6483 0
6818 6486 0
6822 6493 0
6827 6504 0
6832 6517 0
6836 6530 0
6839 6543 0
6841 6558 0
6842 6573 0
6843 6587 0
6844 6598 0
6847 6608 0
6850 6616 0
6853 6622 0
6857 6627 0
6861 6630 0
6865 6632 0
6869 6633 0
6872 6632 0
6876 6629 0
6881 6625 0
6884 6620 0
6887 6614 0
6889 6606 0
6891 6597 0
6892 6587 0
6892 6577 0
6893 6568 0
6894 6560 0
6894 6553 0
6895 6548 0
6895 6544 0
6896 6541 0
6897 6538 0
6897 6538 0
.PEN_UP
.PEN_DOWN
6844 6505 0
6842 6502 0
6839 6500 0
6837 6497 0
6835 6494 0
6834 6491 0
6833 6488 0
6832 6485 0
6831 6482 0
6831 6479 0
6831 6476 0
6829 6473 0
6824 6472 0
6818 6471 0
6812 6469 0
6808 6468 0
6805 6467 0
6802 6466 0
6799 6465 0
6796 6464 0
6793 6463 0
6790 6462 0
6785 6463 0
6775 6464 0
6765 6465 0
6759 6465 0
6756 6466 0
6761 6467 0
6767 6467 0
6776 6467 0
6790 6467 0
6806 6468 0
6823 6467 0
6840 6466 0
6856 6464 0
6869 6463 0
6878 6462 0
6884 6461 0
6889 6460 0
6892 6460 0
6895 6459 0
6898 6458 0
6902 6457 0
6909 6456 0
6917 6455 0
6924 6455 0
6930 6455 0
6933 6455 0
6933 6455 0
.PEN_UP
