.VERSION 1.0 
.HIERARCHY CHARACTER
.COORD X Y T
.SEGMENT CHARACTER 0-1 OK "94"
.H_LINE 1374 2249
.V_LINE 6500 7250
.X_DIM 750
.Y_DIM 874
.X_POINTS_PER_INCH 1000
.Y_POINTS_PER_INCH 1000
.POINTS_PER_SECOND 125
.COMMENT CALIB X: 104 Y: -146

.WRITER_INFO
 Name: P SURESH
 WriterId: 46
 Hand: right
 EducationLevel: college graduate
 Gender: male
 Profession: student
 Region: anakapalli
 Age: 21
 DeviceType: digimemo a402
 SkillDevice: average
 Language: hindi
 Script: indic
 Native: false
 Style: discrete
 UsageFreq: once a month
 Proficiency: good
 Date: 2007-6-20
 WritingInProfession: no

.PEN_DOWN
6643 1595 0
6646 1597 0
6652 1599 0
6664 1601 0
6684 1602 0
6711 1602 0
6744 1602 0
6778 1601 0
6807 1600 0
6831 1599 0
6847 1599 0
6859 1598 0
6867 1598 0
6871 1598 0
6879 1598 0
.PEN_UP
.PEN_DOWN
6812 1736 0
6811 1733 0
6808 1733 0
6805 1734 0
6801 1736 0
6798 1737 0
6795 1739 0
6791 1740 0
6786 1741 0
6781 1742 0
6775 1743 0
6769 1745 0
6764 1746 0
6760 1747 0
6757 1748 0
6754 1749 0
6751 1749 0
6747 1750 0
6742 1750 0
6737 1751 0
6732 1751 0
6724 1752 0
6713 1753 0
6702 1753 0
6693 1753 0
6684 1752 0
6677 1751 0
6671 1749 0
6665 1748 0
6659 1746 0
6653 1744 0
6649 1742 0
6647 1739 0
6646 1735 0
6646 1731 0
6647 1727 0
6648 1723 0
6649 1720 0
6650 1717 0
6652 1714 0
6654 1711 0
6658 1708 0
6664 1704 0
6672 1700 0
6682 1697 0
6693 1694 0
6702 1693 0
6710 1692 0
6717 1691 0
6722 1691 0
6726 1691 0
6729 1692 0
6732 1696 0
6735 1699 0
6738 1703 0
6740 1706 0
6741 1710 0
6742 1715 0
6743 1720 0
6743 1725 0
6743 1731 0
6742 1736 0
6741 1741 0
6739 1745 0
6737 1749 0
6735 1753 0
6733 1758 0
6730 1762 0
6727 1766 0
6725 1769 0
6722 1772 0
6720 1775 0
6717 1778 0
6712 1781 0
6708 1783 0
6705 1785 0
6701 1789 0
6697 1792 0
6695 1796 0
6693 1800 0
6691 1804 0
6689 1809 0
6687 1815 0
6684 1822 0
6682 1828 0
6681 1834 0
6680 1839 0
6680 1844 0
6681 1848 0
6683 1852 0
6686 1856 0
6690 1859 0
6695 1861 0
6700 1862 0
6707 1862 0
6715 1862 0
6722 1861 0
6728 1860 0
6733 1860 0
6738 1859 0
6743 1857 0
6749 1854 0
6752 1850 0
6755 1845 0
6757 1839 0
6758 1833 0
6758 1828 0
6758 1825 0
6757 1821 0
6757 1826 0
6758 1831 0
6760 1837 0
6762 1843 0
6765 1850 0
6768 1857 0
6771 1866 0
6773 1876 0
6774 1886 0
6774 1896 0
6772 1906 0
6769 1914 0
6764 1920 0
6760 1925 0
6754 1929 0
6747 1931 0
6741 1932 0
6738 1933 0
.PEN_UP
