.VERSION 1.0 
.HIERARCHY CHARACTER
.COORD X Y T
.SEGMENT CHARACTER 0-4 OK "11"
.H_LINE 4624 5499
.V_LINE 1999 2749
.X_DIM 749
.Y_DIM 874
.X_POINTS_PER_INCH 1000
.Y_POINTS_PER_INCH 1000
.POINTS_PER_SECOND 125
.COMMENT CALIB X: 4 Y: -53

.WRITER_INFO
 Name: RAVI KIRAN
 WriterId: 86
 Hand: right
 EducationLevel: college graduate
 Gender: male
 Profession: physical instructor
 Region: bangalore
 Age: 40
 DeviceType: digimemo a402
 SkillDevice: average
 Language: hindi
 Script: indic
 Native: false
 Style: discrete
 UsageFreq: once a week
 Proficiency: good
 Date: 2007-7-15
 WritingInProfession: no

.PEN_DOWN
2112 5001 0
2107 4997 0
2101 4991 0
2097 4985 0
2096 4978 0
2097 4972 0
2102 4967 0
2109 4964 0
2121 4962 0
2138 4963 0
2157 4966 0
2175 4970 0
2190 4975 0
2200 4981 0
2206 4987 0
2209 4995 0
2207 5004 0
2201 5014 0
2190 5024 0
2178 5032 0
2165 5038 0
2156 5042 0
2152 5044 0
2158 5046 0
2171 5048 0
2191 5050 0
2212 5053 0
2228 5056 0
2240 5062 0
2247 5069 0
2251 5077 0
2251 5088 0
2247 5101 0
2241 5112 0
2234 5121 0
2225 5128 0
2215 5132 0
2207 5132 0
2201 5129 0
2198 5122 0
2200 5108 0
2207 5090 0
2218 5071 0
2231 5051 0
2245 5033 0
2259 5019 0
2270 5007 0
2279 4996 0
2287 4988 0
2294 4983 0
2299 4982 0
2302 4986 0
2306 4995 0
2310 5006 0
2312 5020 0
2314 5034 0
2314 5048 0
2313 5063 0
2311 5077 0
2308 5090 0
2306 5102 0
2304 5111 0
2304 5115 0
2308 5112 0
.PEN_UP
.PEN_DOWN
2400 4989 0
2405 4987 0
2409 4986 0
2412 4988 0
2414 4993 0
2417 5002 0
2419 5014 0
2419 5026 0
2419 5039 0
2417 5050 0
2415 5062 0
2412 5074 0
2408 5083 0
2403 5088 0
.PEN_UP
.PEN_DOWN
2268 4798 0
2265 4802 0
2262 4809 0
2260 4817 0
2256 4826 0
2253 4834 0
2249 4840 0
2247 4832 0
2248 4820 0
2251 4809 0
2257 4799 0
2265 4792 0
2272 4788 0
2277 4788 0
2282 4790 0
2287 4796 0
2291 4807 0
2293 4824 0
2293 4845 0
2292 4868 0
2290 4891 0
2288 4911 0
.PEN_UP
.PEN_DOWN
2375 4849 0
2372 4846 0
2366 4841 0
2361 4836 0
2356 4832 0
2353 4828 0
2350 4823 0
2348 4816 0
2347 4808 0
2349 4796 0
2354 4787 0
2361 4780 0
2367 4775 0
2372 4772 0
2376 4772 0
2380 4776 0
2385 4784 0
2389 4795 0
2394 4811 0
2398 4831 0
2401 4854 0
2402 4879 0
2402 4905 0
2402 4927 0
2400 4946 0
2400 4961 0
.PEN_UP
.PEN_DOWN
2271 4949 0
2274 4949 0
2282 4951 0
2300 4953 0
2337 4956 0
2391 4957 0
2448 4953 0
.PEN_UP
