.VERSION 1.0 
.HIERARCHY CHARACTER
.COORD X Y T
.SEGMENT CHARACTER 0-2 OK "97"
.H_LINE 2999 3874
.V_LINE 3500 4250
.X_DIM 750
.Y_DIM 874
.X_POINTS_PER_INCH 1000
.Y_POINTS_PER_INCH 1000
.POINTS_PER_SECOND 125
.COMMENT CALIB X: 15 Y: 9

.WRITER_INFO
 Name: RAVI KIRAN
 WriterId: 86
 Hand: right
 EducationLevel: college graduate
 Gender: male
 Profession: physical instructor
 Region: bangalore
 Age: 40
 DeviceType: digimemo a402
 SkillDevice: average
 Language: hindi
 Script: indic
 Native: false
 Style: discrete
 UsageFreq: once a week
 Proficiency: good
 Date: 2007-7-15
 WritingInProfession: no

.PEN_DOWN
3656 3318 0
3653 3317 0
3650 3316 0
3653 3315 0
3664 3315 0
3686 3316 0
3717 3317 0
3748 3317 0
3777 3318 0
3802 3319 0
3819 3319 0
3828 3318 0
3832 3318 0
3835 3316 0
3839 3314 0
3843 3312 0
3849 3310 0
3854 3309 0
3846 3314 0
.PEN_UP
.PEN_DOWN
3766 3332 0
3765 3336 0
3765 3339 0
3765 3343 0
3766 3347 0
3768 3352 0
3770 3357 0
3773 3363 0
3777 3370 0
3781 3378 0
3785 3385 0
3788 3393 0
3790 3401 0
3792 3407 0
3793 3411 0
3789 3409 0
3783 3407 0
3774 3406 0
3764 3406 0
3755 3406 0
3746 3407 0
3737 3409 0
3728 3413 0
3719 3417 0
3712 3423 0
3707 3429 0
3704 3436 0
3703 3445 0
3704 3453 0
3709 3461 0
3718 3469 0
3734 3475 0
3751 3481 0
3770 3485 0
3789 3487 0
3811 3487 0
3834 3485 0
3851 3483 0
3861 3473 0
.PEN_UP
.PEN_DOWN
3781 3498 0
3785 3497 0
3788 3498 0
3791 3501 0
3794 3506 0
3797 3512 0
3799 3520 0
3802 3527 0
3804 3533 0
3806 3539 0
3808 3545 0
3810 3549 0
3811 3553 0
3808 3551 0
3804 3550 0
3798 3550 0
3789 3552 0
3779 3555 0
3771 3559 0
3763 3565 0
3758 3572 0
3755 3579 0
3754 3587 0
3755 3593 0
3762 3599 0
3781 3602 0
3818 3602 0
3874 3597 0
3929 3591 0
.PEN_UP
