.VERSION 1.0 
.HIERARCHY CHARACTER
.COORD X Y T
.SEGMENT CHARACTER 0-5 OK "11"
.H_LINE 4624 5499
.V_LINE 1999 2749
.X_DIM 749
.Y_DIM 874
.X_POINTS_PER_INCH 1000
.Y_POINTS_PER_INCH 1000
.POINTS_PER_SECOND 125
.COMMENT CALIB X: 31 Y: -15

.WRITER_INFO
 Name: C VINOD
 WriterId: 55
 Hand: right
 EducationLevel: college graduate
 Gender: male
 Profession: student
 Region: visakhapatnam
 Age: 20
 DeviceType: digimemo a402
 SkillDevice: average
 Language: hindi
 Script: indic
 Native: false
 Style: discrete
 UsageFreq: once a month
 Proficiency: good
 Date: 2007-6-22
 WritingInProfession: no

.PEN_DOWN
2207 5005 0
2204 5003 0
2202 5000 0
2201 4997 0
2202 4994 0
2204 4991 0
2210 4987 0
2221 4984 0
2235 4982 0
2250 4981 0
2264 4983 0
2276 4988 0
2286 4996 0
2293 5006 0
2296 5019 0
2296 5033 0
2291 5051 0
2281 5066 0
2271 5078 0
2262 5087 0
2256 5093 0
2253 5096 0
2257 5099 0
2264 5101 0
2273 5104 0
2285 5108 0
2295 5114 0
2305 5120 0
2311 5125 0
2313 5131 0
2311 5136 0
2306 5142 0
2295 5147 0
2280 5149 0
2263 5150 0
2246 5149 0
2233 5148 0
2222 5146 0
2214 5144 0
2211 5140 0
2211 5136 0
2218 5128 0
.PEN_UP
.PEN_DOWN
2312 5093 0
2314 5089 0
2319 5084 0
2326 5077 0
2336 5069 0
2349 5062 0
2361 5054 0
2373 5044 0
2384 5032 0
2391 5020 0
2394 5008 0
2395 4999 0
2394 4993 0
2393 4989 0
2392 4996 0
2391 5008 0
2391 5028 0
2391 5049 0
2390 5072 0
2388 5095 0
2387 5113 0
2388 5128 0
2389 5139 0
2391 5147 0
2393 5153 0
2395 5156 0
2398 5155 0
.PEN_UP
.PEN_DOWN
2475 5010 0
2475 5007 0
2474 5004 0
2473 5001 0
2471 5008 0
2470 5019 0
2471 5037 0
2472 5058 0
2473 5078 0
2473 5098 0
2474 5116 0
2475 5131 0
2476 5143 0
2476 5151 0
2476 5157 0
2479 5158 0
.PEN_UP
.PEN_DOWN
2391 4872 0
2395 4870 0
2402 4871 0
2412 4876 0
2425 4884 0
2439 4895 0
2452 4909 0
2464 4927 0
2474 4947 0
2482 4966 0
2487 4984 0
2491 4999 0
2493 5010 0
.PEN_UP
.PEN_DOWN
2530 4863 0
2530 4859 0
2530 4855 0
2530 4861 0
2530 4871 0
2529 4886 0
2526 4904 0
2520 4927 0
2514 4950 0
2507 4975 0
2500 4996 0
2494 5015 0
2489 5032 0
2486 5040 0
.PEN_UP
.PEN_DOWN
2368 4999 0
2372 5000 0
2380 4999 0
2389 4998 0
2408 4995 0
2436 4992 0
2467 4989 0
2495 4986 0
2521 4983 0
.PEN_UP
