.VERSION 1.0 
.HIERARCHY CHARACTER
.COORD X Y T
.SEGMENT CHARACTER 0-2 OK "6"
.H_LINE 2999 3874
.V_LINE 1999 2749
.X_DIM 749
.Y_DIM 874
.X_POINTS_PER_INCH 1000
.Y_POINTS_PER_INCH 1000
.POINTS_PER_SECOND 125
.COMMENT CALIB X: 26 Y: -115

.WRITER_INFO
 Name: N UDAY KIRAN
 WriterId: 48
 Hand: right
 EducationLevel: post graduate
 Gender: male
 Profession: student
 Region: hyderabad
 Age: 26
 DeviceType: digimemo a402
 SkillDevice: average
 Language: hindi
 Script: indic
 Native: false
 Style: discrete
 UsageFreq: once a month
 Proficiency: average
 Date: 2007-6-20
 WritingInProfession: no

.PEN_DOWN
2299 3372 0
2299 3369 0
2299 3366 0
2299 3363 0
2300 3360 0
2301 3357 0
2306 3354 0
2313 3353 0
2323 3354 0
2335 3356 0
2346 3359 0
2355 3363 0
2361 3367 0
2365 3373 0
2366 3381 0
2365 3390 0
2362 3400 0
2354 3410 0
2345 3419 0
2338 3425 0
2333 3428 0
2330 3430 0
2327 3431 0
2330 3431 0
2334 3430 0
2339 3431 0
2347 3433 0
2358 3438 0
2371 3443 0
2382 3449 0
2391 3457 0
2398 3465 0
2404 3474 0
2409 3483 0
2412 3491 0
2412 3499 0
2408 3507 0
2401 3514 0
2389 3519 0
2376 3522 0
2362 3523 0
2347 3522 0
2335 3520 0
2326 3516 0
2319 3511 0
2314 3506 0
2311 3502 0
2309 3499 0
2309 3499 0
.PEN_UP
.PEN_DOWN
2374 3426 0
2377 3423 0
2383 3420 0
2392 3417 0
2404 3414 0
2416 3412 0
2425 3411 0
2433 3412 0
2440 3414 0
2445 3417 0
2451 3423 0
2458 3431 0
2466 3439 0
2472 3446 0
2478 3454 0
2483 3462 0
2486 3471 0
2489 3480 0
2489 3489 0
2488 3497 0
2487 3505 0
2484 3512 0
2482 3517 0
2482 3517 0
.PEN_UP
.PEN_DOWN
2298 3363 0
2301 3362 0
2304 3362 0
2307 3362 0
2303 3364 0
2298 3366 0
2292 3368 0
2288 3368 0
2284 3368 0
2281 3366 0
2278 3364 0
2275 3363 0
2271 3364 0
2267 3364 0
2264 3363 0
2261 3363 0
2265 3364 0
2271 3364 0
2280 3364 0
2293 3362 0
2312 3360 0
2337 3357 0
2365 3355 0
2395 3354 0
2422 3353 0
2440 3352 0
2451 3351 0
2456 3351 0
2452 3353 0
2445 3357 0
2436 3359 0
.PEN_UP
