.VERSION 1.0 
.HIERARCHY CHARACTER
.COORD X Y T
.SEGMENT CHARACTER 0-1 OK "90"
.H_LINE 1374 2249
.V_LINE 499 1250
.X_DIM 750
.Y_DIM 874
.X_POINTS_PER_INCH 1000
.Y_POINTS_PER_INCH 1000
.POINTS_PER_SECOND 125
.COMMENT CALIB X: 16 Y: -130

.WRITER_INFO
 Name: N UDAY KIRAN
 WriterId: 48
 Hand: right
 EducationLevel: post graduate
 Gender: male
 Profession: student
 Region: hyderabad
 Age: 26
 DeviceType: digimemo a402
 SkillDevice: average
 Language: hindi
 Script: indic
 Native: false
 Style: discrete
 UsageFreq: once a month
 Proficiency: average
 Date: 2007-6-20
 WritingInProfession: no

.PEN_DOWN
813 1721 0
810 1724 0
809 1730 0
807 1738 0
805 1747 0
803 1757 0
799 1767 0
796 1775 0
793 1781 0
791 1786 0
789 1790 0
787 1794 0
785 1797 0
785 1794 0
785 1791 0
785 1788 0
784 1785 0
781 1783 0
780 1780 0
780 1777 0
780 1774 0
784 1774 0
789 1774 0
795 1774 0
798 1775 0
801 1776 0
806 1778 0
809 1780 0
812 1783 0
815 1786 0
810 1788 0
804 1789 0
798 1789 0
792 1789 0
788 1788 0
785 1784 0
784 1779 0
783 1775 0
783 1772 0
788 1771 0
794 1771 0
799 1772 0
804 1773 0
809 1774 0
813 1776 0
817 1778 0
821 1780 0
824 1783 0
828 1787 0
831 1791 0
832 1795 0
832 1799 0
831 1802 0
828 1807 0
824 1811 0
819 1816 0
812 1821 0
802 1825 0
792 1829 0
782 1832 0
774 1833 0
768 1832 0
763 1831 0
759 1828 0
756 1826 0
753 1824 0
756 1822 0
761 1821 0
766 1822 0
771 1824 0
777 1827 0
784 1831 0
790 1835 0
797 1841 0
805 1849 0
812 1858 0
819 1867 0
824 1876 0
829 1883 0
833 1889 0
837 1893 0
840 1895 0
843 1894 0
846 1890 0
850 1885 0
852 1879 0
.PEN_UP
.PEN_DOWN
778 1713 0
782 1712 0
788 1710 0
799 1708 0
814 1707 0
834 1706 0
856 1706 0
874 1707 0
888 1709 0
897 1714 0
.PEN_UP
