.VERSION 1.0 
.HIERARCHY CHARACTER
.COORD X Y T
.SEGMENT CHARACTER 0-2 OK "103"
.H_LINE 4624 5499
.V_LINE 5000 5750
.X_DIM 750
.Y_DIM 874
.X_POINTS_PER_INCH 1000
.Y_POINTS_PER_INCH 1000
.POINTS_PER_SECOND 125
.COMMENT CALIB X: 46 Y: -117

.WRITER_INFO
 Name: N UDAY KIRAN
 WriterId: 48
 Hand: right
 EducationLevel: post graduate
 Gender: male
 Profession: student
 Region: hyderabad
 Age: 26
 DeviceType: digimemo a402
 SkillDevice: average
 Language: hindi
 Script: indic
 Native: false
 Style: discrete
 UsageFreq: once a month
 Proficiency: average
 Date: 2007-6-20
 WritingInProfession: no

.PEN_DOWN
5302 5059 0
5303 5056 0
5302 5053 0
5301 5050 0
5303 5053 0
5305 5056 0
5310 5061 0
5313 5065 0
5316 5070 0
5318 5075 0
5319 5079 0
5318 5083 0
5316 5086 0
5311 5088 0
5305 5089 0
5299 5087 0
5294 5084 0
5288 5079 0
5283 5073 0
5278 5067 0
5275 5060 0
5273 5055 0
5273 5051 0
5277 5049 0
5285 5048 0
5296 5048 0
5309 5048 0
5326 5048 0
5346 5048 0
5370 5047 0
5395 5046 0
5419 5045 0
5435 5043 0
5442 5041 0
5445 5038 0
5444 5033 0
5441 5029 0
5438 5026 0
5434 5023 0
5431 5021 0
5428 5019 0
5425 5015 0
5424 5012 0
5423 5009 0
5422 5006 0
5422 5010 0
5422 5017 0
5422 5026 0
5422 5035 0
5422 5044 0
5422 5053 0
5422 5063 0
5422 5075 0
5423 5089 0
5424 5105 0
5425 5121 0
5427 5136 0
5429 5149 0
5432 5158 0
5434 5162 0
5434 5162 0
.PEN_UP
.PEN_DOWN
5381 5065 0
5378 5067 0
5375 5069 0
5370 5072 0
5363 5077 0
5355 5083 0
5347 5091 0
5338 5102 0
5330 5115 0
5323 5127 0
5317 5139 0
5313 5152 0
5311 5162 0
5311 5170 0
5313 5176 0
5318 5179 0
5325 5180 0
5334 5178 0
5342 5175 0
5348 5172 0
5352 5168 0
5356 5165 0
5358 5161 0
5359 5157 0
5358 5152 0
5356 5147 0
5351 5144 0
5344 5142 0
5336 5143 0
5328 5145 0
5322 5149 0
.PEN_UP
.PEN_DOWN
5331 4976 0
5334 4978 0
5339 4980 0
5349 4982 0
5366 4984 0
5392 4986 0
5423 4988 0
5453 4989 0
5478 4989 0
5497 4989 0
5509 4988 0
5515 4988 0
5515 4988 0
.PEN_UP
