.VERSION 1.0 
.HIERARCHY CHARACTER
.COORD X Y T
.SEGMENT CHARACTER 0-4 OK "7"
.H_LINE 2999 3874
.V_LINE 3500 4250
.X_DIM 750
.Y_DIM 874
.X_POINTS_PER_INCH 1000
.Y_POINTS_PER_INCH 1000
.POINTS_PER_SECOND 125
.COMMENT CALIB X: 7 Y: -113

.WRITER_INFO
 Name: Y SRAVAN KUMAR
 WriterId: 28
 Hand: right
 EducationLevel: college graduate
 Gender: male
 Profession: student
 Region: markapur
 Age: 22
 DeviceType: digimemo a402
 SkillDevice: average
 Language: hindi
 Script: indic
 Native: false
 Style: discrete
 UsageFreq: rarely
 Proficiency: average
 Date: 2007-6-15
 WritingInProfession: no

.PEN_DOWN
3841 3329 0
3838 3327 0
3837 3331 0
3839 3339 0
3841 3352 0
3844 3368 0
3847 3385 0
3850 3403 0
3853 3423 0
3856 3443 0
3859 3461 0
3861 3474 0
3862 3483 0
3863 3489 0
3863 3492 0
3862 3489 0
3861 3484 0
.PEN_UP
.PEN_DOWN
3766 3394 0
3768 3391 0
3774 3389 0
3782 3389 0
3795 3389 0
3812 3391 0
3829 3393 0
3844 3395 0
3855 3398 0
3861 3400 0
3865 3403 0
3865 3406 0
3863 3410 0
3860 3415 0
3856 3421 0
3852 3430 0
3847 3441 0
3841 3451 0
3836 3461 0
3832 3469 0
3829 3476 0
3827 3481 0
.PEN_UP
.PEN_DOWN
3862 3415 0
3859 3416 0
3856 3420 0
3852 3427 0
3847 3437 0
3840 3448 0
3832 3460 0
3824 3471 0
3815 3484 0
3806 3496 0
3797 3506 0
3789 3513 0
3784 3519 0
3782 3522 0
3783 3518 0
3783 3514 0
.PEN_UP
.PEN_DOWN
3870 3402 0
3867 3401 0
3871 3401 0
3879 3399 0
3893 3396 0
3909 3392 0
3925 3387 0
3941 3381 0
3955 3374 0
3967 3368 0
3975 3361 0
3981 3356 0
3984 3352 0
3985 3349 0
3984 3346 0
3980 3345 0
3977 3345 0
3971 3347 0
3964 3350 0
3957 3353 0
3950 3358 0
3942 3363 0
3934 3370 0
3927 3379 0
3922 3387 0
3918 3394 0
3917 3402 0
3918 3409 0
3922 3416 0
3929 3421 0
3939 3424 0
3952 3426 0
3966 3426 0
3978 3424 0
3989 3422 0
3996 3421 0
4000 3420 0
3997 3421 0
3994 3423 0
3991 3426 0
3987 3430 0
3983 3436 0
3977 3442 0
3973 3450 0
3969 3459 0
3966 3469 0
3964 3478 0
3963 3487 0
3963 3494 0
3966 3500 0
3971 3504 0
3978 3506 0
3986 3506 0
3997 3505 0
4008 3501 0
4019 3496 0
4031 3490 0
.PEN_UP
.PEN_DOWN
3796 3315 0
3792 3314 0
3791 3311 0
3800 3309 0
3817 3307 0
3842 3305 0
3874 3303 0
3908 3301 0
3939 3300 0
3964 3299 0
3982 3299 0
3993 3299 0
3998 3299 0
3998 3299 0
.PEN_UP
