.VERSION 1.0 
.HIERARCHY CHARACTER
.COORD X Y T
.SEGMENT CHARACTER 0-4 OK "10"
.H_LINE 4624 5499
.V_LINE 499 1250
.X_DIM 750
.Y_DIM 874
.X_POINTS_PER_INCH 1000
.Y_POINTS_PER_INCH 1000
.POINTS_PER_SECOND 125
.COMMENT CALIB X: -16 Y: -28

.WRITER_INFO
 Name: Y SRAVAN KUMAR
 WriterId: 28
 Hand: right
 EducationLevel: college graduate
 Gender: male
 Profession: student
 Region: markapur
 Age: 22
 DeviceType: digimemo a402
 SkillDevice: average
 Language: hindi
 Script: indic
 Native: false
 Style: discrete
 UsageFreq: rarely
 Proficiency: average
 Date: 2007-6-15
 WritingInProfession: no

.PEN_DOWN
607 5077 0
603 5075 0
598 5072 0
593 5069 0
590 5065 0
588 5062 0
588 5059 0
589 5056 0
594 5052 0
601 5048 0
615 5044 0
634 5042 0
654 5042 0
670 5044 0
681 5046 0
687 5049 0
691 5054 0
693 5060 0
693 5067 0
691 5075 0
686 5084 0
680 5094 0
673 5103 0
665 5111 0
657 5118 0
652 5123 0
649 5126 0
652 5127 0
656 5127 0
661 5127 0
667 5128 0
674 5129 0
683 5131 0
692 5134 0
701 5137 0
708 5142 0
713 5149 0
717 5157 0
719 5167 0
719 5176 0
717 5186 0
713 5195 0
707 5202 0
701 5208 0
692 5211 0
683 5212 0
672 5210 0
661 5207 0
650 5202 0
640 5196 0
630 5191 0
621 5187 0
615 5183 0
612 5181 0
612 5181 0
.PEN_UP
.PEN_DOWN
667 5125 0
674 5122 0
684 5120 0
696 5118 0
710 5116 0
724 5114 0
737 5112 0
747 5110 0
755 5107 0
761 5103 0
765 5098 0
767 5092 0
768 5086 0
768 5080 0
767 5074 0
765 5069 0
764 5065 0
762 5070 0
762 5079 0
763 5091 0
764 5104 0
766 5120 0
767 5134 0
769 5148 0
771 5162 0
772 5174 0
774 5184 0
775 5192 0
775 5197 0
776 5200 0
777 5197 0
778 5191 0
779 5182 0
.PEN_UP
.PEN_DOWN
820 5080 0
819 5077 0
821 5080 0
823 5085 0
826 5092 0
829 5100 0
832 5110 0
836 5121 0
840 5132 0
843 5143 0
847 5153 0
850 5162 0
853 5170 0
855 5175 0
856 5179 0
859 5178 0
868 5170 0
.PEN_UP
.PEN_DOWN
763 4978 0
760 4973 0
758 4970 0
761 4975 0
766 4984 0
773 4995 0
781 5008 0
791 5023 0
802 5038 0
812 5052 0
820 5064 0
826 5075 0
830 5084 0
833 5089 0
834 5092 0
.PEN_UP
.PEN_DOWN
756 5061 0
759 5062 0
763 5063 0
767 5065 0
771 5067 0
778 5068 0
790 5068 0
805 5067 0
819 5065 0
834 5063 0
849 5060 0
865 5057 0
884 5055 0
.PEN_UP
