.VERSION 1.0 
.HIERARCHY CHARACTER
.COORD X Y T
.SEGMENT CHARACTER 0-2 OK "33"
.H_LINE 1374 2249
.V_LINE 5000 5750
.X_DIM 750
.Y_DIM 874
.X_POINTS_PER_INCH 1000
.Y_POINTS_PER_INCH 1000
.POINTS_PER_SECOND 125
.COMMENT CALIB X: -4 Y: -52

.WRITER_INFO
 Name: Y SRAVAN KUMAR
 WriterId: 28
 Hand: right
 EducationLevel: college graduate
 Gender: male
 Profession: student
 Region: markapur
 Age: 22
 DeviceType: digimemo a402
 SkillDevice: average
 Language: hindi
 Script: indic
 Native: false
 Style: discrete
 UsageFreq: rarely
 Proficiency: average
 Date: 2007-6-15
 WritingInProfession: no

.PEN_DOWN
5167 1741 0
5160 1738 0
5156 1736 0
5153 1734 0
5150 1734 0
5149 1739 0
5148 1747 0
5148 1757 0
5148 1769 0
5149 1784 0
5150 1798 0
5152 1811 0
5155 1823 0
5160 1834 0
5168 1843 0
5179 1850 0
5192 1855 0
5205 1857 0
5219 1857 0
5233 1853 0
5244 1847 0
5253 1838 0
5260 1828 0
5265 1816 0
5268 1803 0
5269 1790 0
5269 1778 0
5268 1768 0
5267 1759 0
5266 1753 0
5265 1750 0
5264 1753 0
5264 1757 0
5264 1763 0
5264 1770 0
5265 1780 0
5266 1791 0
5266 1803 0
5267 1818 0
5268 1832 0
5268 1846 0
5269 1860 0
5271 1872 0
5273 1885 0
5274 1896 0
5274 1903 0
5274 1908 0
5274 1904 0
5273 1896 0
.PEN_UP
.PEN_DOWN
5252 1837 0
5255 1833 0
5260 1828 0
5266 1823 0
5274 1818 0
5284 1814 0
5294 1811 0
5305 1808 0
5316 1808 0
5325 1810 0
5331 1814 0
5336 1820 0
5341 1827 0
5346 1835 0
5350 1843 0
5352 1851 0
5353 1858 0
5353 1863 0
5351 1869 0
5352 1873 0
.PEN_UP
.PEN_DOWN
5113 1726 0
5109 1725 0
5106 1723 0
5108 1719 0
5115 1715 0
5130 1711 0
5152 1708 0
5180 1704 0
5209 1702 0
5233 1700 0
5255 1699 0
5274 1699 0
5289 1699 0
5299 1699 0
5305 1700 0
5308 1698 0
.PEN_UP
