.VERSION 1.0 
.HIERARCHY CHARACTER
.COORD X Y T
.SEGMENT CHARACTER 0-2 OK "39"
.H_LINE 2999 3874
.V_LINE 6500 7250
.X_DIM 750
.Y_DIM 874
.X_POINTS_PER_INCH 1000
.Y_POINTS_PER_INCH 1000
.POINTS_PER_SECOND 125
.COMMENT CALIB X: 12 Y: -98

.WRITER_INFO
 Name: Y SRAVAN KUMAR
 WriterId: 28
 Hand: right
 EducationLevel: college graduate
 Gender: male
 Profession: student
 Region: markapur
 Age: 22
 DeviceType: digimemo a402
 SkillDevice: average
 Language: hindi
 Script: indic
 Native: false
 Style: discrete
 UsageFreq: rarely
 Proficiency: average
 Date: 2007-6-15
 WritingInProfession: no

.PEN_DOWN
6737 3425 0
6733 3422 0
6728 3420 0
6728 3427 0
6730 3437 0
6732 3451 0
6735 3466 0
6736 3480 0
6737 3492 0
6735 3501 0
6734 3507 0
6732 3511 0
6730 3508 0
6729 3502 0
6729 3492 0
6730 3479 0
6731 3463 0
6731 3447 0
6731 3435 0
6731 3424 0
6732 3414 0
6734 3406 0
6736 3400 0
6738 3396 0
6743 3391 0
6750 3387 0
6758 3384 0
6766 3383 0
6775 3385 0
6784 3389 0
6792 3396 0
6799 3404 0
6804 3414 0
6806 3425 0
6808 3435 0
6808 3445 0
6808 3451 0
6807 3454 0
6807 3451 0
6807 3446 0
6807 3439 0
6808 3430 0
6810 3421 0
6813 3412 0
6817 3405 0
6821 3400 0
6825 3396 0
6831 3393 0
6837 3392 0
6843 3394 0
6851 3398 0
6861 3405 0
6870 3414 0
6878 3425 0
6884 3437 0
6888 3449 0
6892 3459 0
6894 3466 0
6895 3471 0
6893 3463 0
6891 3451 0
6889 3436 0
6885 3418 0
6881 3400 0
6877 3381 0
6872 3363 0
6866 3347 0
6862 3332 0
6858 3320 0
6855 3309 0
6853 3301 0
6852 3296 0
6852 3300 0
.PEN_UP
.PEN_DOWN
6703 3312 0
6709 3309 0
6721 3305 0
6741 3301 0
6764 3296 0
6795 3292 0
6834 3287 0
6876 3282 0
6912 3278 0
6941 3275 0
6961 3272 0
6973 3270 0
6979 3269 0
6982 3268 0
6980 3271 0
6977 3274 0
6974 3280 0
6974 3280 0
.PEN_UP
.PEN_DOWN
6858 3315 0
6859 3310 0
6860 3305 0
6860 3301 0
6860 3298 0
6861 3302 0
6863 3309 0
6867 3318 0
6871 3329 0
6875 3343 0
6879 3359 0
6883 3376 0
6886 3391 0
6889 3404 0
6892 3414 0
6895 3422 0
6898 3427 0
6907 3429 0
.PEN_UP
