.VERSION 1.0 
.HIERARCHY CHARACTER
.COORD X Y T
.SEGMENT CHARACTER 0-3 OK "43"
.H_LINE 4624 5499
.V_LINE 5000 5750
.X_DIM 750
.Y_DIM 874
.X_POINTS_PER_INCH 1000
.Y_POINTS_PER_INCH 1000
.POINTS_PER_SECOND 125
.COMMENT CALIB X: 24 Y: -85

.WRITER_INFO
 Name: Y SRAVAN KUMAR
 WriterId: 28
 Hand: right
 EducationLevel: college graduate
 Gender: male
 Profession: student
 Region: markapur
 Age: 22
 DeviceType: digimemo a402
 SkillDevice: average
 Language: hindi
 Script: indic
 Native: false
 Style: discrete
 UsageFreq: rarely
 Proficiency: average
 Date: 2007-6-15
 WritingInProfession: no

.PEN_DOWN
5212 4918 0
5202 4914 0
5196 4909 0
5193 4905 0
5192 4901 0
5193 4897 0
5197 4894 0
5203 4892 0
5211 4891 0
5223 4894 0
5238 4901 0
5251 4910 0
5262 4923 0
5270 4938 0
5274 4956 0
5275 4975 0
5272 4993 0
5265 5010 0
5256 5025 0
5244 5038 0
5230 5047 0
5217 5052 0
5207 5055 0
5201 5055 0
5198 5054 0
5198 5051 0
5201 5047 0
5205 5042 0
5210 5037 0
5214 5034 0
5218 5032 0
5221 5031 0
5226 5035 0
5232 5041 0
5239 5048 0
5246 5056 0
5253 5064 0
5262 5072 0
5270 5079 0
5276 5085 0
5282 5088 0
5286 5089 0
5289 5089 0
5291 5083 0
.PEN_UP
.PEN_DOWN
5279 4963 0
5278 4960 0
5278 4957 0
5282 4955 0
5289 4952 0
5300 4950 0
5314 4948 0
5330 4946 0
5344 4944 0
5357 4942 0
5365 4941 0
5369 4939 0
5370 4936 0
5375 4932 0
.PEN_UP
.PEN_DOWN
5389 4888 0
5386 4885 0
5383 4883 0
5382 4887 0
5383 4895 0
5384 4908 0
5388 4925 0
5392 4946 0
5396 4967 0
5399 4988 0
5401 5007 0
5402 5023 0
5403 5036 0
5402 5045 0
5402 5050 0
5401 5053 0
5406 5050 0
.PEN_UP
.PEN_DOWN
5176 4871 0
5171 4870 0
5167 4869 0
5167 4866 0
5172 4864 0
5183 4862 0
5204 4860 0
5230 4859 0
5258 4858 0
5287 4857 0
5320 4856 0
5352 4855 0
5379 4854 0
5400 4853 0
5412 4853 0
5418 4853 0
5421 4853 0
5422 4846 0
.PEN_UP
