.VERSION 1.0 
.HIERARCHY CHARACTER
.COORD X Y T
.SEGMENT CHARACTER 0-2 OK "45"
.H_LINE 6249 7124
.V_LINE 499 1250
.X_DIM 750
.Y_DIM 875
.X_POINTS_PER_INCH 1000
.Y_POINTS_PER_INCH 1000
.POINTS_PER_SECOND 125
.COMMENT CALIB X: -10 Y: -46

.WRITER_INFO
 Name: Y SRAVAN KUMAR
 WriterId: 28
 Hand: right
 EducationLevel: college graduate
 Gender: male
 Profession: student
 Region: markapur
 Age: 22
 DeviceType: digimemo a402
 SkillDevice: average
 Language: hindi
 Script: indic
 Native: false
 Style: discrete
 UsageFreq: rarely
 Proficiency: average
 Date: 2007-6-15
 WritingInProfession: no

.PEN_DOWN
852 6662 0
853 6665 0
843 6668 0
836 6672 0
829 6677 0
821 6681 0
813 6685 0
804 6690 0
792 6695 0
777 6700 0
757 6705 0
740 6708 0
726 6710 0
713 6710 0
703 6709 0
696 6707 0
693 6706 0
691 6701 0
690 6695 0
691 6689 0
692 6684 0
693 6679 0
695 6674 0
697 6669 0
699 6663 0
701 6658 0
704 6653 0
708 6648 0
711 6644 0
714 6641 0
716 6638 0
719 6636 0
722 6634 0
725 6632 0
728 6631 0
731 6630 0
735 6630 0
739 6630 0
743 6630 0
746 6631 0
749 6632 0
751 6635 0
753 6638 0
755 6641 0
756 6644 0
757 6647 0
758 6650 0
758 6654 0
758 6657 0
758 6660 0
759 6663 0
759 6667 0
758 6672 0
757 6678 0
756 6684 0
754 6692 0
752 6699 0
750 6705 0
748 6712 0
746 6721 0
744 6729 0
741 6736 0
739 6744 0
737 6751 0
735 6758 0
733 6765 0
731 6772 0
729 6778 0
728 6785 0
727 6792 0
726 6798 0
725 6803 0
725 6808 0
726 6814 0
728 6818 0
729 6822 0
731 6826 0
734 6830 0
738 6834 0
743 6838 0
750 6841 0
757 6842 0
764 6841 0
773 6840 0
781 6838 0
788 6835 0
794 6830 0
798 6825 0
802 6819 0
804 6813 0
804 6807 0
803 6802 0
801 6798 0
799 6794 0
797 6790 0
793 6787 0
790 6786 0
788 6789 0
786 6792 0
785 6797 0
783 6803 0
781 6811 0
778 6820 0
776 6830 0
774 6838 0
772 6845 0
771 6852 0
770 6858 0
768 6863 0
767 6866 0
766 6869 0
763 6870 0
760 6870 0
754 6869 0
749 6868 0
.PEN_UP
.PEN_DOWN
849 6623 0
846 6616 0
844 6612 0
843 6618 0
843 6626 0
845 6638 0
848 6654 0
850 6671 0
851 6689 0
852 6709 0
855 6730 0
858 6748 0
860 6763 0
861 6774 0
862 6782 0
863 6786 0
863 6778 0
870 6768 0
.PEN_UP
.PEN_DOWN
777 6595 0
781 6593 0
790 6591 0
804 6590 0
824 6588 0
847 6586 0
874 6584 0
899 6581 0
920 6578 0
936 6576 0
948 6575 0
955 6574 0
959 6574 0
962 6575 0
962 6575 0
.PEN_UP
