.VERSION 1.0 
.HIERARCHY CHARACTER
.COORD X Y T
.SEGMENT CHARACTER 0-2 OK "77"
.H_LINE 6249 7124
.V_LINE 3500 4250
.X_DIM 750
.Y_DIM 875
.X_POINTS_PER_INCH 1000
.Y_POINTS_PER_INCH 1000
.POINTS_PER_SECOND 125
.COMMENT CALIB X: 28 Y: -78

.WRITER_INFO
 Name: Y SRAVAN KUMAR
 WriterId: 28
 Hand: right
 EducationLevel: college graduate
 Gender: male
 Profession: student
 Region: markapur
 Age: 22
 DeviceType: digimemo a402
 SkillDevice: average
 Language: hindi
 Script: indic
 Native: false
 Style: discrete
 UsageFreq: rarely
 Proficiency: average
 Date: 2007-6-15
 WritingInProfession: no

.PEN_DOWN
3813 6608 0
3810 6607 0
3807 6607 0
3803 6609 0
3798 6611 0
3790 6615 0
3782 6620 0
3773 6625 0
3766 6631 0
3760 6637 0
3756 6644 0
3754 6652 0
3755 6661 0
3758 6670 0
3764 6677 0
3772 6682 0
3781 6685 0
3789 6685 0
3796 6683 0
3801 6680 0
3804 6678 0
3805 6675 0
3805 6672 0
3804 6669 0
3801 6667 0
3798 6666 0
3793 6671 0
3790 6677 0
3787 6685 0
3785 6693 0
3783 6701 0
3782 6710 0
3782 6719 0
3783 6726 0
3784 6731 0
3785 6734 0
3789 6736 0
3793 6736 0
3799 6736 0
3807 6735 0
3817 6734 0
3826 6732 0
3836 6730 0
3846 6728 0
3855 6726 0
3863 6724 0
3868 6722 0
3872 6720 0
3875 6717 0
3877 6714 0
3880 6711 0
3883 6707 0
3887 6702 0
3891 6697 0
3895 6692 0
3899 6687 0
3903 6682 0
3907 6677 0
3909 6673 0
3910 6670 0
3911 6667 0
3912 6664 0
3912 6661 0
3912 6658 0
3912 6655 0
3912 6652 0
3911 6649 0
3910 6646 0
3909 6643 0
3908 6639 0
3908 6635 0
3907 6632 0
3907 6629 0
3905 6626 0
3904 6623 0
3905 6620 0
.PEN_UP
.PEN_DOWN
3810 6605 0
3811 6609 0
3811 6613 0
3811 6617 0
3812 6622 0
3812 6625 0
3812 6628 0
3809 6631 0
3806 6632 0
3802 6632 0
3798 6632 0
3794 6631 0
3791 6630 0
3787 6629 0
.PEN_UP
.PEN_DOWN
3790 6564 0
3787 6563 0
3791 6564 0
3798 6565 0
3809 6566 0
3824 6566 0
3841 6566 0
3858 6566 0
3872 6566 0
3883 6566 0
3890 6566 0
3893 6566 0
3895 6563 0
3898 6566 0
.PEN_UP
