.VERSION 1.0 
.HIERARCHY CHARACTER
.COORD X Y T
.SEGMENT CHARACTER 0-3 OK "107"
.H_LINE 6249 7124
.V_LINE 3500 4250
.X_DIM 750
.Y_DIM 875
.X_POINTS_PER_INCH 1000
.Y_POINTS_PER_INCH 1000
.POINTS_PER_SECOND 125
.COMMENT CALIB X: 28 Y: -78

.WRITER_INFO
 Name: Y SRAVAN KUMAR
 WriterId: 28
 Hand: right
 EducationLevel: college graduate
 Gender: male
 Profession: student
 Region: markapur
 Age: 22
 DeviceType: digimemo a402
 SkillDevice: average
 Language: hindi
 Script: indic
 Native: false
 Style: discrete
 UsageFreq: rarely
 Proficiency: average
 Date: 2007-6-15
 WritingInProfession: no

.PEN_DOWN
3802 6561 0
3800 6558 0
3805 6560 0
3814 6564 0
3825 6570 0
3839 6575 0
3852 6580 0
3863 6584 0
3871 6587 0
3875 6590 0
3872 6592 0
3867 6593 0
3859 6593 0
3850 6593 0
3842 6593 0
3835 6595 0
3830 6597 0
3825 6600 0
3819 6603 0
3814 6608 0
3810 6613 0
3807 6619 0
3804 6625 0
3801 6631 0
3799 6637 0
3798 6642 0
3798 6647 0
3799 6651 0
3801 6655 0
3803 6659 0
3807 6662 0
3812 6664 0
3818 6666 0
3825 6668 0
3831 6669 0
3836 6670 0
3839 6671 0
3842 6672 0
3845 6671 0
3848 6670 0
3852 6669 0
3856 6668 0
3860 6667 0
3863 6666 0
3866 6665 0
3869 6665 0
3873 6665 0
3879 6665 0
3887 6666 0
3895 6667 0
3903 6669 0
3910 6671 0
3917 6674 0
3922 6677 0
3926 6680 0
3928 6683 0
3930 6686 0
3931 6689 0
3927 6690 0
3922 6690 0
3917 6690 0
.PEN_UP
.PEN_DOWN
3842 6668 0
3839 6667 0
3836 6667 0
3832 6667 0
3828 6668 0
3821 6670 0
3815 6674 0
3809 6681 0
3804 6691 0
3799 6702 0
3796 6721 0
3793 6741 0
3794 6758 0
3798 6773 0
3804 6785 0
3813 6794 0
3825 6800 0
3839 6803 0
3854 6803 0
3870 6800 0
3885 6791 0
3899 6785 0
.PEN_UP
.PEN_DOWN
3765 6555 0
3766 6552 0
3773 6549 0
3784 6547 0
3798 6546 0
3816 6545 0
3839 6544 0
3862 6544 0
3882 6544 0
3899 6545 0
3910 6546 0
3917 6547 0
3920 6548 0
3916 6551 0
3912 6555 0
.PEN_UP
.PEN_DOWN
3898 6690 0
3895 6693 0
3891 6698 0
3884 6703 0
3877 6708 0
3871 6714 0
3866 6722 0
3859 6731 0
3850 6741 0
3840 6753 0
3829 6766 0
3817 6779 0
3806 6792 0
3792 6804 0
3781 6814 0
3773 6821 0
3768 6825 0
3773 6820 0
3780 6818 0
.PEN_UP
