.VERSION 1.0 
.HIERARCHY CHARACTER
.COORD X Y T
.SEGMENT CHARACTER 0-3 OK "105"
.H_LINE 6249 7124
.V_LINE 499 1250
.X_DIM 750
.Y_DIM 875
.X_POINTS_PER_INCH 1000
.Y_POINTS_PER_INCH 1000
.POINTS_PER_SECOND 125
.COMMENT CALIB X: -23 Y: 39

.WRITER_INFO
 Name: E LALITHA KUMARI
 WriterId: 87
 Hand: right
 EducationLevel: college graduate
 Gender: female
 Profession: house wife
 Region: hyderabad
 Age: 48
 DeviceType: digimemo a402
 SkillDevice: average
 Language: hindi
 Script: indic
 Native: false
 Style: discrete
 UsageFreq: once a month
 Proficiency: average
 Date: 2007-7-21
 WritingInProfession: no

.PEN_DOWN
795 6388 0
796 6393 0
800 6399 0
804 6406 0
808 6413 0
811 6422 0
813 6430 0
813 6434 0
810 6436 0
803 6439 0
791 6443 0
776 6449 0
762 6456 0
750 6464 0
742 6470 0
738 6478 0
738 6488 0
741 6496 0
748 6504 0
762 6508 0
785 6508 0
816 6504 0
844 6500 0
865 6497 0
876 6496 0
881 6496 0
880 6500 0
878 6505 0
876 6510 0
874 6513 0
874 6513 0
.PEN_UP
.PEN_DOWN
817 6511 0
811 6514 0
802 6520 0
792 6531 0
781 6546 0
771 6566 0
762 6586 0
757 6602 0
757 6614 0
763 6622 0
778 6624 0
805 6620 0
841 6611 0
875 6601 0
901 6592 0
918 6588 0
926 6586 0
.PEN_UP
.PEN_DOWN
959 6396 0
959 6401 0
960 6411 0
962 6426 0
964 6445 0
966 6465 0
967 6482 0
966 6501 0
962 6516 0
956 6525 0
950 6530 0
944 6531 0
939 6528 0
935 6520 0
931 6510 0
929 6501 0
929 6493 0
931 6488 0
934 6483 0
941 6479 0
954 6472 0
969 6466 0
986 6459 0
1004 6452 0
1023 6445 0
1040 6437 0
1052 6429 0
1057 6421 0
1055 6413 0
1049 6405 0
1041 6399 0
1035 6395 0
1031 6393 0
1029 6398 0
1029 6411 0
1029 6429 0
1031 6449 0
1032 6474 0
1033 6498 0
1034 6518 0
1036 6534 0
1038 6549 0
.PEN_UP
.PEN_DOWN
734 6394 0
730 6394 0
727 6394 0
735 6394 0
757 6394 0
803 6392 0
867 6390 0
926 6387 0
985 6384 0
1031 6382 0
1059 6381 0
1071 6381 0
1055 6386 0
1025 6391 0
.PEN_UP
