.VERSION 1.0 
.HIERARCHY CHARACTER
.COORD X Y T
.SEGMENT CHARACTER 0-1 OK "28"
.H_LINE 9500 10374
.V_LINE 5000 5750
.X_DIM 750
.Y_DIM 874
.X_POINTS_PER_INCH 1000
.Y_POINTS_PER_INCH 1000
.POINTS_PER_SECOND 125
.COMMENT CALIB X: -1 Y: -118

.WRITER_INFO
 Name: SHREYAS
 WriterId: 65
 Hand: right
 EducationLevel: college graduate
 Gender: male
 Profession: student
 Region: chennai
 Age: 21
 DeviceType: digimemo a402
 SkillDevice: average
 Language: hindi
 Script: indic
 Native: false
 Style: discrete
 UsageFreq: once a week
 Proficiency: average
 Date: 2007-6-26
 WritingInProfession: no

.PEN_DOWN
5254 9798 0
5251 9798 0
5246 9797 0
5241 9797 0
5236 9800 0
5228 9804 0
5221 9809 0
5214 9817 0
5208 9826 0
5203 9836 0
5198 9846 0
5194 9855 0
5191 9862 0
5189 9867 0
5191 9864 0
5196 9857 0
5203 9848 0
5209 9839 0
5216 9830 0
5224 9821 0
5233 9814 0
5243 9805 0
5254 9799 0
5264 9795 0
5272 9793 0
5278 9794 0
5284 9795 0
5288 9800 0
5291 9807 0
5292 9816 0
5290 9829 0
5287 9844 0
5283 9861 0
5279 9880 0
5276 9900 0
5274 9920 0
5274 9937 0
5275 9950 0
5278 9959 0
5282 9964 0
5288 9965 0
5297 9961 0
5310 9952 0
5327 9937 0
5347 9921 0
5367 9902 0
5386 9882 0
5402 9862 0
5415 9844 0
5425 9828 0
5432 9813 0
5435 9802 0
5436 9796 0
5436 9793 0
5433 9797 0
5429 9807 0
5422 9822 0
5416 9840 0
5409 9861 0
5404 9884 0
5401 9907 0
5400 9929 0
5399 9948 0
5400 9962 0
5401 9972 0
5402 9977 0
5405 9976 0
.PEN_UP
.PEN_DOWN
5303 9774 0
5306 9772 0
5314 9770 0
5331 9768 0
5357 9766 0
5387 9765 0
5417 9765 0
5445 9763 0
5471 9761 0
5495 9758 0
5519 9754 0
5545 9748 0
.PEN_UP
