.VERSION 1.0 
.HIERARCHY CHARACTER
.COORD X Y T
.SEGMENT CHARACTER 0-1 OK "37"
.H_LINE 2999 3874
.V_LINE 3500 4250
.X_DIM 750
.Y_DIM 874
.X_POINTS_PER_INCH 1000
.Y_POINTS_PER_INCH 1000
.POINTS_PER_SECOND 125
.COMMENT CALIB X: -19 Y: -126

.WRITER_INFO
 Name: SHREYAS
 WriterId: 65
 Hand: right
 EducationLevel: college graduate
 Gender: male
 Profession: student
 Region: chennai
 Age: 21
 DeviceType: digimemo a402
 SkillDevice: average
 Language: hindi
 Script: indic
 Native: false
 Style: discrete
 UsageFreq: once a week
 Proficiency: average
 Date: 2007-6-26
 WritingInProfession: no

.PEN_DOWN
3651 3323 0
3651 3320 0
3651 3317 0
3656 3313 0
3659 3311 0
3663 3309 0
3668 3306 0
3675 3303 0
3684 3301 0
3693 3300 0
3701 3298 0
3712 3298 0
3720 3299 0
3726 3302 0
3730 3305 0
3733 3311 0
3734 3319 0
3734 3329 0
3731 3341 0
3727 3355 0
3724 3370 0
3719 3386 0
3716 3399 0
3714 3413 0
3714 3425 0
3715 3436 0
3718 3446 0
3722 3452 0
3727 3455 0
3735 3454 0
3744 3449 0
3753 3443 0
3762 3434 0
3772 3423 0
3781 3412 0
3789 3399 0
3797 3386 0
3805 3372 0
3812 3359 0
3816 3346 0
3820 3335 0
3822 3325 0
3822 3318 0
3821 3313 0
3820 3310 0
3819 3316 0
3819 3327 0
3818 3343 0
3816 3363 0
3814 3389 0
3812 3419 0
3809 3448 0
3807 3474 0
3806 3494 0
3805 3510 0
3805 3521 0
3806 3526 0
3809 3521 0
3812 3514 0
3816 3498 0
.PEN_UP
.PEN_DOWN
3603 3291 0
3607 3291 0
3613 3292 0
3624 3292 0
3637 3292 0
3653 3292 0
3672 3291 0
3693 3289 0
3714 3286 0
3734 3283 0
3753 3281 0
3775 3278 0
3798 3275 0
3824 3271 0
3851 3268 0
3876 3266 0
3895 3265 0
3907 3265 0
3916 3266 0
.PEN_UP
