.VERSION 1.0 
.HIERARCHY CHARACTER
.COORD X Y T
.SEGMENT CHARACTER 0-3 OK "96"
.H_LINE 2999 3874
.V_LINE 1999 2749
.X_DIM 749
.Y_DIM 874
.X_POINTS_PER_INCH 1000
.Y_POINTS_PER_INCH 1000
.POINTS_PER_SECOND 125
.COMMENT CALIB X: -20 Y: -68

.WRITER_INFO
 Name: SHREYAS
 WriterId: 65
 Hand: right
 EducationLevel: college graduate
 Gender: male
 Profession: student
 Region: chennai
 Age: 21
 DeviceType: digimemo a402
 SkillDevice: average
 Language: hindi
 Script: indic
 Native: false
 Style: discrete
 UsageFreq: once a week
 Proficiency: average
 Date: 2007-6-26
 WritingInProfession: no

.PEN_DOWN
2149 3379 0
2148 3376 0
2147 3373 0
2147 3370 0
2148 3378 0
2152 3391 0
2155 3407 0
2157 3427 0
2159 3452 0
2162 3477 0
2165 3501 0
2168 3522 0
2171 3539 0
2174 3553 0
2176 3562 0
2178 3566 0
2180 3569 0
2181 3566 0
2182 3560 0
2183 3550 0
2182 3537 0
2181 3521 0
2177 3505 0
2173 3487 0
2168 3472 0
2162 3462 0
2152 3453 0
2135 3447 0
2114 3446 0
2093 3449 0
2072 3456 0
2051 3465 0
2033 3479 0
2019 3495 0
2009 3510 0
2003 3525 0
2000 3537 0
1999 3548 0
2000 3557 0
2004 3564 0
2010 3569 0
2018 3571 0
2028 3572 0
2039 3569 0
2051 3565 0
2061 3557 0
2071 3550 0
.PEN_UP
.PEN_DOWN
1997 3426 0
2001 3429 0
2007 3431 0
2017 3432 0
2029 3433 0
2044 3434 0
2061 3434 0
2085 3432 0
2110 3430 0
2136 3425 0
2160 3420 0
2179 3416 0
2191 3414 0
2198 3412 0
.PEN_UP
.PEN_DOWN
2188 3468 0
2183 3465 0
2178 3461 0
2175 3456 0
2173 3449 0
2173 3442 0
2175 3434 0
2180 3427 0
2187 3421 0
2194 3416 0
2204 3410 0
2216 3405 0
2227 3402 0
2239 3401 0
2250 3402 0
2261 3405 0
2270 3411 0
2277 3417 0
2282 3425 0
2285 3433 0
2286 3442 0
2284 3453 0
2280 3464 0
2273 3474 0
2266 3484 0
2258 3492 0
2243 3499 0
.PEN_UP
.PEN_DOWN
2045 3330 0
2040 3330 0
2035 3330 0
2032 3330 0
2036 3331 0
2043 3332 0
2055 3332 0
2074 3333 0
2099 3334 0
2128 3334 0
2160 3334 0
2194 3333 0
2224 3322 0
.PEN_UP
