.VERSION 1.0 
.HIERARCHY CHARACTER
.COORD X Y T
.SEGMENT CHARACTER 0-3 OK "103"
.H_LINE 4624 5499
.V_LINE 5000 5750
.X_DIM 750
.Y_DIM 874
.X_POINTS_PER_INCH 1000
.Y_POINTS_PER_INCH 1000
.POINTS_PER_SECOND 125
.COMMENT CALIB X: -5 Y: -68

.WRITER_INFO
 Name: SHREYAS
 WriterId: 65
 Hand: right
 EducationLevel: college graduate
 Gender: male
 Profession: student
 Region: chennai
 Age: 21
 DeviceType: digimemo a402
 SkillDevice: average
 Language: hindi
 Script: indic
 Native: false
 Style: discrete
 UsageFreq: once a week
 Proficiency: average
 Date: 2007-6-26
 WritingInProfession: no

.PEN_DOWN
5172 5063 0
5171 5068 0
5170 5074 0
5170 5082 0
5168 5091 0
5164 5100 0
5161 5108 0
5157 5116 0
5151 5125 0
5139 5134 0
5122 5144 0
5102 5153 0
5082 5158 0
5063 5160 0
5048 5158 0
5038 5151 0
5030 5141 0
5025 5129 0
5022 5119 0
5021 5108 0
5022 5099 0
5023 5091 0
5027 5082 0
5033 5073 0
5042 5063 0
5056 5053 0
5077 5043 0
5106 5033 0
5139 5024 0
5170 5016 0
5196 5010 0
5218 5006 0
5233 5003 0
5243 5002 0
5249 5002 0
5253 5003 0
5255 5006 0
5256 5009 0
5257 5013 0
5257 5018 0
5257 5018 0
.PEN_UP
.PEN_DOWN
5267 5110 0
5266 5106 0
5265 5110 0
5263 5116 0
5259 5127 0
5255 5140 0
5252 5154 0
5248 5167 0
5243 5181 0
5236 5195 0
5229 5207 0
5222 5217 0
5214 5224 0
5205 5229 0
5194 5232 0
5184 5230 0
5175 5224 0
5167 5215 0
5161 5201 0
5157 5185 0
5156 5169 0
5159 5154 0
5165 5141 0
5172 5130 0
5179 5121 0
5187 5114 0
5198 5103 0
5216 5091 0
5233 5080 0
5248 5069 0
5263 5060 0
5275 5053 0
5286 5047 0
5293 5043 0
5297 5039 0
5301 5036 0
5303 5033 0
5305 5030 0
5306 5027 0
5308 5024 0
5309 5020 0
5310 5017 0
5310 5014 0
5303 5012 0
.PEN_UP
.PEN_DOWN
5297 4841 0
5294 4840 0
5291 4838 0
5291 4844 0
5291 4857 0
5293 4878 0
5296 4906 0
5299 4943 0
5301 4987 0
5302 5029 0
5303 5065 0
5303 5096 0
5302 5126 0
5303 5155 0
5302 5183 0
5301 5206 0
5304 5228 0
5305 5238 0
.PEN_UP
.PEN_DOWN
5261 5020 0
5266 5010 0
5275 5003 0
5286 4998 0
5299 5004 0
5311 4993 0
.PEN_UP
