.VERSION 1.0 
.HIERARCHY CHARACTER
.COORD X Y T
.SEGMENT CHARACTER 0-1 OK "107"
.H_LINE 6249 7124
.V_LINE 3500 4250
.X_DIM 750
.Y_DIM 875
.X_POINTS_PER_INCH 1000
.Y_POINTS_PER_INCH 1000
.POINTS_PER_SECOND 125
.COMMENT CALIB X: 11 Y: -129

.WRITER_INFO
 Name: SHREYAS
 WriterId: 65
 Hand: right
 EducationLevel: college graduate
 Gender: male
 Profession: student
 Region: chennai
 Age: 21
 DeviceType: digimemo a402
 SkillDevice: average
 Language: hindi
 Script: indic
 Native: false
 Style: discrete
 UsageFreq: once a week
 Proficiency: average
 Date: 2007-6-26
 WritingInProfession: no

.PEN_DOWN
3817 6518 0
3816 6515 0
3815 6519 0
3815 6524 0
3816 6529 0
3817 6535 0
3819 6541 0
3820 6547 0
3822 6553 0
3822 6559 0
3823 6564 0
3824 6567 0
3826 6570 0
3827 6573 0
3829 6576 0
3829 6579 0
3829 6582 0
3828 6579 0
3825 6577 0
3820 6576 0
3813 6576 0
3804 6578 0
3793 6582 0
3782 6588 0
3772 6595 0
3764 6603 0
3755 6612 0
3748 6620 0
3744 6628 0
3740 6638 0
3738 6647 0
3737 6654 0
3738 6661 0
3740 6668 0
3744 6673 0
3751 6676 0
3759 6678 0
3768 6676 0
3776 6673 0
3783 6667 0
3792 6662 0
3800 6657 0
3806 6653 0
3809 6650 0
3805 6653 0
3800 6659 0
3792 6668 0
3785 6678 0
3776 6693 0
3768 6707 0
3763 6720 0
3760 6732 0
3758 6742 0
3759 6751 0
3761 6759 0
3765 6765 0
3769 6770 0
3775 6774 0
3783 6775 0
3795 6775 0
3809 6772 0
3824 6769 0
3841 6766 0
3859 6764 0
3875 6760 0
3891 6758 0
3903 6756 0
3911 6754 0
3917 6752 0
3921 6750 0
3924 6748 0
3927 6746 0
.PEN_UP
.PEN_DOWN
3792 6714 0
3792 6706 0
3792 6699 0
3791 6693 0
3791 6686 0
3792 6678 0
3794 6671 0
3797 6664 0
3801 6658 0
3805 6653 0
3808 6650 0
3810 6647 0
3813 6645 0
3819 6644 0
3825 6645 0
3830 6649 0
3834 6656 0
3837 6666 0
3837 6679 0
3834 6696 0
3828 6715 0
3819 6736 0
3808 6758 0
3795 6779 0
3773 6809 0
3751 6840 0
3729 6872 0
3710 6903 0
3696 6927 0
3690 6945 0
3690 6955 0
3694 6960 0
3701 6960 0
.PEN_UP
