.VERSION 1.0 
.HIERARCHY CHARACTER
.COORD X Y T
.SEGMENT CHARACTER 0-1 OK "3"
.H_LINE 1374 2249
.V_LINE 5000 5750
.X_DIM 750
.Y_DIM 874
.X_POINTS_PER_INCH 1000
.Y_POINTS_PER_INCH 1000
.POINTS_PER_SECOND 125
.COMMENT CALIB X: -68 Y: -114

.WRITER_INFO
 Name: SAI SUDHEER
 WriterId: 98
 Hand: right
 EducationLevel: post graduate
 Gender: male
 Profession: research scholar
 Region: student
 Age: 27
 DeviceType: digimemo a402
 SkillDevice: average
 Language: hindi
 Script: indic
 Native: false
 Style: discrete
 UsageFreq: rarely
 Proficiency: average
 Date: 2007-8-17
 WritingInProfession: no

.PEN_DOWN
5397 1595 0
5400 1593 0
5402 1590 0
5403 1593 0
5403 1597 0
5403 1600 0
5403 1604 0
5403 1607 0
5403 1611 0
5403 1617 0
5403 1624 0
5403 1631 0
5403 1638 0
5403 1645 0
5402 1650 0
5402 1655 0
5401 1660 0
5400 1665 0
5400 1669 0
5400 1672 0
5400 1675 0
5400 1678 0
5400 1681 0
5400 1684 0
5400 1687 0
5400 1690 0
5400 1687 0
5399 1684 0
5398 1681 0
5397 1678 0
5396 1675 0
5392 1673 0
5388 1671 0
5383 1669 0
5378 1668 0
5373 1667 0
5368 1666 0
5364 1666 0
5360 1666 0
5356 1666 0
5353 1667 0
5350 1668 0
5346 1668 0
5342 1669 0
5338 1670 0
5333 1672 0
5327 1674 0
5321 1675 0
5315 1676 0
5310 1678 0
5306 1680 0
5303 1682 0
5299 1686 0
5296 1689 0
5292 1692 0
5287 1695 0
5282 1698 0
5277 1700 0
5273 1702 0
5269 1706 0
5265 1709 0
5262 1711 0
5260 1714 0
5257 1717 0
5255 1721 0
5253 1724 0
5251 1727 0
5249 1730 0
5247 1733 0
5245 1736 0
5243 1740 0
5242 1744 0
5242 1747 0
5242 1750 0
5242 1753 0
5244 1757 0
5245 1760 0
5247 1763 0
5250 1766 0
5254 1768 0
5257 1770 0
5261 1772 0
5265 1773 0
5268 1774 0
5271 1775 0
5274 1775 0
5277 1775 0
5281 1776 0
5284 1776 0
5287 1776 0
5291 1776 0
5294 1776 0
5298 1775 0
5302 1774 0
5306 1773 0
5311 1773 0
5316 1773 0
5321 1773 0
5326 1773 0
5330 1773 0
5334 1773 0
5339 1772 0
5343 1772 0
5347 1771 0
5351 1770 0
5354 1770 0
5357 1770 0
5360 1771 0
5364 1771 0
5367 1771 0
5370 1772 0
5373 1773 0
5376 1773 0
5379 1774 0
5382 1775 0
5385 1776 0
5388 1778 0
5391 1779 0
5394 1781 0
5398 1783 0
5401 1785 0
5403 1788 0
5405 1791 0
5407 1794 0
5410 1796 0
5412 1799 0
5413 1802 0
5414 1805 0
5414 1808 0
5416 1811 0
5417 1814 0
5418 1817 0
5418 1820 0
5418 1824 0
5418 1827 0
5418 1830 0
5418 1833 0
5417 1836 0
5416 1839 0
5415 1842 0
5414 1845 0
5414 1848 0
5412 1852 0
5411 1855 0
5409 1859 0
5406 1862 0
5403 1864 0
5399 1867 0
5396 1869 0
5393 1871 0
5390 1873 0
5386 1876 0
5382 1878 0
5377 1880 0
5372 1882 0
5365 1884 0
5356 1887 0
5346 1889 0
5336 1891 0
5326 1893 0
5317 1895 0
5310 1895 0
5304 1895 0
5296 1894 0
5289 1893 0
5284 1891 0
5279 1888 0
5275 1885 0
5272 1882 0
5270 1879 0
5269 1876 0
5269 1872 0
5268 1868 0
5267 1864 0
5267 1860 0
5267 1856 0
5267 1853 0
5267 1850 0
5267 1847 0
5269 1844 0
5271 1841 0
5274 1838 0
5277 1836 0
5280 1834 0
5283 1832 0
5287 1831 0
5292 1830 0
5297 1829 0
5302 1828 0
5306 1828 0
5311 1828 0
5316 1829 0
5322 1830 0
5328 1832 0
5333 1835 0
5337 1836 0
5340 1838 0
5343 1840 0
5346 1842 0
5349 1844 0
5353 1847 0
5356 1849 0
5358 1852 0
5360 1855 0
5361 1858 0
5362 1861 0
5363 1865 0
5364 1870 0
5366 1874 0
5368 1878 0
5369 1881 0
5371 1884 0
5372 1888 0
5373 1893 0
5375 1899 0
5377 1905 0
5379 1911 0
5381 1916 0
5383 1922 0
5386 1927 0
5389 1931 0
5392 1934 0
5395 1937 0
5399 1939 0
5403 1939 0
5407 1937 0
5412 1933 0
.PEN_UP
.PEN_DOWN
5293 1594 0
5296 1594 0
5301 1594 0
5306 1595 0
5313 1596 0
5321 1596 0
5330 1595 0
5341 1595 0
5352 1595 0
5363 1595 0
5375 1595 0
5386 1595 0
5399 1595 0
5408 1596 0
5418 1597 0
5429 1597 0
5439 1598 0
5447 1599 0
5454 1599 0
5463 1599 0
5471 1599 0
5477 1599 0
5483 1598 0
5488 1598 0
5492 1598 0
5495 1598 0
5499 1598 0
5505 1598 0
5513 1598 0
5520 1598 0
5528 1598 0
.PEN_UP
