.VERSION 1.0 
.HIERARCHY CHARACTER
.COORD X Y T
.SEGMENT CHARACTER 0-2 OK "12"
.H_LINE 4624 5499
.V_LINE 3500 4250
.X_DIM 750
.Y_DIM 874
.X_POINTS_PER_INCH 1000
.Y_POINTS_PER_INCH 1000
.POINTS_PER_SECOND 125
.COMMENT CALIB X: -80 Y: -101

.WRITER_INFO
 Name: SAI SUDHEER
 WriterId: 98
 Hand: right
 EducationLevel: post graduate
 Gender: male
 Profession: research scholar
 Region: student
 Age: 27
 DeviceType: digimemo a402
 SkillDevice: average
 Language: hindi
 Script: indic
 Native: false
 Style: discrete
 UsageFreq: rarely
 Proficiency: average
 Date: 2007-8-17
 WritingInProfession: no

.PEN_DOWN
3846 4888 0
3840 4886 0
3836 4884 0
3833 4881 0
3832 4878 0
3832 4883 0
3832 4888 0
3832 4895 0
3833 4903 0
3834 4913 0
3834 4923 0
3835 4935 0
3837 4947 0
3838 4958 0
3839 4969 0
3840 4980 0
3840 4991 0
3840 5002 0
3840 5013 0
3840 5024 0
3840 5034 0
3840 5044 0
3839 5054 0
3838 5064 0
3837 5072 0
3836 5079 0
3835 5086 0
3835 5092 0
3835 5098 0
3835 5102 0
3835 5105 0
3833 5109 0
3832 5104 0
.PEN_UP
.PEN_DOWN
3834 5008 0
3835 5005 0
3838 5001 0
3840 4996 0
3840 4991 0
3840 4987 0
3839 4983 0
3836 4979 0
3833 4975 0
3829 4972 0
3825 4969 0
3820 4966 0
3815 4963 0
3808 4961 0
3802 4958 0
3797 4956 0
3791 4954 0
3784 4952 0
3777 4952 0
3770 4952 0
3763 4955 0
3755 4958 0
3747 4961 0
3742 4964 0
3737 4968 0
3734 4972 0
3732 4977 0
3731 4983 0
3731 4989 0
3732 4994 0
3734 5000 0
3737 5005 0
3742 5010 0
3749 5015 0
3758 5020 0
3767 5023 0
3777 5025 0
3787 5025 0
3796 5025 0
3805 5024 0
3813 5022 0
3820 5019 0
3828 5014 0
3835 5009 0
3842 5005 0
3847 5001 0
3852 4997 0
3857 4993 0
3863 4990 0
3869 4986 0
3876 4982 0
3884 4978 0
3893 4974 0
3902 4970 0
3911 4967 0
3919 4965 0
3927 4965 0
3933 4965 0
3937 4967 0
3939 4970 0
3940 4974 0
3941 4980 0
3942 4988 0
3944 4997 0
3945 5007 0
3946 5018 0
3947 5029 0
3948 5039 0
3949 5048 0
3949 5056 0
3949 5062 0
3949 5068 0
3948 5072 0
3948 5075 0
3947 5071 0
.PEN_UP
.PEN_DOWN
3743 4873 0
3749 4874 0
3755 4875 0
3763 4875 0
3773 4876 0
3785 4876 0
3800 4877 0
3816 4877 0
3833 4876 0
3851 4875 0
3869 4874 0
3887 4872 0
3903 4871 0
3917 4870 0
3928 4869 0
3936 4869 0
3942 4869 0
3946 4870 0
3949 4867 0
3942 4870 0
.PEN_UP
