.VERSION 1.0 
.HIERARCHY CHARACTER
.COORD X Y T
.SEGMENT CHARACTER 0-4 OK "15"
.H_LINE 6249 7124
.V_LINE 499 1250
.X_DIM 750
.Y_DIM 875
.X_POINTS_PER_INCH 1000
.Y_POINTS_PER_INCH 1000
.POINTS_PER_SECOND 125
.COMMENT CALIB X: -68 Y: -94

.WRITER_INFO
 Name: SAI SUDHEER
 WriterId: 98
 Hand: right
 EducationLevel: post graduate
 Gender: male
 Profession: research scholar
 Region: student
 Age: 27
 DeviceType: digimemo a402
 SkillDevice: average
 Language: hindi
 Script: indic
 Native: false
 Style: discrete
 UsageFreq: rarely
 Proficiency: average
 Date: 2007-8-17
 WritingInProfession: no

.PEN_DOWN
890 6581 0
892 6578 0
893 6575 0
893 6571 0
892 6568 0
888 6566 0
882 6565 0
874 6564 0
864 6564 0
853 6565 0
841 6566 0
827 6568 0
815 6571 0
803 6574 0
793 6578 0
786 6581 0
781 6585 0
777 6590 0
776 6594 0
777 6599 0
781 6604 0
786 6608 0
794 6611 0
804 6614 0
816 6615 0
828 6615 0
839 6615 0
847 6615 0
852 6614 0
850 6617 0
847 6620 0
844 6623 0
841 6628 0
838 6635 0
836 6641 0
834 6647 0
833 6653 0
833 6659 0
833 6665 0
835 6671 0
838 6677 0
843 6682 0
851 6685 0
859 6686 0
870 6685 0
883 6682 0
898 6677 0
912 6671 0
925 6664 0
937 6656 0
945 6647 0
951 6638 0
955 6627 0
958 6616 0
960 6606 0
961 6597 0
962 6589 0
962 6582 0
961 6576 0
960 6572 0
959 6569 0
958 6566 0
956 6570 0
955 6574 0
955 6580 0
954 6586 0
954 6594 0
954 6603 0
953 6613 0
952 6626 0
951 6639 0
949 6652 0
946 6668 0
944 6682 0
942 6697 0
939 6709 0
937 6718 0
935 6725 0
933 6729 0
930 6729 0
.PEN_UP
.PEN_DOWN
811 6548 0
814 6548 0
821 6548 0
831 6543 0
844 6539 0
859 6535 0
874 6532 0
890 6529 0
906 6528 0
921 6528 0
935 6529 0
947 6531 0
960 6533 0
973 6535 0
985 6537 0
996 6538 0
1005 6539 0
1014 6540 0
1023 6540 0
1033 6540 0
1045 6538 0
1061 6534 0
.PEN_UP
.PEN_DOWN
968 6543 0
967 6540 0
967 6544 0
967 6547 0
966 6552 0
965 6558 0
963 6564 0
961 6570 0
959 6575 0
957 6579 0
956 6582 0
.PEN_UP
.PEN_DOWN
852 6537 0
856 6537 0
862 6535 0
870 6533 0
879 6532 0
888 6531 0
898 6530 0
907 6529 0
916 6528 0
924 6527 0
931 6526 0
936 6526 0
940 6526 0
944 6526 0
944 6526 0
.PEN_UP
.PEN_DOWN
883 6553 0
876 6554 0
868 6554 0
860 6554 0
854 6554 0
854 6554 0
.PEN_UP
