.VERSION 1.0 
.HIERARCHY CHARACTER
.COORD X Y T
.SEGMENT CHARACTER 0-1 OK "39"
.H_LINE 2999 3874
.V_LINE 6500 7250
.X_DIM 750
.Y_DIM 874
.X_POINTS_PER_INCH 1000
.Y_POINTS_PER_INCH 1000
.POINTS_PER_SECOND 125
.COMMENT CALIB X: -35 Y: -112

.WRITER_INFO
 Name: SAI SUDHEER
 WriterId: 98
 Hand: right
 EducationLevel: post graduate
 Gender: male
 Profession: research scholar
 Region: student
 Age: 27
 DeviceType: digimemo a402
 SkillDevice: average
 Language: hindi
 Script: indic
 Native: false
 Style: discrete
 UsageFreq: rarely
 Proficiency: average
 Date: 2007-8-17
 WritingInProfession: no

.PEN_DOWN
6875 3343 0
6875 3340 0
6877 3343 0
6878 3347 0
6878 3354 0
6877 3363 0
6876 3374 0
6875 3386 0
6874 3402 0
6873 3418 0
6872 3433 0
6872 3448 0
6872 3462 0
6871 3474 0
6871 3484 0
6871 3492 0
6870 3500 0
6869 3506 0
6869 3511 0
6869 3515 0
6869 3511 0
6869 3505 0
6869 3497 0
6869 3488 0
6867 3479 0
6865 3470 0
6861 3462 0
6856 3454 0
6850 3447 0
6844 3439 0
6838 3432 0
6833 3427 0
6828 3424 0
6823 3421 0
6818 3419 0
6812 3419 0
6806 3420 0
6799 3422 0
6792 3425 0
6786 3429 0
6781 3433 0
6778 3437 0
6776 3442 0
6774 3449 0
6772 3457 0
6771 3466 0
6771 3475 0
6771 3482 0
6772 3487 0
6772 3491 0
6775 3491 0
6776 3488 0
6777 3483 0
6777 3477 0
6776 3471 0
6775 3465 0
6774 3460 0
6773 3456 0
6772 3451 0
6771 3445 0
6768 3439 0
6764 3432 0
6758 3428 0
6751 3424 0
6743 3422 0
6734 3421 0
6727 3421 0
6721 3422 0
6716 3424 0
6712 3428 0
6709 3433 0
6707 3441 0
6706 3451 0
6705 3461 0
6705 3472 0
6705 3481 0
6705 3489 0
6705 3496 0
6706 3503 0
6706 3508 0
6707 3514 0
6708 3518 0
6709 3521 0
6709 3521 0
.PEN_UP
.PEN_DOWN
6761 3341 0
6758 3340 0
6761 3340 0
6766 3340 0
6773 3339 0
6780 3338 0
6790 3338 0
6802 3337 0
6819 3336 0
6838 3335 0
6858 3335 0
6880 3335 0
6899 3334 0
6916 3335 0
6930 3335 0
6943 3334 0
6955 3334 0
6963 3333 0
6969 3333 0
6973 3334 0
6973 3334 0
.PEN_UP
