.VERSION 1.0 
.HIERARCHY CHARACTER
.COORD X Y T
.SEGMENT CHARACTER 0-1 OK "40"
.H_LINE 4624 5499
.V_LINE 499 1250
.X_DIM 750
.Y_DIM 874
.X_POINTS_PER_INCH 1000
.Y_POINTS_PER_INCH 1000
.POINTS_PER_SECOND 125
.COMMENT CALIB X: -85 Y: -115

.WRITER_INFO
 Name: SAI SUDHEER
 WriterId: 98
 Hand: right
 EducationLevel: post graduate
 Gender: male
 Profession: research scholar
 Region: student
 Age: 27
 DeviceType: digimemo a402
 SkillDevice: average
 Language: hindi
 Script: indic
 Native: false
 Style: discrete
 UsageFreq: rarely
 Proficiency: average
 Date: 2007-8-17
 WritingInProfession: no

.PEN_DOWN
857 4925 0
852 4923 0
851 4920 0
851 4917 0
852 4922 0
853 4927 0
853 4932 0
853 4939 0
853 4948 0
852 4958 0
852 4968 0
852 4979 0
853 4990 0
853 5000 0
853 5011 0
853 5020 0
853 5028 0
853 5036 0
853 5043 0
852 5049 0
851 5053 0
851 5057 0
851 5060 0
851 5056 0
851 5052 0
850 5048 0
849 5042 0
847 5036 0
845 5032 0
842 5027 0
839 5022 0
834 5017 0
829 5012 0
823 5007 0
817 5003 0
809 4998 0
800 4994 0
790 4991 0
779 4989 0
769 4988 0
760 4988 0
750 4989 0
742 4991 0
735 4995 0
727 5000 0
721 5005 0
716 5012 0
711 5019 0
707 5026 0
704 5032 0
703 5039 0
703 5045 0
705 5050 0
707 5055 0
710 5058 0
714 5061 0
719 5064 0
726 5066 0
733 5067 0
742 5068 0
751 5069 0
760 5069 0
770 5069 0
779 5067 0
789 5066 0
800 5064 0
810 5060 0
820 5056 0
829 5052 0
836 5047 0
842 5040 0
846 5034 0
848 5030 0
850 5027 0
851 5024 0
852 5021 0
850 5025 0
849 5029 0
848 5035 0
848 5041 0
848 5047 0
847 5054 0
845 5061 0
843 5069 0
841 5079 0
838 5088 0
836 5096 0
835 5103 0
834 5110 0
833 5116 0
832 5122 0
831 5127 0
830 5131 0
828 5135 0
828 5135 0
.PEN_UP
.PEN_DOWN
768 4904 0
774 4903 0
782 4902 0
790 4901 0
800 4900 0
812 4899 0
825 4899 0
838 4900 0
850 4900 0
862 4900 0
874 4900 0
886 4898 0
897 4897 0
906 4897 0
915 4897 0
923 4897 0
928 4897 0
932 4897 0
932 4897 0
.PEN_UP
