.VERSION 1.0 
.HIERARCHY CHARACTER
.COORD X Y T
.SEGMENT CHARACTER 0-2 OK "47"
.H_LINE 6249 7124
.V_LINE 3500 4250
.X_DIM 750
.Y_DIM 875
.X_POINTS_PER_INCH 1000
.Y_POINTS_PER_INCH 1000
.POINTS_PER_SECOND 125
.COMMENT CALIB X: -87 Y: -119

.WRITER_INFO
 Name: SAI SUDHEER
 WriterId: 98
 Hand: right
 EducationLevel: post graduate
 Gender: male
 Profession: research scholar
 Region: student
 Age: 27
 DeviceType: digimemo a402
 SkillDevice: average
 Language: hindi
 Script: indic
 Native: false
 Style: discrete
 UsageFreq: rarely
 Proficiency: average
 Date: 2007-8-17
 WritingInProfession: no

.PEN_DOWN
3886 6472 0
3888 6466 0
3889 6462 0
3890 6467 0
3890 6473 0
3891 6480 0
3892 6487 0
3893 6495 0
3894 6504 0
3894 6513 0
3894 6521 0
3894 6530 0
3894 6539 0
3894 6548 0
3894 6556 0
3894 6563 0
3894 6571 0
3894 6578 0
3894 6583 0
3894 6588 0
3894 6592 0
3894 6595 0
3895 6588 0
.PEN_UP
.PEN_DOWN
3884 6517 0
3880 6519 0
3875 6521 0
3868 6523 0
3860 6524 0
3853 6525 0
3845 6527 0
3838 6528 0
3831 6529 0
3824 6530 0
3817 6530 0
3809 6530 0
3800 6531 0
3791 6532 0
3783 6533 0
3776 6533 0
3769 6534 0
3763 6535 0
3758 6536 0
3754 6536 0
3751 6535 0
3748 6536 0
3745 6535 0
3742 6535 0
3739 6535 0
3736 6535 0
3733 6535 0
3729 6535 0
3726 6535 0
3723 6536 0
3720 6536 0
3719 6539 0
3718 6542 0
3717 6545 0
3716 6548 0
3716 6552 0
3716 6555 0
3716 6559 0
3715 6562 0
3715 6565 0
3715 6568 0
3715 6571 0
3715 6574 0
3716 6577 0
3720 6575 0
3723 6573 0
3727 6572 0
3731 6571 0
3736 6570 0
3742 6569 0
3748 6568 0
3755 6568 0
3761 6568 0
3766 6568 0
3770 6568 0
3773 6568 0
3777 6570 0
3780 6572 0
3783 6573 0
3786 6574 0
3790 6576 0
3794 6578 0
3798 6581 0
3802 6584 0
3805 6587 0
3808 6590 0
3811 6594 0
3814 6598 0
3816 6602 0
3818 6605 0
3818 6609 0
3818 6613 0
3816 6618 0
3813 6623 0
3808 6627 0
3802 6632 0
3795 6637 0
3787 6642 0
3778 6647 0
3768 6652 0
3758 6657 0
3748 6660 0
3739 6662 0
3730 6662 0
3723 6661 0
3719 6660 0
3716 6658 0
3714 6655 0
3713 6651 0
3713 6647 0
3713 6642 0
3713 6638 0
3713 6633 0
3713 6630 0
3714 6627 0
3715 6624 0
3717 6621 0
3720 6619 0
3724 6618 0
3728 6617 0
3733 6618 0
3738 6619 0
3743 6621 0
3747 6624 0
3752 6627 0
3757 6631 0
3762 6637 0
3767 6643 0
3772 6649 0
3776 6656 0
3779 6663 0
3782 6671 0
3786 6679 0
3789 6685 0
3792 6688 0
3795 6694 0
3796 6690 0
.PEN_UP
.PEN_DOWN
3768 6471 0
3773 6463 0
3781 6458 0
3792 6454 0
3804 6452 0
3816 6451 0
3829 6451 0
3843 6450 0
3856 6449 0
3870 6448 0
3885 6446 0
3899 6444 0
3911 6442 0
3921 6440 0
3929 6438 0
3935 6437 0
3939 6436 0
3942 6436 0
3945 6436 0
3948 6441 0
3953 6439 0
.PEN_UP
