.VERSION 1.0 
.HIERARCHY CHARACTER
.COORD X Y T
.SEGMENT CHARACTER 0-2 OK "65"
.H_LINE 2999 3874
.V_LINE 499 1250
.X_DIM 750
.Y_DIM 874
.X_POINTS_PER_INCH 1000
.Y_POINTS_PER_INCH 1000
.POINTS_PER_SECOND 125
.COMMENT CALIB X: -74 Y: -102

.WRITER_INFO
 Name: SAI SUDHEER
 WriterId: 98
 Hand: right
 EducationLevel: post graduate
 Gender: male
 Profession: research scholar
 Region: student
 Age: 27
 DeviceType: digimemo a402
 SkillDevice: average
 Language: hindi
 Script: indic
 Native: false
 Style: discrete
 UsageFreq: rarely
 Proficiency: average
 Date: 2007-8-17
 WritingInProfession: no

.PEN_DOWN
722 3229 0
718 3231 0
715 3232 0
712 3233 0
715 3235 0
718 3236 0
721 3237 0
725 3237 0
732 3236 0
740 3235 0
750 3233 0
761 3231 0
771 3229 0
782 3227 0
794 3226 0
804 3227 0
811 3228 0
819 3229 0
827 3230 0
837 3231 0
846 3231 0
855 3230 0
863 3229 0
871 3229 0
879 3228 0
887 3226 0
894 3225 0
899 3224 0
903 3224 0
906 3223 0
904 3230 0
901 3231 0
.PEN_UP
.PEN_DOWN
817 3226 0
814 3226 0
814 3229 0
814 3232 0
814 3235 0
814 3238 0
814 3242 0
814 3246 0
814 3251 0
814 3256 0
814 3263 0
814 3270 0
814 3275 0
814 3280 0
815 3285 0
815 3290 0
815 3295 0
814 3301 0
813 3308 0
811 3315 0
809 3322 0
808 3329 0
807 3335 0
806 3341 0
805 3348 0
805 3354 0
805 3360 0
805 3366 0
805 3372 0
805 3377 0
805 3383 0
804 3389 0
804 3395 0
803 3400 0
803 3403 0
803 3406 0
803 3409 0
803 3414 0
803 3414 0
.PEN_UP
.PEN_DOWN
790 3333 0
793 3333 0
793 3330 0
790 3326 0
788 3322 0
784 3319 0
780 3316 0
776 3314 0
771 3312 0
765 3311 0
758 3310 0
750 3310 0
743 3310 0
737 3311 0
732 3312 0
727 3313 0
722 3314 0
717 3316 0
712 3319 0
706 3323 0
702 3327 0
698 3330 0
695 3334 0
694 3338 0
694 3341 0
695 3344 0
696 3347 0
699 3351 0
702 3354 0
706 3356 0
711 3357 0
717 3358 0
725 3358 0
734 3358 0
742 3357 0
752 3355 0
762 3353 0
772 3351 0
781 3348 0
789 3345 0
798 3342 0
806 3339 0
811 3337 0
815 3336 0
818 3334 0
821 3333 0
824 3332 0
827 3330 0
830 3328 0
836 3325 0
842 3321 0
852 3318 0
862 3314 0
872 3312 0
881 3310 0
890 3307 0
896 3308 0
900 3308 0
903 3310 0
905 3313 0
906 3316 0
909 3318 0
.PEN_UP
