.VERSION 1.0 
.HIERARCHY CHARACTER
.COORD X Y T
.SEGMENT CHARACTER 0-2 OK "68"
.H_LINE 2999 3874
.V_LINE 5000 5750
.X_DIM 750
.Y_DIM 874
.X_POINTS_PER_INCH 1000
.Y_POINTS_PER_INCH 1000
.POINTS_PER_SECOND 125
.COMMENT CALIB X: -75 Y: -119

.WRITER_INFO
 Name: SAI SUDHEER
 WriterId: 98
 Hand: right
 EducationLevel: post graduate
 Gender: male
 Profession: research scholar
 Region: student
 Age: 27
 DeviceType: digimemo a402
 SkillDevice: average
 Language: hindi
 Script: indic
 Native: false
 Style: discrete
 UsageFreq: rarely
 Proficiency: average
 Date: 2007-8-17
 WritingInProfession: no

.PEN_DOWN
5242 3320 0
5242 3317 0
5239 3316 0
5236 3315 0
5231 3315 0
5226 3315 0
5220 3315 0
5214 3315 0
5209 3315 0
5204 3315 0
5200 3315 0
5196 3316 0
5193 3316 0
5196 3315 0
5201 3315 0
5209 3315 0
5218 3315 0
5229 3315 0
5240 3315 0
5250 3315 0
5260 3315 0
5273 3315 0
5287 3314 0
5300 3313 0
5312 3313 0
5321 3312 0
5328 3312 0
5335 3311 0
5342 3310 0
5347 3310 0
5351 3310 0
5351 3310 0
.PEN_UP
.PEN_DOWN
5275 3319 0
5272 3318 0
5269 3318 0
5266 3317 0
.PEN_UP
.PEN_DOWN
5272 3315 0
5268 3315 0
5264 3315 0
5260 3315 0
5257 3315 0
5254 3315 0
5251 3314 0
5248 3314 0
5244 3314 0
5240 3314 0
5236 3315 0
5231 3315 0
5226 3316 0
5222 3317 0
5219 3318 0
5216 3319 0
5213 3321 0
5210 3323 0
5207 3326 0
5205 3330 0
5204 3333 0
5203 3336 0
5203 3339 0
5203 3342 0
5203 3345 0
5204 3348 0
5205 3351 0
5208 3353 0
5211 3355 0
5215 3357 0
5219 3359 0
5223 3360 0
5227 3360 0
5230 3360 0
5234 3360 0
5238 3360 0
5242 3360 0
5245 3360 0
5248 3360 0
5251 3360 0
5248 3362 0
5244 3363 0
5240 3365 0
5236 3366 0
5233 3368 0
5229 3370 0
5226 3372 0
5224 3375 0
5220 3379 0
5217 3383 0
5214 3388 0
5210 3394 0
5206 3400 0
5203 3405 0
5201 3410 0
5199 3414 0
5198 3417 0
5197 3421 0
5198 3425 0
5199 3428 0
5201 3431 0
5203 3434 0
5206 3436 0
5209 3438 0
5213 3439 0
5218 3440 0
5224 3441 0
5232 3442 0
5240 3442 0
5252 3442 0
5266 3442 0
5280 3441 0
5292 3440 0
5305 3438 0
5316 3436 0
5323 3433 0
5327 3431 0
5330 3429 0
5333 3426 0
5337 3422 0
5341 3418 0
5345 3415 0
5348 3412 0
5351 3408 0
5353 3405 0
5355 3402 0
5351 3400 0
.PEN_UP
