.VERSION 1.0 
.HIERARCHY CHARACTER
.COORD X Y T
.SEGMENT CHARACTER 0-2 OK "81"
.H_LINE 7874 8750
.V_LINE 1999 2749
.X_DIM 749
.Y_DIM 875
.X_POINTS_PER_INCH 1000
.Y_POINTS_PER_INCH 1000
.POINTS_PER_SECOND 125
.COMMENT CALIB X: -87 Y: -88

.WRITER_INFO
 Name: SAI SUDHEER
 WriterId: 98
 Hand: right
 EducationLevel: post graduate
 Gender: male
 Profession: research scholar
 Region: student
 Age: 27
 DeviceType: digimemo a402
 SkillDevice: average
 Language: hindi
 Script: indic
 Native: false
 Style: discrete
 UsageFreq: rarely
 Proficiency: average
 Date: 2007-8-17
 WritingInProfession: no

.PEN_DOWN
2325 8306 0
2328 8306 0
2330 8299 0
2331 8295 0
2331 8292 0
2329 8289 0
2327 8286 0
2324 8285 0
2321 8284 0
2317 8283 0
2312 8283 0
2305 8283 0
2298 8283 0
2291 8284 0
2282 8285 0
2274 8287 0
2266 8289 0
2259 8290 0
2254 8292 0
2251 8294 0
2247 8297 0
2243 8300 0
2240 8303 0
2237 8306 0
2235 8310 0
2233 8313 0
2231 8318 0
2229 8321 0
2228 8324 0
2228 8327 0
2228 8330 0
2228 8334 0
2228 8337 0
2229 8341 0
2230 8344 0
2231 8348 0
2233 8352 0
2236 8356 0
2239 8359 0
2241 8362 0
2244 8364 0
2247 8366 0
2250 8368 0
2253 8369 0
2256 8371 0
2259 8373 0
2263 8375 0
2269 8377 0
2274 8379 0
2279 8381 0
2285 8382 0
2292 8382 0
2301 8382 0
2310 8383 0
2317 8384 0
2324 8385 0
2332 8385 0
2339 8385 0
2344 8385 0
2348 8385 0
2352 8385 0
2356 8384 0
2359 8383 0
2362 8383 0
2365 8383 0
2368 8382 0
2371 8375 0
.PEN_UP
.PEN_DOWN
2300 8287 0
2300 8284 0
2300 8281 0
2299 8284 0
2302 8288 0
2305 8293 0
2308 8298 0
2310 8303 0
2312 8309 0
2314 8316 0
2316 8322 0
2318 8328 0
2320 8333 0
2324 8341 0
2327 8348 0
2330 8355 0
2333 8361 0
2337 8367 0
2341 8374 0
2344 8378 0
2345 8382 0
2347 8385 0
2346 8381 0
.PEN_UP
.PEN_DOWN
2210 8233 0
2213 8233 0
2218 8233 0
2224 8233 0
2231 8234 0
2239 8235 0
2248 8235 0
2256 8235 0
2267 8234 0
2279 8234 0
2295 8233 0
2310 8232 0
2324 8230 0
2336 8228 0
2345 8226 0
2353 8225 0
2359 8225 0
2363 8225 0
2366 8225 0
2368 8228 0
2373 8230 0
.PEN_UP
