.VERSION 1.0 
.HIERARCHY CHARACTER
.COORD X Y T
.SEGMENT CHARACTER 0-1 OK "88"
.H_LINE 9500 10374
.V_LINE 5000 5750
.X_DIM 750
.Y_DIM 874
.X_POINTS_PER_INCH 1000
.Y_POINTS_PER_INCH 1000
.POINTS_PER_SECOND 125
.COMMENT CALIB X: -124 Y: -92

.WRITER_INFO
 Name: SAI SUDHEER
 WriterId: 98
 Hand: right
 EducationLevel: post graduate
 Gender: male
 Profession: research scholar
 Region: student
 Age: 27
 DeviceType: digimemo a402
 SkillDevice: average
 Language: hindi
 Script: indic
 Native: false
 Style: discrete
 UsageFreq: rarely
 Proficiency: average
 Date: 2007-8-17
 WritingInProfession: no

.PEN_DOWN
5224 9978 0
5225 9975 0
5225 9972 0
5224 9969 0
5223 9966 0
5221 9962 0
5218 9959 0
5215 9955 0
5211 9952 0
5206 9949 0
5202 9947 0
5199 9946 0
5196 9945 0
5193 9945 0
5189 9944 0
5186 9945 0
5183 9945 0
5180 9946 0
5177 9948 0
5175 9951 0
5172 9955 0
5170 9959 0
5168 9963 0
5166 9968 0
5164 9973 0
5163 9977 0
5163 9981 0
5162 9985 0
5163 9989 0
5163 9992 0
5163 9995 0
5164 9998 0
5164 10001 0
5165 10004 0
5166 10007 0
5166 10010 0
5167 10013 0
5167 10009 0
5165 10005 0
5164 10002 0
5163 9999 0
5161 9995 0
5159 9992 0
5157 9988 0
5154 9985 0
5151 9982 0
5147 9979 0
5141 9977 0
5136 9976 0
5131 9975 0
5126 9976 0
5122 9977 0
5117 9978 0
5113 9979 0
5110 9981 0
5107 9983 0
5104 9985 0
5101 9988 0
5098 9991 0
5095 9994 0
5091 9997 0
5087 10001 0
5083 10005 0
5079 10008 0
5076 10010 0
5075 10013 0
5073 10016 0
5072 10019 0
5072 10023 0
5072 10027 0
5072 10031 0
5072 10035 0
5072 10038 0
5073 10041 0
5074 10044 0
5075 10048 0
5077 10052 0
5079 10057 0
5082 10061 0
5085 10065 0
5088 10068 0
5091 10071 0
5094 10073 0
5096 10076 0
5098 10079 0
5098 10079 0
.PEN_UP
.PEN_DOWN
5123 9903 0
5120 9904 0
5123 9906 0
5127 9907 0
5131 9908 0
5137 9908 0
5143 9909 0
5151 9911 0
5161 9912 0
5173 9912 0
5187 9911 0
5200 9909 0
5213 9907 0
5226 9905 0
5234 9904 0
5238 9903 0
5240 9907 0
5240 9907 0
.PEN_UP
