.VERSION 1.0 
.HIERARCHY CHARACTER
.COORD X Y T
.SEGMENT CHARACTER 0-2 OK "100"
.H_LINE 4624 5499
.V_LINE 499 1250
.X_DIM 750
.Y_DIM 874
.X_POINTS_PER_INCH 1000
.Y_POINTS_PER_INCH 1000
.POINTS_PER_SECOND 125
.COMMENT CALIB X: -61 Y: -85

.WRITER_INFO
 Name: SAI SUDHEER
 WriterId: 98
 Hand: right
 EducationLevel: post graduate
 Gender: male
 Profession: research scholar
 Region: student
 Age: 27
 DeviceType: digimemo a402
 SkillDevice: average
 Language: hindi
 Script: indic
 Native: false
 Style: discrete
 UsageFreq: rarely
 Proficiency: average
 Date: 2007-8-17
 WritingInProfession: no

.PEN_DOWN
881 4961 0
881 4957 0
881 4954 0
884 4959 0
886 4966 0
888 4973 0
889 4983 0
889 4993 0
889 5003 0
890 5013 0
892 5023 0
894 5031 0
895 5038 0
897 5043 0
898 5046 0
897 5041 0
895 5037 0
892 5035 0
887 5032 0
880 5030 0
871 5029 0
861 5029 0
852 5029 0
843 5031 0
831 5034 0
822 5037 0
813 5042 0
805 5047 0
797 5052 0
791 5059 0
784 5066 0
779 5072 0
775 5076 0
772 5083 0
772 5088 0
773 5093 0
775 5098 0
779 5103 0
785 5108 0
792 5114 0
800 5118 0
809 5122 0
819 5126 0
830 5128 0
841 5129 0
853 5129 0
865 5127 0
876 5125 0
887 5123 0
896 5120 0
903 5118 0
909 5115 0
913 5112 0
916 5109 0
918 5106 0
919 5103 0
919 5100 0
915 5097 0
910 5095 0
905 5094 0
900 5094 0
895 5094 0
890 5095 0
887 5096 0
884 5099 0
882 5104 0
881 5109 0
881 5113 0
881 5117 0
882 5122 0
882 5126 0
883 5130 0
885 5135 0
887 5139 0
889 5144 0
891 5149 0
894 5154 0
896 5159 0
898 5165 0
900 5171 0
901 5178 0
902 5185 0
903 5191 0
904 5196 0
905 5200 0
907 5204 0
908 5207 0
909 5210 0
908 5206 0
908 5206 0
.PEN_UP
.PEN_DOWN
890 5158 0
893 5158 0
894 5155 0
897 5158 0
899 5161 0
900 5164 0
901 5167 0
902 5170 0
903 5173 0
902 5170 0
899 5167 0
894 5164 0
888 5162 0
882 5161 0
876 5161 0
869 5161 0
862 5161 0
854 5161 0
848 5162 0
843 5163 0
839 5164 0
835 5166 0
832 5169 0
830 5173 0
828 5178 0
826 5182 0
825 5186 0
825 5190 0
826 5194 0
827 5197 0
830 5201 0
834 5205 0
839 5209 0
843 5213 0
848 5216 0
854 5218 0
861 5219 0
868 5219 0
874 5218 0
879 5216 0
884 5212 0
888 5208 0
892 5204 0
896 5199 0
900 5193 0
903 5188 0
905 5184 0
906 5180 0
906 5177 0
906 5174 0
906 5171 0
905 5168 0
906 5173 0
906 5178 0
907 5185 0
909 5192 0
910 5198 0
912 5205 0
914 5212 0
916 5218 0
918 5222 0
919 5226 0
919 5226 0
.PEN_UP
.PEN_DOWN
796 4950 0
799 4950 0
805 4949 0
816 4948 0
831 4948 0
847 4948 0
863 4948 0
880 4947 0
894 4946 0
907 4945 0
918 4944 0
929 4942 0
940 4940 0
949 4939 0
956 4937 0
962 4937 0
968 4938 0
973 4936 0
.PEN_UP
