.VERSION 1.0 
.HIERARCHY CHARACTER
.COORD X Y T
.SEGMENT CHARACTER 0-3 OK "7"
.H_LINE 2999 3874
.V_LINE 3500 4250
.X_DIM 750
.Y_DIM 874
.X_POINTS_PER_INCH 1000
.Y_POINTS_PER_INCH 1000
.POINTS_PER_SECOND 125
.COMMENT CALIB X: -8 Y: -111

.WRITER_INFO
 Name: KALYAN SAI PREM
 WriterId: 27
 Hand: right
 EducationLevel: college graduate
 Gender: male
 Profession: student
 Region: hyderabad
 Age: 23
 DeviceType: digimemo a402
 SkillDevice: average
 Language: hindi
 Script: indic
 Native: false
 Style: discrete
 UsageFreq: once a month
 Proficiency: average
 Date: 2007-6-14
 WritingInProfession: no

.PEN_DOWN
3796 3522 0
3795 3526 0
3795 3533 0
3795 3544 0
3795 3556 0
3795 3570 0
3796 3586 0
3796 3604 0
3795 3622 0
3793 3638 0
3790 3652 0
3787 3662 0
3783 3669 0
.PEN_UP
.PEN_DOWN
3603 3554 0
3599 3554 0
3596 3553 0
3599 3554 0
3606 3556 0
3618 3558 0
3636 3561 0
3661 3562 0
3688 3564 0
3713 3567 0
3736 3570 0
3755 3573 0
3772 3575 0
3785 3576 0
3792 3577 0
3795 3578 0
3792 3576 0
3788 3576 0
3780 3576 0
3770 3577 0
3758 3581 0
3747 3587 0
3737 3596 0
3726 3608 0
3717 3621 0
3710 3635 0
3705 3651 0
3700 3664 0
3697 3677 0
3696 3688 0
3700 3696 0
.PEN_UP
.PEN_DOWN
3800 3578 0
3804 3578 0
3810 3578 0
3821 3577 0
3836 3577 0
3857 3575 0
3880 3572 0
3903 3568 0
3925 3563 0
3946 3558 0
3960 3554 0
3967 3550 0
3971 3546 0
3971 3543 0
3966 3542 0
3959 3544 0
3947 3547 0
3935 3551 0
3921 3556 0
3907 3561 0
3895 3566 0
3888 3572 0
3884 3576 0
3883 3579 0
3885 3582 0
3889 3584 0
3895 3585 0
3904 3586 0
3917 3585 0
3933 3583 0
3949 3582 0
3961 3581 0
3970 3581 0
3975 3581 0
3970 3584 0
3959 3589 0
3946 3597 0
3928 3606 0
3911 3617 0
3895 3627 0
3883 3637 0
3877 3645 0
3875 3652 0
3878 3658 0
3885 3661 0
3895 3663 0
3910 3663 0
3927 3662 0
3946 3660 0
3963 3658 0
3976 3655 0
3984 3653 0
3988 3649 0
3989 3645 0
3988 3639 0
.PEN_UP
.PEN_DOWN
3663 3511 0
3660 3511 0
3665 3510 0
3677 3510 0
3697 3509 0
3721 3508 0
3746 3506 0
3777 3503 0
3815 3501 0
3856 3499 0
3887 3498 0
3907 3497 0
3917 3496 0
3921 3496 0
3913 3501 0
3904 3504 0
.PEN_UP
