.VERSION 1.0 
.HIERARCHY CHARACTER
.COORD X Y T
.SEGMENT CHARACTER 0-2 OK "18"
.H_LINE 6249 7124
.V_LINE 5000 5750
.X_DIM 750
.Y_DIM 875
.X_POINTS_PER_INCH 1000
.Y_POINTS_PER_INCH 1000
.POINTS_PER_SECOND 125
.COMMENT CALIB X: 15 Y: -110

.WRITER_INFO
 Name: KALYAN SAI PREM
 WriterId: 27
 Hand: right
 EducationLevel: college graduate
 Gender: male
 Profession: student
 Region: hyderabad
 Age: 23
 DeviceType: digimemo a402
 SkillDevice: average
 Language: hindi
 Script: indic
 Native: false
 Style: discrete
 UsageFreq: once a month
 Proficiency: average
 Date: 2007-6-14
 WritingInProfession: no

.PEN_DOWN
5269 6661 0
5269 6658 0
5269 6655 0
5264 6653 0
5256 6653 0
5244 6656 0
5229 6661 0
5215 6666 0
5203 6672 0
5190 6682 0
5181 6692 0
5176 6702 0
5175 6711 0
5177 6719 0
5180 6725 0
5186 6730 0
5195 6734 0
5207 6736 0
5223 6737 0
5240 6737 0
5255 6737 0
5265 6737 0
5271 6737 0
5274 6737 0
5269 6738 0
5261 6741 0
5250 6746 0
5237 6753 0
5221 6762 0
5205 6771 0
5190 6779 0
5179 6787 0
5173 6793 0
5171 6798 0
5172 6802 0
5178 6804 0
5189 6805 0
5204 6804 0
5225 6803 0
5250 6799 0
5278 6792 0
5309 6784 0
5346 6773 0
5384 6760 0
5416 6745 0
5436 6728 0
5448 6710 0
5454 6692 0
5456 6677 0
5455 6666 0
5452 6658 0
5448 6653 0
5442 6650 0
5435 6649 0
5429 6649 0
5424 6650 0
5418 6654 0
5410 6657 0
5402 6660 0
5396 6663 0
5389 6666 0
5384 6668 0
5381 6669 0
5386 6665 0
5397 6661 0
5409 6656 0
5420 6650 0
5431 6644 0
5440 6637 0
5447 6628 0
5451 6617 0
5453 6606 0
5453 6598 0
5452 6591 0
5449 6585 0
5444 6581 0
5438 6578 0
5430 6576 0
5422 6575 0
5412 6577 0
5402 6581 0
5393 6587 0
5386 6593 0
5382 6601 0
5380 6611 0
5379 6622 0
5379 6631 0
5380 6639 0
5382 6647 0
5386 6654 0
5392 6659 0
5400 6662 0
5408 6664 0
5416 6664 0
5428 6663 0
.PEN_UP
.PEN_DOWN
5406 6535 0
5406 6540 0
5407 6546 0
5408 6553 0
5410 6562 0
5412 6568 0
5415 6575 0
5417 6583 0
.PEN_UP
.PEN_DOWN
5163 6533 0
5156 6533 0
5151 6533 0
5164 6534 0
5185 6536 0
5214 6538 0
5246 6538 0
5281 6539 0
5325 6539 0
5377 6539 0
5426 6538 0
5467 6538 0
5496 6537 0
5515 6536 0
5526 6535 0
5531 6535 0
5528 6538 0
5525 6540 0
.PEN_UP
