.VERSION 1.0 
.HIERARCHY CHARACTER
.COORD X Y T
.SEGMENT CHARACTER 0-1 OK "28"
.H_LINE 9500 10374
.V_LINE 5000 5750
.X_DIM 750
.Y_DIM 874
.X_POINTS_PER_INCH 1000
.Y_POINTS_PER_INCH 1000
.POINTS_PER_SECOND 125
.COMMENT CALIB X: -17 Y: -118

.WRITER_INFO
 Name: KALYAN SAI PREM
 WriterId: 27
 Hand: right
 EducationLevel: college graduate
 Gender: male
 Profession: student
 Region: hyderabad
 Age: 23
 DeviceType: digimemo a402
 SkillDevice: average
 Language: hindi
 Script: indic
 Native: false
 Style: discrete
 UsageFreq: once a month
 Proficiency: average
 Date: 2007-6-14
 WritingInProfession: no

.PEN_DOWN
5226 9920 0
5223 9921 0
5219 9924 0
5214 9927 0
5209 9929 0
5204 9930 0
5199 9930 0
5195 9930 0
5191 9928 0
5188 9924 0
5186 9921 0
5185 9917 0
5185 9910 0
5188 9900 0
5192 9891 0
5199 9883 0
5209 9877 0
5220 9874 0
5232 9873 0
5244 9875 0
5252 9879 0
5257 9885 0
5260 9894 0
5260 9908 0
5259 9925 0
5256 9940 0
5252 9955 0
5245 9968 0
5239 9977 0
5232 9985 0
5224 9991 0
5216 9995 0
5207 9998 0
5199 10000 0
5194 10001 0
5191 10002 0
5197 10003 0
5205 10003 0
5214 10003 0
5225 10003 0
5235 10002 0
5246 10001 0
5256 9999 0
5267 9996 0
5279 9992 0
5293 9987 0
5306 9980 0
5319 9971 0
5332 9960 0
5343 9945 0
5351 9929 0
5356 9913 0
5360 9899 0
5364 9888 0
5366 9879 0
5367 9873 0
5367 9870 0
5364 9873 0
5361 9879 0
5358 9891 0
5354 9906 0
5352 9924 0
5349 9942 0
5346 9960 0
5344 9976 0
5342 9991 0
5341 10005 0
5340 10017 0
5340 10027 0
5339 10033 0
5339 10038 0
5339 10038 0
.PEN_UP
.PEN_DOWN
5278 9870 0
5281 9869 0
5288 9868 0
5301 9866 0
5320 9866 0
5341 9865 0
5366 9864 0
5388 9862 0
5405 9859 0
5416 9857 0
5423 9856 0
5427 9855 0
5427 9855 0
.PEN_UP
