.VERSION 1.0 
.HIERARCHY CHARACTER
.COORD X Y T
.SEGMENT CHARACTER 0-3 OK "9"
.H_LINE 2999 3874
.V_LINE 6500 7250
.X_DIM 750
.Y_DIM 874
.X_POINTS_PER_INCH 1000
.Y_POINTS_PER_INCH 1000
.POINTS_PER_SECOND 125
.COMMENT CALIB X: 27 Y: -119

.WRITER_INFO
 Name: ARUN R
 WriterId: 4
 Hand: right
 EducationLevel: post graduate
 Gender: male
 Profession: student
 Region: madurai
 Age: 23
 DeviceType: digimemo a402
 SkillDevice: average
 Language: hindi
 Script: indic
 Native: false
 Style: discrete
 UsageFreq: rarely
 Proficiency: average
 Date: 2007-6-6
 WritingInProfession: no

.PEN_DOWN
6718 3354 0
6721 3354 0
6732 3353 0
6750 3351 0
6772 3348 0
6804 3345 0
6846 3342 0
6890 3340 0
6927 3338 0
6952 3337 0
6966 3336 0
6972 3334 0
6963 3332 0
6949 3333 0
.PEN_UP
.PEN_DOWN
6799 3345 0
6799 3350 0
6799 3357 0
6798 3367 0
6796 3378 0
6792 3393 0
6788 3407 0
6782 3422 0
6775 3434 0
6767 3445 0
6758 3452 0
6748 3456 0
6741 3458 0
6737 3457 0
6736 3453 0
6737 3448 0
6742 3444 0
6749 3440 0
6755 3438 0
6763 3438 0
6769 3441 0
6773 3447 0
6776 3456 0
6779 3466 0
6782 3476 0
6784 3485 0
6787 3493 0
6789 3498 0
6791 3503 0
6794 3505 0
6798 3505 0
6803 3504 0
.PEN_UP
.PEN_DOWN
6906 3350 0
6906 3353 0
6906 3360 0
6906 3370 0
6906 3382 0
6898 3394 0
6892 3406 0
6888 3416 0
6884 3423 0
6880 3428 0
6876 3431 0
6872 3432 0
6866 3431 0
6859 3429 0
6851 3425 0
6843 3423 0
6832 3418 0
.PEN_UP
.PEN_DOWN
6918 3319 0
6916 3314 0
6913 3303 0
6912 3290 0
6911 3273 0
6914 3253 0
6915 3235 0
6912 3221 0
6907 3213 0
6899 3211 0
6888 3214 0
6878 3220 0
6871 3228 0
6867 3236 0
6869 3242 0
6878 3247 0
6895 3250 0
6918 3251 0
6942 3251 0
.PEN_UP
