.VERSION 1.0 
.HIERARCHY CHARACTER
.COORD X Y T
.SEGMENT CHARACTER 0-4 OK "105"
.H_LINE 6249 7124
.V_LINE 499 1250
.X_DIM 750
.Y_DIM 875
.X_POINTS_PER_INCH 1000
.Y_POINTS_PER_INCH 1000
.POINTS_PER_SECOND 125
.COMMENT CALIB X: 24 Y: -128

.WRITER_INFO
 Name: ARUN R
 WriterId: 4
 Hand: right
 EducationLevel: post graduate
 Gender: male
 Profession: student
 Region: madurai
 Age: 23
 DeviceType: digimemo a402
 SkillDevice: average
 Language: hindi
 Script: indic
 Native: false
 Style: discrete
 UsageFreq: rarely
 Proficiency: average
 Date: 2007-6-6
 WritingInProfession: no

.PEN_DOWN
650 6502 0
661 6502 0
680 6501 0
711 6498 0
748 6496 0
797 6494 0
863 6494 0
929 6495 0
980 6496 0
1012 6498 0
1030 6499 0
1039 6499 0
1042 6499 0
1030 6499 0
.PEN_UP
.PEN_DOWN
841 6515 0
839 6520 0
836 6526 0
833 6533 0
830 6538 0
829 6543 0
827 6547 0
824 6550 0
819 6552 0
813 6554 0
805 6556 0
797 6558 0
790 6561 0
784 6564 0
781 6568 0
779 6572 0
778 6577 0
779 6583 0
781 6591 0
786 6600 0
791 6608 0
797 6616 0
802 6625 0
806 6633 0
808 6642 0
808 6650 0
806 6660 0
801 6672 0
792 6684 0
784 6693 0
772 6700 0
756 6704 0
738 6705 0
723 6704 0
713 6701 0
708 6696 0
710 6693 0
.PEN_UP
.PEN_DOWN
787 6640 0
784 6639 0
779 6642 0
771 6649 0
760 6661 0
746 6676 0
729 6693 0
713 6710 0
700 6727 0
691 6742 0
687 6754 0
688 6764 0
695 6772 0
707 6778 0
724 6781 0
744 6781 0
763 6778 0
780 6774 0
.PEN_UP
.PEN_DOWN
975 6510 0
965 6518 0
954 6531 0
941 6545 0
924 6562 0
906 6581 0
888 6601 0
870 6619 0
852 6634 0
836 6646 0
821 6654 0
809 6658 0
802 6657 0
797 6653 0
796 6646 0
797 6638 0
803 6629 0
812 6621 0
825 6613 0
842 6607 0
861 6602 0
880 6597 0
898 6594 0
914 6592 0
.PEN_UP
.PEN_DOWN
1014 6513 0
1014 6518 0
1014 6527 0
1006 6539 0
996 6553 0
984 6570 0
972 6589 0
962 6607 0
955 6621 0
950 6633 0
947 6641 0
946 6646 0
953 6648 0
.PEN_UP
