.VERSION 1.0 
.HIERARCHY CHARACTER
.COORD X Y T
.SEGMENT CHARACTER 0-2 OK "4"
.H_LINE 1374 2249
.V_LINE 6500 7250
.X_DIM 750
.Y_DIM 874
.X_POINTS_PER_INCH 1000
.Y_POINTS_PER_INCH 1000
.POINTS_PER_SECOND 125
.COMMENT CALIB X: 15 Y: -118

.WRITER_INFO
 Name: LAWA HARI NEPAL
 WriterId: 22
 Hand: right
 EducationLevel: post graduate
 Gender: male
 Profession: student
 Region: darjeeling
 Age: 23
 DeviceType: digimemo a402
 SkillDevice: poor
 Language: hindi
 Script: indic
 Native: true
 Style: discrete
 UsageFreq: rarely
 Proficiency: average
 Date: 2007-6-14
 WritingInProfession: no

.PEN_DOWN
6671 1707 0
6676 1709 0
6686 1709 0
6700 1708 0
6722 1707 0
6745 1704 0
6769 1701 0
6795 1698 0
6820 1697 0
6842 1697 0
6859 1697 0
6870 1697 0
6877 1697 0
6883 1697 0
6887 1697 0
6890 1696 0
6893 1695 0
6893 1698 0
.PEN_UP
.PEN_DOWN
6796 1711 0
6796 1708 0
6797 1712 0
6798 1718 0
6798 1726 0
6798 1735 0
6797 1744 0
6796 1754 0
6795 1764 0
6796 1772 0
6795 1779 0
6795 1785 0
6795 1790 0
6795 1794 0
6795 1797 0
6792 1795 0
6789 1794 0
6785 1793 0
6779 1793 0
6773 1794 0
6767 1794 0
6760 1795 0
6755 1797 0
6750 1800 0
6744 1805 0
6738 1810 0
6734 1815 0
6732 1820 0
6731 1826 0
6732 1830 0
6734 1834 0
6736 1837 0
6739 1840 0
6743 1843 0
6748 1846 0
6755 1847 0
6762 1847 0
6769 1848 0
6777 1848 0
6786 1847 0
6795 1847 0
6804 1847 0
6813 1848 0
6822 1851 0
6830 1853 0
6837 1856 0
6843 1861 0
6848 1867 0
6853 1873 0
6858 1882 0
6863 1892 0
6866 1902 0
6868 1912 0
6869 1922 0
6869 1933 0
6867 1942 0
6864 1951 0
6860 1961 0
6855 1971 0
6847 1981 0
6837 1991 0
6828 1999 0
6820 2006 0
6812 2012 0
6805 2017 0
6797 2021 0
6789 2025 0
6780 2028 0
6772 2029 0
6765 2028 0
6758 2026 0
6754 2023 0
6751 2018 0
6750 2013 0
6749 2009 0
6749 2005 0
6750 2001 0
6751 1998 0
6754 1995 0
6758 1993 0
6762 1991 0
6767 1990 0
6772 1991 0
6777 1994 0
6782 1998 0
6786 2004 0
6791 2012 0
6796 2019 0
6802 2027 0
6808 2035 0
6815 2042 0
6822 2050 0
6830 2056 0
6838 2062 0
6845 2068 0
6854 2073 0
6864 2077 0
6876 2079 0
6889 2080 0
6903 2079 0
.PEN_UP
.PEN_DOWN
6800 1689 0
6796 1685 0
6793 1679 0
6792 1672 0
6790 1664 0
6787 1653 0
6784 1641 0
6779 1625 0
6776 1609 0
6774 1596 0
6773 1584 0
6775 1574 0
6780 1567 0
6787 1562 0
6800 1557 0
6822 1554 0
6846 1554 0
6871 1556 0
6897 1560 0
6917 1564 0
6936 1570 0
.PEN_UP
