.VERSION 1.0 
.HIERARCHY CHARACTER
.COORD X Y T
.SEGMENT CHARACTER 0-6 OK "11"
.H_LINE 4624 5499
.V_LINE 1999 2749
.X_DIM 749
.Y_DIM 874
.X_POINTS_PER_INCH 1000
.Y_POINTS_PER_INCH 1000
.POINTS_PER_SECOND 125
.COMMENT CALIB X: -16 Y: 8

.WRITER_INFO
 Name: LAWA HARI NEPAL
 WriterId: 22
 Hand: right
 EducationLevel: post graduate
 Gender: male
 Profession: student
 Region: darjeeling
 Age: 23
 DeviceType: digimemo a402
 SkillDevice: poor
 Language: hindi
 Script: indic
 Native: true
 Style: discrete
 UsageFreq: rarely
 Proficiency: average
 Date: 2007-6-14
 WritingInProfession: no

.PEN_DOWN
2252 5147 0
2252 5144 0
2254 5140 0
2257 5134 0
2261 5129 0
2269 5125 0
2277 5124 0
2285 5126 0
2294 5132 0
2302 5140 0
2308 5150 0
2313 5161 0
2314 5170 0
2312 5179 0
2305 5188 0
2294 5196 0
2283 5203 0
2272 5209 0
2263 5214 0
2257 5216 0
2254 5217 0
2261 5214 0
2270 5212 0
2278 5212 0
2289 5214 0
2299 5219 0
2310 5227 0
2319 5238 0
2327 5252 0
2333 5270 0
2336 5289 0
2335 5310 0
2330 5330 0
2321 5349 0
2309 5366 0
2295 5380 0
2281 5391 0
2266 5399 0
2247 5403 0
2231 5402 0
2217 5396 0
2205 5386 0
2196 5373 0
2190 5359 0
2185 5345 0
2182 5334 0
2181 5325 0
.PEN_UP
.PEN_DOWN
2296 5189 0
2300 5189 0
2308 5189 0
2320 5190 0
2335 5190 0
2354 5191 0
2375 5190 0
2395 5190 0
2410 5190 0
2419 5189 0
2424 5189 0
2427 5189 0
2427 5189 0
.PEN_UP
.PEN_DOWN
2440 5117 0
2440 5121 0
2440 5126 0
2440 5135 0
2440 5145 0
2440 5157 0
2440 5170 0
2440 5184 0
2440 5201 0
2440 5221 0
2440 5244 0
2440 5266 0
2440 5288 0
2440 5307 0
2440 5322 0
2440 5333 0
2433 5339 0
2429 5342 0
2429 5338 0
2429 5326 0
.PEN_UP
.PEN_DOWN
2491 5125 0
2492 5131 0
2493 5137 0
2494 5144 0
2495 5153 0
2495 5163 0
2496 5174 0
2496 5186 0
2496 5203 0
2495 5224 0
2493 5249 0
2492 5273 0
2491 5296 0
2491 5313 0
2491 5326 0
2491 5335 0
2491 5341 0
2491 5344 0
2491 5344 0
.PEN_UP
.PEN_DOWN
2482 5068 0
2478 5066 0
2473 5061 0
2468 5054 0
2463 5046 0
2458 5036 0
2452 5025 0
2444 5013 0
2432 5001 0
2416 4989 0
2396 4978 0
2374 4969 0
2352 4963 0
2335 4958 0
2324 4955 0
2318 4954 0
2315 4954 0
2318 4959 0
2325 4965 0
2337 4973 0
2353 4980 0
2378 4985 0
.PEN_UP
.PEN_DOWN
2491 5085 0
2490 5080 0
2490 5074 0
2491 5065 0
2492 5053 0
2494 5038 0
2495 5022 0
2496 5005 0
2496 4987 0
2495 4970 0
2493 4955 0
2490 4941 0
2485 4932 0
2479 4927 0
2473 4926 0
2467 4926 0
2461 4929 0
2457 4932 0
2455 4937 0
2457 4942 0
2461 4947 0
2466 4954 0
2473 4959 0
2480 4960 0
2484 4965 0
.PEN_UP
.PEN_DOWN
2385 5115 0
2391 5116 0
2403 5117 0
2419 5117 0
2438 5115 0
2458 5113 0
2475 5110 0
2489 5108 0
2499 5105 0
2506 5102 0
2511 5100 0
2513 5104 0
2513 5104 0
.PEN_UP
