.VERSION 1.0 
.HIERARCHY CHARACTER
.COORD X Y T
.SEGMENT CHARACTER 0-1 OK "29"
.H_LINE 9500 10374
.V_LINE 6500 7250
.X_DIM 750
.Y_DIM 874
.X_POINTS_PER_INCH 1000
.Y_POINTS_PER_INCH 1000
.POINTS_PER_SECOND 125
.COMMENT CALIB X: 28 Y: -40

.WRITER_INFO
 Name: LAWA HARI NEPAL
 WriterId: 22
 Hand: right
 EducationLevel: post graduate
 Gender: male
 Profession: student
 Region: darjeeling
 Age: 23
 DeviceType: digimemo a402
 SkillDevice: poor
 Language: hindi
 Script: indic
 Native: true
 Style: discrete
 UsageFreq: rarely
 Proficiency: average
 Date: 2007-6-14
 WritingInProfession: no

.PEN_DOWN
6915 9839 0
6916 9842 0
6917 9847 0
6919 9855 0
6922 9865 0
6925 9873 0
6927 9881 0
6929 9889 0
6930 9895 0
6930 9899 0
6930 9902 0
6930 9898 0
6929 9895 0
6926 9892 0
6922 9889 0
6914 9885 0
6901 9882 0
6887 9882 0
6872 9883 0
6858 9884 0
6844 9886 0
6831 9890 0
6819 9896 0
6810 9903 0
6802 9912 0
6795 9926 0
6790 9942 0
6786 9961 0
6781 9984 0
6777 10007 0
6774 10027 0
6773 10044 0
6772 10059 0
6772 10071 0
6774 10082 0
6777 10092 0
6781 10102 0
6786 10111 0
6792 10120 0
6799 10128 0
6807 10134 0
6816 10138 0
6825 10141 0
6835 10143 0
6845 10144 0
6855 10145 0
6866 10144 0
6879 10142 0
6891 10140 0
6904 10135 0
6919 10131 0
6928 10129 0
6934 10125 0
6939 10123 0
6943 10119 0
6948 10111 0
6953 10103 0
6957 10095 0
6959 10088 0
6960 10082 0
6959 10078 0
6957 10075 0
6953 10073 0
6947 10072 0
6939 10072 0
6932 10072 0
6924 10073 0
6915 10075 0
6908 10077 0
6903 10080 0
6898 10085 0
6894 10092 0
6892 10100 0
6889 10110 0
6888 10119 0
6888 10129 0
6888 10139 0
6887 10148 0
6888 10159 0
6888 10169 0
6887 10181 0
6885 10195 0
6881 10207 0
6876 10218 0
6870 10227 0
6863 10235 0
6853 10242 0
6842 10246 0
6830 10247 0
6817 10244 0
.PEN_UP
.PEN_DOWN
6833 9810 0
6837 9811 0
6846 9811 0
6863 9811 0
6885 9811 0
6911 9811 0
6938 9811 0
6965 9812 0
6987 9814 0
7004 9815 0
7015 9815 0
7023 9815 0
7027 9815 0
7022 9826 0
.PEN_UP
