.VERSION 1.0 
.HIERARCHY CHARACTER
.COORD X Y T
.SEGMENT CHARACTER 0-1 OK "13"
.H_LINE 4624 5499
.V_LINE 5000 5750
.X_DIM 750
.Y_DIM 874
.X_POINTS_PER_INCH 1000
.Y_POINTS_PER_INCH 1000
.POINTS_PER_SECOND 125
.COMMENT CALIB X: -8 Y: -69

.WRITER_INFO
 Name: M SAI RAGHU RAM
 WriterId: 54
 Hand: right
 EducationLevel: college graduate
 Gender: male
 Profession: student
 Region: hyderabad
 Age: 20
 DeviceType: digimemo a402
 SkillDevice: average
 Language: hindi
 Script: indic
 Native: false
 Style: discrete
 UsageFreq: once a week
 Proficiency: good
 Date: 2007-6-22
 WritingInProfession: no

.PEN_DOWN
5215 5054 0
5216 5050 0
5218 5046 0
5221 5043 0
5225 5042 0
5230 5042 0
5236 5045 0
5244 5049 0
5252 5055 0
5260 5062 0
5270 5070 0
5279 5078 0
5285 5087 0
5290 5094 0
5292 5101 0
5291 5108 0
5288 5116 0
5281 5125 0
5273 5133 0
5265 5139 0
5255 5144 0
5247 5145 0
5239 5145 0
5231 5144 0
5224 5142 0
5219 5140 0
5215 5138 0
5218 5140 0
5223 5143 0
5231 5148 0
5240 5154 0
5247 5161 0
5255 5170 0
5263 5178 0
5270 5184 0
5278 5187 0
5288 5187 0
5300 5185 0
5313 5180 0
5327 5172 0
5342 5162 0
5354 5152 0
5364 5140 0
5375 5127 0
5385 5111 0
5396 5096 0
5406 5081 0
5413 5066 0
5418 5053 0
5420 5040 0
5420 5028 0
5420 5020 0
5420 5014 0
5419 5011 0
5416 5017 0
5414 5026 0
5412 5038 0
5411 5052 0
5411 5067 0
5411 5082 0
5411 5095 0
5412 5107 0
5412 5122 0
5412 5138 0
5411 5152 0
5410 5166 0
5410 5178 0
5409 5186 0
5408 5191 0
5408 5194 0
5409 5191 0
5411 5184 0
5412 5174 0
5414 5161 0
5416 5147 0
5416 5134 0
5416 5122 0
5416 5109 0
5412 5098 0
5406 5088 0
5396 5078 0
5381 5071 0
5369 5068 0
5359 5067 0
5349 5068 0
5340 5071 0
5333 5075 0
5325 5081 0
5318 5088 0
5313 5093 0
5311 5098 0
5313 5104 0
5319 5109 0
5326 5113 0
5335 5116 0
5346 5118 0
5359 5119 0
5376 5118 0
5392 5115 0
5407 5110 0
5414 5105 0
.PEN_UP
.PEN_DOWN
5188 5022 0
5184 5021 0
5181 5020 0
5186 5017 0
5196 5016 0
5212 5016 0
5231 5016 0
5254 5017 0
5283 5018 0
5321 5018 0
5368 5017 0
5421 5014 0
.PEN_UP
