.VERSION 1.0 
.HIERARCHY CHARACTER
.COORD X Y T
.SEGMENT CHARACTER 0-1 OK "29"
.H_LINE 9500 10374
.V_LINE 6500 7250
.X_DIM 750
.Y_DIM 874
.X_POINTS_PER_INCH 1000
.Y_POINTS_PER_INCH 1000
.POINTS_PER_SECOND 125
.COMMENT CALIB X: 38 Y: -71

.WRITER_INFO
 Name: M SAI RAGHU RAM
 WriterId: 54
 Hand: right
 EducationLevel: college graduate
 Gender: male
 Profession: student
 Region: hyderabad
 Age: 20
 DeviceType: digimemo a402
 SkillDevice: average
 Language: hindi
 Script: indic
 Native: false
 Style: discrete
 UsageFreq: once a week
 Proficiency: good
 Date: 2007-6-22
 WritingInProfession: no

.PEN_DOWN
6804 9864 0
6808 9867 0
6813 9871 0
6818 9875 0
6824 9879 0
6830 9883 0
6836 9887 0
6842 9891 0
6847 9894 0
6851 9897 0
6853 9900 0
6854 9903 0
6850 9906 0
6843 9909 0
6837 9912 0
6829 9917 0
6820 9924 0
6808 9931 0
6799 9939 0
6791 9946 0
6783 9955 0
6775 9965 0
6768 9975 0
6763 9984 0
6759 9992 0
6758 10000 0
6758 10009 0
6759 10017 0
6761 10024 0
6764 10031 0
6768 10038 0
6774 10045 0
6781 10049 0
6789 10053 0
6798 10056 0
6807 10057 0
6817 10056 0
6827 10053 0
6836 10048 0
6844 10042 0
6852 10035 0
6858 10028 0
6862 10019 0
6865 10009 0
6867 10001 0
6867 9994 0
6866 9988 0
6863 9984 0
6859 9983 0
6855 9984 0
6850 9987 0
6846 9992 0
6842 9999 0
6838 10008 0
6835 10020 0
6833 10034 0
6830 10048 0
6828 10060 0
6827 10071 0
6827 10082 0
6828 10091 0
6830 10099 0
6833 10106 0
6836 10112 0
6842 10118 0
6849 10119 0
.PEN_UP
.PEN_DOWN
6747 9860 0
6750 9862 0
6755 9864 0
6762 9867 0
6769 9869 0
6776 9870 0
6784 9871 0
6795 9870 0
6809 9870 0
6827 9870 0
6853 9870 0
6887 9865 0
.PEN_UP
