.VERSION 1.0 
.HIERARCHY CHARACTER
.COORD X Y T
.SEGMENT CHARACTER 0-2 OK "102"
.H_LINE 4624 5499
.V_LINE 3500 4250
.X_DIM 750
.Y_DIM 874
.X_POINTS_PER_INCH 1000
.Y_POINTS_PER_INCH 1000
.POINTS_PER_SECOND 125
.COMMENT CALIB X: -16 Y: -36

.WRITER_INFO
 Name: M SAI RAGHU RAM
 WriterId: 54
 Hand: right
 EducationLevel: college graduate
 Gender: male
 Profession: student
 Region: hyderabad
 Age: 20
 DeviceType: digimemo a402
 SkillDevice: average
 Language: hindi
 Script: indic
 Native: false
 Style: discrete
 UsageFreq: once a week
 Proficiency: good
 Date: 2007-6-22
 WritingInProfession: no

.PEN_DOWN
3740 5245 0
3743 5244 0
3747 5238 0
3750 5231 0
3753 5224 0
3756 5217 0
3758 5210 0
3759 5203 0
3760 5197 0
3759 5193 0
3756 5191 0
3753 5191 0
3748 5194 0
3743 5199 0
3738 5205 0
3733 5213 0
3730 5223 0
3727 5235 0
3724 5246 0
3723 5259 0
3722 5269 0
3723 5279 0
3725 5287 0
3728 5294 0
3731 5299 0
3734 5301 0
3738 5302 0
3744 5299 0
3750 5294 0
3757 5287 0
3763 5280 0
3768 5273 0
3771 5266 0
3773 5260 0
3774 5256 0
3774 5259 0
3774 5266 0
3775 5272 0
3775 5278 0
3776 5283 0
3778 5288 0
3780 5293 0
3784 5297 0
3790 5298 0
3799 5296 0
3814 5289 0
.PEN_UP
.PEN_DOWN
3835 5147 0
3842 5149 0
3852 5151 0
3864 5154 0
3875 5157 0
3883 5160 0
3889 5164 0
3893 5167 0
3895 5170 0
3894 5173 0
3891 5177 0
3886 5183 0
3879 5190 0
3869 5199 0
3859 5210 0
3847 5222 0
3837 5234 0
3829 5245 0
3824 5258 0
3821 5268 0
3819 5278 0
3818 5286 0
3819 5293 0
3821 5299 0
3825 5303 0
3832 5305 0
3843 5304 0
3857 5301 0
3872 5296 0
3886 5289 0
3898 5281 0
3908 5272 0
3915 5262 0
3920 5252 0
3923 5243 0
3924 5234 0
3924 5228 0
3923 5224 0
3919 5222 0
3915 5223 0
3910 5227 0
3904 5234 0
3899 5244 0
3894 5258 0
3890 5273 0
3888 5288 0
3887 5303 0
3887 5317 0
3889 5329 0
3892 5340 0
3898 5349 0
3905 5355 0
3912 5359 0
3923 5359 0
.PEN_UP
.PEN_DOWN
3760 5138 0
3764 5140 0
3773 5141 0
3790 5142 0
3815 5142 0
3847 5141 0
3885 5137 0
3932 5130 0
.PEN_UP
