.VERSION 1.0 
.HIERARCHY CHARACTER
.COORD X Y T
.SEGMENT CHARACTER 0-2 OK "18"
.H_LINE 6249 7124
.V_LINE 5000 5750
.X_DIM 750
.Y_DIM 875
.X_POINTS_PER_INCH 1000
.Y_POINTS_PER_INCH 1000
.POINTS_PER_SECOND 125
.COMMENT CALIB X: 42 Y: -165

.WRITER_INFO
 Name: SIVARAMARAJU
 WriterId: 6
 Hand: right
 EducationLevel: post graduate
 Gender: male
 Profession: student
 Region: puttaparthi
 Age: 24
 DeviceType: digimemo a402
 SkillDevice: good
 Language: hindi
 Script: indic
 Native: false
 Style: discrete
 UsageFreq: rarely
 Proficiency: average
 Date: 2007-6-11
 WritingInProfession: no

.PEN_DOWN
5315 6646 0
5314 6643 0
5307 6644 0
5299 6647 0
5288 6651 0
5276 6657 0
5262 6666 0
5249 6674 0
5240 6682 0
5234 6690 0
5233 6698 0
5235 6705 0
5241 6711 0
5253 6716 0
5267 6719 0
5281 6721 0
5293 6721 0
5301 6721 0
5306 6720 0
5301 6718 0
5293 6718 0
5283 6720 0
5271 6724 0
5257 6730 0
5243 6738 0
5230 6746 0
5220 6755 0
5213 6763 0
5211 6772 0
5213 6782 0
5220 6790 0
5231 6797 0
5246 6800 0
5263 6800 0
5281 6798 0
5299 6793 0
5319 6785 0
5341 6776 0
5363 6763 0
5390 6750 0
5410 6738 0
5422 6727 0
5427 6719 0
5425 6713 0
5417 6710 0
5404 6711 0
5389 6715 0
5375 6721 0
5362 6729 0
5353 6737 0
5346 6745 0
5342 6752 0
5341 6758 0
5342 6763 0
5345 6766 0
5351 6768 0
5359 6768 0
5368 6766 0
.PEN_UP
.PEN_DOWN
5412 6614 0
5411 6611 0
5410 6614 0
5409 6622 0
5409 6635 0
5408 6648 0
5406 6664 0
5404 6679 0
5401 6697 0
5398 6712 0
5397 6724 0
5396 6734 0
5395 6741 0
5396 6746 0
5396 6749 0
5395 6739 0
5394 6734 0
.PEN_UP
.PEN_DOWN
5166 6646 0
5169 6646 0
5172 6645 0
5179 6643 0
5190 6640 0
5207 6637 0
5226 6634 0
5248 6631 0
5269 6628 0
5292 6625 0
5318 6623 0
5347 6620 0
5379 6617 0
5412 6613 0
5442 6609 0
5467 6606 0
5483 6604 0
5491 6603 0
5494 6603 0
5493 6606 0
.PEN_UP
