.VERSION 1.0 
.HIERARCHY CHARACTER
.COORD X Y T
.SEGMENT CHARACTER 0-1 OK "101"
.H_LINE 4624 5499
.V_LINE 1999 2749
.X_DIM 749
.Y_DIM 874
.X_POINTS_PER_INCH 1000
.Y_POINTS_PER_INCH 1000
.POINTS_PER_SECOND 125
.COMMENT CALIB X: -28 Y: -94

.WRITER_INFO
 Name: R VISHNU VARDHAN
 WriterId: 10
 Hand: right
 EducationLevel: college graduate
 Gender: male
 Profession: student
 Region: manthani
 Age: 26
 DeviceType: digimemo a402
 SkillDevice: average
 Language: hindi
 Script: indic
 Native: false
 Style: discrete
 UsageFreq: rarely
 Proficiency: average
 Date: 2007-6-11
 WritingInProfession: no

.PEN_DOWN
2264 4982 0
2264 4986 0
2265 4991 0
2266 4999 0
2269 5008 0
2272 5017 0
2276 5026 0
2279 5035 0
2283 5043 0
2288 5050 0
2294 5054 0
2299 5057 0
2302 5059 0
2299 5058 0
2295 5057 0
2289 5055 0
2281 5054 0
2272 5054 0
2262 5056 0
2253 5058 0
2248 5060 0
2244 5064 0
2241 5068 0
2240 5072 0
2240 5077 0
2242 5081 0
2247 5085 0
2254 5088 0
2264 5089 0
2277 5091 0
2290 5092 0
2299 5092 0
2303 5092 0
2306 5091 0
2301 5091 0
2293 5094 0
2283 5100 0
2272 5108 0
2260 5119 0
2249 5132 0
2237 5147 0
2231 5161 0
2228 5174 0
2228 5185 0
2231 5195 0
2236 5202 0
2244 5206 0
2255 5206 0
2271 5202 0
2288 5195 0
2306 5185 0
2325 5172 0
2347 5156 0
2370 5138 0
2392 5119 0
2410 5104 0
2423 5089 0
2431 5076 0
2434 5064 0
2433 5054 0
2431 5045 0
2428 5037 0
2424 5032 0
2421 5029 0
2418 5028 0
2417 5034 0
2418 5043 0
2420 5053 0
2423 5063 0
2426 5073 0
2429 5084 0
2431 5096 0
2433 5107 0
2434 5117 0
2435 5128 0
2436 5139 0
2437 5149 0
2438 5156 0
2438 5162 0
2437 5169 0
2437 5169 0
.PEN_UP
.PEN_DOWN
2234 4982 0
2238 4982 0
2246 4983 0
2260 4983 0
2281 4983 0
2307 4984 0
2337 4984 0
2368 4984 0
2399 4983 0
2426 4981 0
2449 4979 0
2465 4977 0
2475 4976 0
2481 4975 0
2484 4975 0
2484 4975 0
.PEN_UP
