.VERSION 1.0 
.HIERARCHY CHARACTER
.COORD X Y T
.SEGMENT CHARACTER 0-2 OK "13"
.H_LINE 4624 5499
.V_LINE 5000 5750
.X_DIM 750
.Y_DIM 874
.X_POINTS_PER_INCH 1000
.Y_POINTS_PER_INCH 1000
.POINTS_PER_SECOND 125
.COMMENT CALIB X: -6 Y: -81

.WRITER_INFO
 Name: S. ANAND
 WriterId: 11
 Hand: right
 EducationLevel: college graduate
 Gender: male
 Profession: student
 Region: mumbai
 Age: 23
 DeviceType: digimemo a402
 SkillDevice: average
 Language: hindi
 Script: indic
 Native: false
 Style: discrete
 UsageFreq: once a month
 Proficiency: good
 Date: 2007-6-11
 WritingInProfession: no

.PEN_DOWN
5261 4987 0
5262 4993 0
5264 5001 0
5266 5011 0
5267 5023 0
5267 5034 0
5265 5046 0
5262 5057 0
5256 5068 0
5249 5075 0
5240 5081 0
5230 5084 0
5219 5085 0
5208 5084 0
5198 5083 0
5191 5082 0
5186 5081 0
5183 5080 0
5187 5081 0
5194 5083 0
5202 5086 0
5211 5091 0
5222 5096 0
5233 5102 0
5244 5109 0
5255 5116 0
5267 5121 0
5280 5123 0
5296 5124 0
5312 5121 0
5326 5116 0
5339 5109 0
5350 5102 0
5360 5092 0
5368 5082 0
5375 5072 0
5382 5061 0
5389 5050 0
5394 5039 0
5399 5029 0
5403 5020 0
5405 5014 0
5406 5011 0
5404 5017 0
5402 5026 0
5400 5038 0
5397 5051 0
5394 5065 0
5392 5078 0
5389 5091 0
5386 5106 0
5383 5121 0
5382 5136 0
5381 5149 0
5382 5158 0
5382 5164 0
5383 5167 0
5383 5160 0
.PEN_UP
.PEN_DOWN
5374 5070 0
5370 5066 0
5365 5061 0
5359 5056 0
5352 5050 0
5343 5045 0
5333 5042 0
5324 5041 0
5314 5042 0
5304 5044 0
5295 5048 0
5287 5053 0
5281 5060 0
5277 5067 0
5275 5076 0
5277 5083 0
5281 5089 0
5289 5094 0
5300 5098 0
5315 5099 0
5332 5098 0
5353 5096 0
.PEN_UP
.PEN_DOWN
5157 5014 0
5148 5015 0
5141 5015 0
5144 5015 0
5158 5015 0
5181 5015 0
5210 5014 0
5239 5012 0
5270 5010 0
5308 5008 0
5352 5005 0
5393 5000 0
5426 4997 0
5451 4994 0
5466 4992 0
5475 4991 0
5478 4990 0
5481 4990 0
5464 4991 0
.PEN_UP
