.VERSION 1.0 
.HIERARCHY CHARACTER
.COORD X Y T
.SEGMENT CHARACTER 0-1 OK "13"
.H_LINE 4624 5499
.V_LINE 5000 5750
.X_DIM 750
.Y_DIM 874
.X_POINTS_PER_INCH 1000
.Y_POINTS_PER_INCH 1000
.POINTS_PER_SECOND 125
.COMMENT CALIB X: -1 Y: -37

.WRITER_INFO
 Name: S. ANAND
 WriterId: 11
 Hand: right
 EducationLevel: college graduate
 Gender: male
 Profession: student
 Region: mumbai
 Age: 23
 DeviceType: digimemo a402
 SkillDevice: average
 Language: hindi
 Script: indic
 Native: false
 Style: discrete
 UsageFreq: once a month
 Proficiency: good
 Date: 2007-6-11
 WritingInProfession: no

.PEN_DOWN
5355 5013 0
5355 5002 0
5355 4993 0
5354 4987 0
5354 4984 0
5353 4989 0
5351 4997 0
5357 5009 0
5360 5021 0
5359 5035 0
5355 5047 0
5348 5060 0
5338 5072 0
5326 5082 0
5313 5089 0
5301 5094 0
5291 5096 0
5282 5097 0
5277 5097 0
5274 5096 0
5279 5098 0
5285 5101 0
5292 5106 0
5301 5112 0
5310 5118 0
5320 5124 0
5333 5129 0
5348 5133 0
5365 5134 0
5387 5132 0
5408 5128 0
5426 5122 0
5442 5113 0
5456 5102 0
5467 5089 0
5475 5075 0
5481 5061 0
5485 5046 0
5488 5032 0
5491 5018 0
5493 5007 0
5494 4999 0
5494 4993 0
5494 4990 0
5493 4994 0
5492 5002 0
5491 5014 0
5489 5029 0
5488 5046 0
5486 5063 0
5484 5082 0
5482 5098 0
5481 5113 0
5480 5127 0
5479 5138 0
5478 5146 0
5477 5153 0
5476 5156 0
5477 5152 0
5477 5146 0
5477 5136 0
5478 5126 0
5479 5114 0
5479 5102 0
5477 5089 0
5472 5077 0
5466 5065 0
5458 5055 0
5448 5047 0
5438 5042 0
5427 5039 0
5416 5039 0
5406 5042 0
5395 5047 0
5386 5053 0
5380 5060 0
5376 5068 0
5375 5075 0
5377 5082 0
5383 5087 0
5394 5092 0
5408 5094 0
5423 5095 0
5439 5093 0
5452 5090 0
.PEN_UP
.PEN_DOWN
5284 4993 0
5284 4989 0
5291 4987 0
5304 4984 0
5323 4983 0
5347 4983 0
5378 4983 0
5413 4983 0
5447 4984 0
5477 4983 0
5503 4982 0
5523 4980 0
5537 4977 0
5545 4976 0
5549 4975 0
5550 4970 0
.PEN_UP
