.VERSION 1.0 
.HIERARCHY CHARACTER
.COORD X Y T
.SEGMENT CHARACTER 0-2 OK "90"
.H_LINE 1374 2249
.V_LINE 499 1250
.X_DIM 750
.Y_DIM 874
.X_POINTS_PER_INCH 1000
.Y_POINTS_PER_INCH 1000
.POINTS_PER_SECOND 125
.COMMENT CALIB X: -42 Y: -46

.WRITER_INFO
 Name: S. ANAND
 WriterId: 11
 Hand: right
 EducationLevel: college graduate
 Gender: male
 Profession: student
 Region: mumbai
 Age: 23
 DeviceType: digimemo a402
 SkillDevice: average
 Language: hindi
 Script: indic
 Native: false
 Style: discrete
 UsageFreq: once a month
 Proficiency: good
 Date: 2007-6-11
 WritingInProfession: no

.PEN_DOWN
737 1713 0
736 1718 0
735 1726 0
736 1736 0
736 1748 0
736 1759 0
736 1769 0
736 1777 0
736 1783 0
736 1788 0
736 1791 0
736 1795 0
735 1798 0
.PEN_UP
.PEN_DOWN
764 1818 0
763 1822 0
760 1826 0
757 1830 0
751 1834 0
745 1838 0
739 1841 0
732 1843 0
723 1846 0
715 1847 0
708 1847 0
702 1846 0
698 1845 0
695 1843 0
695 1839 0
696 1834 0
699 1829 0
704 1824 0
709 1820 0
715 1818 0
720 1819 0
724 1822 0
728 1828 0
733 1835 0
737 1841 0
739 1847 0
740 1854 0
740 1860 0
739 1866 0
738 1871 0
737 1875 0
736 1878 0
735 1881 0
733 1885 0
730 1888 0
728 1891 0
726 1895 0
722 1900 0
718 1905 0
714 1909 0
709 1913 0
703 1916 0
696 1919 0
689 1921 0
681 1923 0
674 1924 0
668 1923 0
664 1923 0
661 1921 0
660 1918 0
664 1914 0
670 1910 0
677 1907 0
685 1906 0
694 1906 0
703 1907 0
711 1910 0
718 1916 0
724 1925 0
730 1936 0
735 1946 0
741 1956 0
747 1966 0
753 1974 0
760 1979 0
768 1981 0
777 1978 0
787 1969 0
797 1956 0
.PEN_UP
.PEN_DOWN
675 1704 0
680 1704 0
689 1704 0
701 1703 0
714 1702 0
730 1700 0
752 1698 0
774 1696 0
797 1694 0
817 1692 0
833 1690 0
844 1690 0
851 1690 0
855 1690 0
855 1690 0
.PEN_UP
