.VERSION 1.0 
.HIERARCHY CHARACTER
.COORD X Y T
.SEGMENT CHARACTER 0-2 OK "99"
.H_LINE 2999 3874
.V_LINE 6500 7250
.X_DIM 750
.Y_DIM 874
.X_POINTS_PER_INCH 1000
.Y_POINTS_PER_INCH 1000
.POINTS_PER_SECOND 125
.COMMENT CALIB X: 32 Y: -59

.WRITER_INFO
 Name: S. ANAND
 WriterId: 11
 Hand: right
 EducationLevel: college graduate
 Gender: male
 Profession: student
 Region: mumbai
 Age: 23
 DeviceType: digimemo a402
 SkillDevice: average
 Language: hindi
 Script: indic
 Native: false
 Style: discrete
 UsageFreq: once a month
 Proficiency: good
 Date: 2007-6-11
 WritingInProfession: no

.PEN_DOWN
6773 3345 0
6773 3349 0
6773 3353 0
6772 3357 0
6772 3362 0
6772 3365 0
6772 3368 0
6773 3371 0
6773 3374 0
6773 3377 0
6770 3379 0
6767 3380 0
6763 3381 0
6759 3381 0
6755 3381 0
6751 3381 0
6747 3381 0
6744 3381 0
6741 3381 0
6737 3381 0
6733 3381 0
6729 3381 0
6725 3381 0
6722 3380 0
6719 3380 0
6716 3380 0
6713 3380 0
6710 3381 0
6707 3382 0
6704 3382 0
6703 3386 0
6703 3389 0
6704 3394 0
6704 3400 0
6706 3407 0
6709 3414 0
6713 3424 0
6717 3434 0
6721 3442 0
6725 3450 0
6729 3458 0
6732 3464 0
6733 3468 0
6734 3471 0
6734 3471 0
.PEN_UP
.PEN_DOWN
6786 3483 0
6783 3483 0
6780 3476 0
6777 3471 0
6772 3468 0
6768 3466 0
6763 3465 0
6758 3464 0
6753 3464 0
6745 3467 0
6738 3470 0
6732 3474 0
6727 3481 0
6721 3491 0
6716 3501 0
6713 3513 0
6711 3524 0
6711 3534 0
6713 3543 0
6718 3552 0
6724 3558 0
6733 3564 0
6744 3568 0
6756 3571 0
6769 3571 0
6780 3567 0
6791 3562 0
6800 3557 0
6807 3551 0
6810 3545 0
6811 3540 0
6810 3536 0
6809 3533 0
6805 3531 0
6798 3533 0
6792 3537 0
6785 3543 0
6777 3552 0
6771 3562 0
6765 3572 0
6762 3581 0
6761 3590 0
6762 3598 0
6766 3603 0
6773 3608 0
6780 3610 0
6789 3611 0
.PEN_UP
.PEN_DOWN
6643 3345 0
6647 3346 0
6659 3346 0
6680 3346 0
6708 3347 0
6737 3347 0
6765 3348 0
6792 3348 0
6821 3347 0
6848 3346 0
6869 3345 0
6883 3344 0
6890 3343 0
6894 3343 0
6891 3345 0
.PEN_UP
