.VERSION 1.0 
.HIERARCHY CHARACTER
.COORD X Y T
.SEGMENT CHARACTER 0-2 OK "1"
.H_LINE 1374 2249
.V_LINE 1999 2749
.X_DIM 749
.Y_DIM 874
.X_POINTS_PER_INCH 1000
.Y_POINTS_PER_INCH 1000
.POINTS_PER_SECOND 125
.COMMENT CALIB X: 13 Y: -78

.WRITER_INFO
 Name: SHREYAS
 WriterId: 65
 Hand: right
 EducationLevel: college graduate
 Gender: male
 Profession: student
 Region: chennai
 Age: 21
 DeviceType: digimemo a402
 SkillDevice: average
 Language: hindi
 Script: indic
 Native: false
 Style: discrete
 UsageFreq: once a week
 Proficiency: average
 Date: 2007-6-26
 WritingInProfession: no

.PEN_DOWN
2238 1703 0
2229 1703 0
2224 1702 0
2221 1702 0
2218 1701 0
2214 1700 0
2210 1701 0
2207 1702 0
2204 1703 0
2201 1704 0
2204 1701 0
2209 1698 0
2215 1696 0
2220 1694 0
2225 1693 0
2230 1692 0
2237 1692 0
2244 1691 0
2250 1691 0
2255 1692 0
2259 1693 0
2263 1694 0
2267 1696 0
2270 1698 0
2272 1701 0
2275 1705 0
2278 1709 0
2281 1713 0
2282 1717 0
2283 1720 0
2285 1725 0
2286 1729 0
2287 1732 0
2288 1736 0
2288 1740 0
2288 1744 0
2289 1748 0
2289 1752 0
2289 1756 0
2289 1761 0
2290 1766 0
2290 1770 0
2290 1774 0
2290 1779 0
2289 1782 0
2288 1785 0
2288 1788 0
2285 1792 0
2283 1795 0
2279 1797 0
2275 1800 0
2271 1802 0
2267 1803 0
2263 1804 0
2260 1805 0
2257 1805 0
2254 1805 0
2252 1802 0
2251 1799 0
2252 1796 0
2255 1793 0
2258 1791 0
2261 1790 0
2264 1789 0
2268 1788 0
2272 1787 0
2276 1787 0
2279 1787 0
2282 1788 0
2284 1791 0
2285 1795 0
2286 1798 0
2286 1802 0
2287 1806 0
2288 1810 0
2289 1816 0
2289 1822 0
2290 1828 0
2291 1834 0
2292 1839 0
2292 1844 0
2293 1847 0
2292 1850 0
2291 1853 0
2290 1857 0
2289 1860 0
2288 1864 0
2286 1867 0
2285 1870 0
2283 1873 0
2277 1878 0
2270 1883 0
2262 1887 0
2254 1890 0
2245 1894 0
2236 1895 0
2229 1894 0
2224 1893 0
2219 1891 0
2215 1888 0
2211 1885 0
2208 1881 0
2207 1875 0
2208 1871 0
2208 1863 0
.PEN_UP
.PEN_DOWN
2283 1803 0
2282 1800 0
2284 1797 0
2287 1795 0
2290 1793 0
2295 1791 0
2303 1789 0
2314 1786 0
2324 1784 0
2335 1781 0
2345 1777 0
2355 1774 0
2365 1770 0
2377 1766 0
2384 1762 0
2389 1757 0
2392 1753 0
2394 1748 0
2397 1741 0
2399 1735 0
2400 1728 0
2399 1719 0
2398 1709 0
2397 1699 0
2397 1689 0
2396 1681 0
2395 1674 0
2394 1667 0
2393 1663 0
2393 1668 0
2394 1678 0
2396 1693 0
2396 1712 0
2396 1733 0
2393 1754 0
2391 1774 0
2389 1792 0
2388 1806 0
2388 1816 0
2389 1823 0
2390 1827 0
2390 1827 0
.PEN_UP
.PEN_DOWN
2305 1663 0
2302 1663 0
2306 1664 0
2313 1663 0
2323 1662 0
2337 1660 0
2353 1659 0
2370 1658 0
2387 1656 0
2403 1655 0
2418 1655 0
2435 1656 0
2452 1656 0
.PEN_UP
