.VERSION 1.0 
.HIERARCHY CHARACTER
.COORD X Y T
.SEGMENT CHARACTER 0-2 OK "14"
.H_LINE 4624 5499
.V_LINE 6500 7250
.X_DIM 750
.Y_DIM 874
.X_POINTS_PER_INCH 1000
.Y_POINTS_PER_INCH 1000
.POINTS_PER_SECOND 125
.COMMENT CALIB X: 92 Y: -81

.WRITER_INFO
 Name: RAJ BHUSHAN
 WriterId: 41
 Hand: right
 EducationLevel: post graduate
 Gender: male
 Profession: research scholar
 Region: karvar
 Age: 24
 DeviceType: digimemo a402
 SkillDevice: average
 Language: hindi
 Script: indic
 Native: false
 Style: discrete
 UsageFreq: once a month
 Proficiency: good
 Date: 2007-6-18
 WritingInProfession: no

.PEN_DOWN
6837 5076 0
6838 5079 0
6838 5082 0
6838 5085 0
6839 5090 0
6839 5094 0
6840 5099 0
6841 5105 0
6841 5112 0
6841 5121 0
6840 5130 0
6839 5140 0
6838 5150 0
6837 5160 0
6837 5168 0
6837 5176 0
6836 5184 0
6835 5191 0
6834 5196 0
6833 5199 0
6833 5202 0
6830 5203 0
6827 5202 0
6823 5200 0
6818 5196 0
6811 5191 0
6805 5187 0
6799 5183 0
6793 5180 0
6789 5177 0
6786 5174 0
6784 5170 0
6783 5166 0
6783 5162 0
6783 5156 0
6784 5151 0
6786 5147 0
6789 5144 0
6793 5142 0
6798 5140 0
6804 5139 0
6809 5137 0
6815 5136 0
6820 5135 0
6825 5134 0
6829 5134 0
6832 5134 0
6832 5134 0
.PEN_UP
.PEN_DOWN
6923 5082 0
6924 5086 0
6924 5091 0
6924 5096 0
6923 5101 0
6922 5107 0
6921 5115 0
6920 5125 0
6919 5135 0
6917 5147 0
6915 5158 0
6914 5166 0
6914 5173 0
6914 5179 0
6914 5183 0
6914 5180 0
6909 5173 0
.PEN_UP
.PEN_DOWN
6685 5064 0
6688 5062 0
6692 5061 0
6698 5060 0
6706 5059 0
6719 5058 0
6735 5057 0
6757 5056 0
6785 5055 0
6815 5053 0
6846 5051 0
6882 5047 0
6920 5043 0
6959 5039 0
6992 5035 0
7018 5032 0
7036 5028 0
7050 5025 0
7058 5023 0
7062 5022 0
7058 5019 0
.PEN_UP
