.VERSION 1.0 
.HIERARCHY CHARACTER
.COORD X Y T
.SEGMENT CHARACTER 0-2 OK "16"
.H_LINE 6249 7124
.V_LINE 1999 2749
.X_DIM 749
.Y_DIM 875
.X_POINTS_PER_INCH 1000
.Y_POINTS_PER_INCH 1000
.POINTS_PER_SECOND 125
.COMMENT CALIB X: 44 Y: -68

.WRITER_INFO
 Name: RAJ BHUSHAN
 WriterId: 41
 Hand: right
 EducationLevel: post graduate
 Gender: male
 Profession: research scholar
 Region: karvar
 Age: 24
 DeviceType: digimemo a402
 SkillDevice: average
 Language: hindi
 Script: indic
 Native: false
 Style: discrete
 UsageFreq: once a month
 Proficiency: good
 Date: 2007-6-18
 WritingInProfession: no

.PEN_DOWN
2360 6664 0
2360 6668 0
2360 6673 0
2361 6678 0
2361 6684 0
2362 6691 0
2362 6700 0
2363 6708 0
2363 6714 0
2363 6719 0
2363 6722 0
2363 6719 0
2362 6715 0
2360 6710 0
2357 6705 0
2353 6700 0
2348 6697 0
2343 6696 0
2337 6697 0
2331 6699 0
2325 6703 0
2320 6707 0
2317 6712 0
2315 6717 0
2314 6724 0
2313 6733 0
2314 6741 0
2315 6749 0
2317 6756 0
2320 6762 0
2323 6766 0
2326 6770 0
2330 6773 0
2335 6777 0
2342 6780 0
2350 6782 0
2356 6784 0
2363 6785 0
2371 6785 0
2377 6786 0
2381 6786 0
2385 6787 0
2389 6789 0
2392 6791 0
2395 6794 0
2399 6798 0
2402 6803 0
2405 6808 0
2406 6813 0
2407 6817 0
2407 6821 0
2406 6825 0
2404 6829 0
2401 6833 0
2396 6838 0
2391 6841 0
2386 6843 0
2380 6846 0
2371 6848 0
2362 6849 0
2354 6849 0
2346 6848 0
2338 6846 0
2330 6844 0
2323 6843 0
2318 6841 0
2312 6839 0
2307 6837 0
2304 6836 0
2304 6836 0
.PEN_UP
.PEN_DOWN
2229 6662 0
2232 6660 0
2236 6659 0
2240 6658 0
2245 6657 0
2252 6655 0
2260 6653 0
2272 6651 0
2285 6650 0
2298 6648 0
2314 6646 0
2332 6644 0
2352 6641 0
2373 6639 0
2396 6636 0
2420 6633 0
2440 6632 0
2453 6631 0
2464 6631 0
2473 6631 0
2481 6631 0
2488 6631 0
2492 6630 0
2492 6630 0
.PEN_UP
.PEN_DOWN
2503 6745 0
2500 6747 0
2497 6749 0
2494 6750 0
2495 6746 0
2496 6743 0
2497 6740 0
2500 6738 0
2501 6742 0
2502 6746 0
2502 6749 0
2501 6752 0
2501 6755 0
2498 6755 0
2496 6751 0
2496 6747 0
2496 6743 0
2497 6739 0
2499 6736 0
2500 6733 0
2503 6731 0
2506 6731 0
2509 6732 0
2512 6735 0
2513 6738 0
2513 6741 0
2510 6747 0
.PEN_UP
