.VERSION 1.0 
.HIERARCHY CHARACTER
.COORD X Y T
.SEGMENT CHARACTER 0-2 OK "41"
.H_LINE 4624 5499
.V_LINE 1999 2749
.X_DIM 749
.Y_DIM 874
.X_POINTS_PER_INCH 1000
.Y_POINTS_PER_INCH 1000
.POINTS_PER_SECOND 125
.COMMENT CALIB X: 25 Y: -122

.WRITER_INFO
 Name: RAJ BHUSHAN
 WriterId: 41
 Hand: right
 EducationLevel: post graduate
 Gender: male
 Profession: research scholar
 Region: karvar
 Age: 24
 DeviceType: digimemo a402
 SkillDevice: average
 Language: hindi
 Script: indic
 Native: false
 Style: discrete
 UsageFreq: once a month
 Proficiency: good
 Date: 2007-6-18
 WritingInProfession: no

.PEN_DOWN
2329 5088 0
2330 5091 0
2330 5094 0
2329 5098 0
2327 5102 0
2325 5106 0
2322 5109 0
2319 5110 0
2316 5111 0
2313 5110 0
2310 5108 0
2307 5104 0
2305 5098 0
2303 5091 0
2302 5086 0
2302 5080 0
2303 5074 0
2304 5069 0
2306 5066 0
2311 5063 0
2316 5061 0
2321 5060 0
2327 5061 0
2333 5062 0
2339 5064 0
2346 5068 0
2352 5073 0
2358 5080 0
2363 5088 0
2368 5098 0
2371 5110 0
2372 5124 0
2372 5138 0
2372 5152 0
2370 5168 0
2366 5182 0
2362 5194 0
2356 5205 0
2350 5213 0
2344 5218 0
2340 5220 0
2335 5220 0
2328 5218 0
2320 5215 0
2313 5210 0
2308 5205 0
2305 5201 0
2303 5196 0
2302 5192 0
2302 5187 0
2303 5182 0
2305 5177 0
2309 5172 0
2313 5169 0
2317 5168 0
2322 5169 0
2326 5171 0
2330 5174 0
2336 5178 0
2343 5183 0
2351 5188 0
2357 5192 0
2361 5197 0
2366 5204 0
2373 5210 0
2379 5214 0
2385 5217 0
2391 5219 0
2397 5220 0
2404 5219 0
2414 5217 0
2422 5215 0
2428 5214 0
2433 5212 0
2437 5211 0
2440 5209 0
2443 5208 0
2445 5205 0
2450 5202 0
.PEN_UP
.PEN_DOWN
2531 5078 0
2531 5081 0
2531 5086 0
2531 5092 0
2531 5100 0
2531 5108 0
2531 5117 0
2531 5128 0
2530 5141 0
2529 5154 0
2528 5168 0
2527 5180 0
2526 5189 0
2526 5195 0
2526 5198 0
2527 5193 0
2528 5185 0
.PEN_UP
.PEN_DOWN
2285 5059 0
2282 5057 0
2288 5060 0
2298 5062 0
2312 5062 0
2331 5063 0
2356 5062 0
2389 5061 0
2427 5058 0
2465 5056 0
2497 5052 0
2523 5048 0
2542 5046 0
2554 5044 0
2563 5043 0
2569 5043 0
2573 5043 0
2576 5043 0
2576 5040 0
2574 5043 0
.PEN_UP
