.VERSION 1.0 
.HIERARCHY CHARACTER
.COORD X Y T
.SEGMENT CHARACTER 0 OK "49"
.H_LINE 6249 7124
.V_LINE 6500 7250
.X_DIM 750
.Y_DIM 875
.X_POINTS_PER_INCH 1000
.Y_POINTS_PER_INCH 1000
.POINTS_PER_SECOND 125
.COMMENT CALIB X: 52 Y: -93

.WRITER_INFO
 Name: RAJ BHUSHAN
 WriterId: 41
 Hand: right
 EducationLevel: post graduate
 Gender: male
 Profession: research scholar
 Region: karvar
 Age: 24
 DeviceType: digimemo a402
 SkillDevice: average
 Language: hindi
 Script: indic
 Native: false
 Style: discrete
 UsageFreq: once a month
 Proficiency: good
 Date: 2007-6-18
 WritingInProfession: no

.PEN_DOWN
6718 6760 0
6717 6757 0
6717 6753 0
6717 6748 0
6718 6741 0
6719 6733 0
6720 6726 0
6721 6716 0
6722 6705 0
6723 6695 0
6723 6685 0
6724 6674 0
6725 6662 0
6725 6649 0
6725 6637 0
6725 6626 0
6724 6615 0
6725 6604 0
6725 6593 0
6725 6581 0
6726 6570 0
6728 6559 0
6729 6548 0
6729 6537 0
6729 6525 0
6730 6512 0
6731 6498 0
6732 6485 0
6734 6472 0
6736 6459 0
6738 6447 0
6741 6435 0
6744 6424 0
6748 6414 0
6752 6404 0
6757 6395 0
6763 6387 0
6768 6382 0
6772 6378 0
6776 6376 0
6780 6374 0
6785 6372 0
6792 6371 0
6800 6371 0
6806 6371 0
6813 6374 0
6821 6379 0
6831 6384 0
6841 6389 0
6848 6392 0
6853 6398 0
6859 6406 0
6864 6415 0
6869 6424 0
6873 6434 0
6877 6444 0
6881 6455 0
6884 6464 0
6886 6471 0
6887 6477 0
6888 6484 0
6888 6492 0
6888 6500 0
6887 6509 0
6885 6519 0
6883 6531 0
6881 6541 0
6879 6549 0
6877 6555 0
6876 6560 0
6875 6565 0
6874 6570 0
6874 6576 0
6874 6580 0
6874 6584 0
6873 6587 0
6873 6590 0
6873 6590 0
.PEN_UP
