.VERSION 1.0 
.HIERARCHY CHARACTER
.COORD X Y T
.SEGMENT CHARACTER 0-2 OK "65"
.H_LINE 2999 3874
.V_LINE 499 1250
.X_DIM 750
.Y_DIM 874
.X_POINTS_PER_INCH 1000
.Y_POINTS_PER_INCH 1000
.POINTS_PER_SECOND 125
.COMMENT CALIB X: 8 Y: -41

.WRITER_INFO
 Name: RAJ BHUSHAN
 WriterId: 41
 Hand: right
 EducationLevel: post graduate
 Gender: male
 Profession: research scholar
 Region: karvar
 Age: 24
 DeviceType: digimemo a402
 SkillDevice: average
 Language: hindi
 Script: indic
 Native: false
 Style: discrete
 UsageFreq: once a month
 Proficiency: good
 Date: 2007-6-18
 WritingInProfession: no

.PEN_DOWN
821 3548 0
818 3548 0
815 3548 0
812 3548 0
809 3549 0
806 3551 0
803 3552 0
800 3552 0
797 3553 0
794 3555 0
790 3558 0
787 3560 0
785 3564 0
784 3567 0
783 3570 0
782 3573 0
782 3576 0
781 3579 0
781 3584 0
781 3588 0
780 3592 0
781 3595 0
781 3599 0
782 3603 0
783 3607 0
784 3610 0
785 3613 0
787 3616 0
791 3619 0
795 3622 0
799 3623 0
802 3624 0
805 3625 0
809 3626 0
813 3626 0
818 3626 0
824 3626 0
830 3626 0
836 3626 0
841 3625 0
845 3624 0
848 3622 0
851 3620 0
854 3618 0
857 3616 0
860 3614 0
864 3611 0
867 3608 0
869 3605 0
872 3601 0
874 3597 0
875 3594 0
875 3590 0
876 3587 0
876 3584 0
878 3580 0
880 3576 0
883 3573 0
886 3570 0
889 3567 0
892 3564 0
895 3562 0
899 3560 0
902 3558 0
905 3556 0
908 3554 0
912 3553 0
916 3552 0
920 3551 0
925 3550 0
929 3549 0
932 3549 0
935 3549 0
939 3550 0
943 3550 0
947 3550 0
951 3550 0
955 3550 0
958 3551 0
961 3552 0
964 3554 0
967 3556 0
967 3556 0
.PEN_UP
.PEN_DOWN
827 3499 0
839 3499 0
845 3499 0
848 3499 0
849 3503 0
850 3507 0
851 3512 0
851 3517 0
852 3524 0
853 3532 0
854 3541 0
855 3551 0
855 3560 0
856 3571 0
858 3582 0
860 3592 0
861 3601 0
861 3609 0
860 3616 0
860 3621 0
860 3627 0
861 3633 0
862 3640 0
862 3645 0
862 3648 0
862 3645 0
862 3640 0
860 3632 0
.PEN_UP
.PEN_DOWN
766 3481 0
763 3482 0
767 3481 0
771 3481 0
777 3480 0
786 3479 0
795 3478 0
805 3478 0
817 3477 0
829 3477 0
843 3478 0
856 3477 0
868 3477 0
878 3477 0
888 3477 0
895 3477 0
900 3477 0
904 3477 0
907 3477 0
907 3477 0
.PEN_UP
