.VERSION 1.0 
.HIERARCHY CHARACTER
.COORD X Y T
.SEGMENT CHARACTER 0-1 OK "88"
.H_LINE 9500 10374
.V_LINE 5000 5750
.X_DIM 750
.Y_DIM 874
.X_POINTS_PER_INCH 1000
.Y_POINTS_PER_INCH 1000
.POINTS_PER_SECOND 125
.COMMENT CALIB X: 13 Y: -116

.WRITER_INFO
 Name: RAJ BHUSHAN
 WriterId: 41
 Hand: right
 EducationLevel: post graduate
 Gender: male
 Profession: research scholar
 Region: karvar
 Age: 24
 DeviceType: digimemo a402
 SkillDevice: average
 Language: hindi
 Script: indic
 Native: false
 Style: discrete
 UsageFreq: once a month
 Proficiency: good
 Date: 2007-6-18
 WritingInProfession: no

.PEN_DOWN
5294 10065 0
5292 10068 0
5290 10071 0
5287 10073 0
5284 10073 0
5280 10070 0
5277 10067 0
5275 10064 0
5273 10059 0
5272 10055 0
5272 10050 0
5273 10043 0
5274 10037 0
5276 10032 0
5278 10027 0
5280 10023 0
5283 10018 0
5287 10013 0
5292 10009 0
5297 10007 0
5301 10006 0
5305 10007 0
5311 10009 0
5316 10012 0
5320 10015 0
5324 10019 0
5327 10024 0
5330 10029 0
5332 10034 0
5332 10038 0
5332 10041 0
5331 10044 0
5330 10041 0
5329 10038 0
5329 10034 0
5329 10030 0
5329 10027 0
5330 10024 0
5331 10021 0
5333 10018 0
5336 10013 0
5341 10009 0
5347 10005 0
5353 10002 0
5359 10000 0
5367 9999 0
5376 9999 0
5385 9999 0
5396 10000 0
5407 10002 0
5415 10003 0
5422 10005 0
5428 10007 0
5433 10009 0
5436 10011 0
5439 10014 0
5441 10018 0
5443 10023 0
5445 10029 0
5447 10034 0
5448 10039 0
5449 10043 0
5450 10046 0
5452 10049 0
5455 10052 0
5458 10053 0
5459 10050 0
5458 10046 0
.PEN_UP
.PEN_DOWN
5275 9912 0
5273 9915 0
5277 9916 0
5281 9915 0
5288 9914 0
5298 9912 0
5309 9910 0
5324 9909 0
5342 9909 0
5364 9909 0
5387 9909 0
5407 9909 0
5422 9908 0
5432 9907 0
5438 9906 0
5442 9905 0
5446 9900 0
.PEN_UP
