.VERSION 1.0 
.HIERARCHY CHARACTER
.COORD X Y T
.SEGMENT CHARACTER 0-2 OK "102"
.H_LINE 4624 5499
.V_LINE 3500 4250
.X_DIM 750
.Y_DIM 874
.X_POINTS_PER_INCH 1000
.Y_POINTS_PER_INCH 1000
.POINTS_PER_SECOND 125
.COMMENT CALIB X: 20 Y: -118

.WRITER_INFO
 Name: RAJ BHUSHAN
 WriterId: 41
 Hand: right
 EducationLevel: post graduate
 Gender: male
 Profession: research scholar
 Region: karvar
 Age: 24
 DeviceType: digimemo a402
 SkillDevice: average
 Language: hindi
 Script: indic
 Native: false
 Style: discrete
 UsageFreq: once a month
 Proficiency: good
 Date: 2007-6-18
 WritingInProfession: no

.PEN_DOWN
3778 5045 0
3778 5048 0
3778 5053 0
3778 5058 0
3779 5065 0
3779 5074 0
3779 5083 0
3779 5090 0
3779 5096 0
3779 5103 0
3778 5108 0
3778 5112 0
3778 5116 0
3779 5119 0
3779 5115 0
3779 5112 0
3778 5109 0
3776 5106 0
3773 5104 0
3769 5103 0
3765 5102 0
3762 5102 0
3758 5102 0
3755 5103 0
3751 5105 0
3746 5109 0
3741 5114 0
3736 5119 0
3732 5125 0
3728 5133 0
3725 5142 0
3722 5150 0
3721 5158 0
3722 5164 0
3724 5174 0
3727 5184 0
3731 5192 0
3737 5200 0
3744 5207 0
3751 5212 0
3760 5217 0
3770 5220 0
3779 5220 0
3787 5220 0
3796 5219 0
3803 5217 0
3809 5215 0
3813 5212 0
3816 5209 0
3819 5205 0
3821 5201 0
3823 5197 0
3825 5194 0
3826 5191 0
3826 5188 0
3826 5185 0
3826 5182 0
3825 5187 0
3823 5192 0
3821 5200 0
3819 5210 0
3816 5219 0
3813 5228 0
3811 5236 0
3810 5244 0
3809 5252 0
3808 5259 0
3808 5266 0
3808 5272 0
3808 5275 0
3809 5272 0
3808 5266 0
.PEN_UP
.PEN_DOWN
3691 5231 0
3694 5229 0
3697 5227 0
3699 5224 0
3700 5220 0
3699 5214 0
3696 5209 0
3691 5203 0
3686 5199 0
3681 5197 0
3677 5198 0
3671 5202 0
3665 5208 0
3659 5217 0
3654 5227 0
3652 5237 0
3652 5247 0
3653 5256 0
3656 5264 0
3661 5270 0
3665 5274 0
3669 5277 0
3675 5281 0
3684 5283 0
3692 5282 0
3698 5281 0
3704 5280 0
3708 5278 0
3711 5276 0
3712 5273 0
3712 5270 0
3709 5269 0
3705 5270 0
3702 5273 0
3698 5277 0
3693 5281 0
3690 5284 0
3687 5289 0
3686 5292 0
3686 5296 0
3687 5300 0
3691 5306 0
3696 5311 0
3701 5315 0
3707 5318 0
3716 5321 0
3727 5322 0
3739 5322 0
3752 5320 0
3764 5317 0
3775 5313 0
3785 5306 0
3797 5299 0
3807 5293 0
3814 5288 0
3819 5283 0
3822 5279 0
3823 5276 0
3822 5273 0
.PEN_UP
.PEN_DOWN
3628 5048 0
3625 5048 0
3622 5048 0
3626 5048 0
3631 5048 0
3639 5048 0
3652 5048 0
3668 5048 0
3689 5049 0
3716 5049 0
3745 5049 0
3773 5049 0
3804 5048 0
3837 5046 0
3869 5042 0
3898 5039 0
3921 5036 0
3937 5034 0
3946 5033 0
3949 5033 0
3944 5034 0
3933 5036 0
.PEN_UP
