.VERSION 1.0 
.HIERARCHY CHARACTER
.COORD X Y T
.SEGMENT CHARACTER 0-2 OK "1"
.H_LINE 1374 2249
.V_LINE 1999 2749
.X_DIM 749
.Y_DIM 874
.X_POINTS_PER_INCH 1000
.Y_POINTS_PER_INCH 1000
.POINTS_PER_SECOND 125
.COMMENT CALIB X: 16 Y: -52

.WRITER_INFO
 Name: B PAVAN
 WriterId: 74
 Hand: right
 EducationLevel: college graduate
 Gender: male
 Profession: student
 Region: visakhapatnam
 Age: 21
 DeviceType: digimemo a402
 SkillDevice: average
 Language: hindi
 Script: indic
 Native: false
 Style: discrete
 UsageFreq: once a month
 Proficiency: average
 Date: 2007-6-30
 WritingInProfession: no

.PEN_DOWN
2256 1616 0
2257 1613 0
2260 1607 0
2264 1603 0
2269 1597 0
2277 1594 0
2284 1590 0
2292 1588 0
2306 1588 0
2318 1586 0
2329 1586 0
2337 1587 0
2342 1591 0
2344 1596 0
2341 1604 0
2339 1613 0
2334 1620 0
2328 1630 0
2322 1640 0
2312 1650 0
2302 1660 0
2292 1669 0
2286 1675 0
2281 1675 0
2278 1677 0
2275 1677 0
2278 1675 0
2283 1671 0
2290 1672 0
2301 1672 0
2312 1676 0
2324 1681 0
2334 1687 0
2343 1694 0
2351 1701 0
2360 1712 0
2366 1723 0
2368 1736 0
2370 1749 0
2370 1761 0
2369 1771 0
2366 1779 0
2361 1789 0
2353 1795 0
2341 1801 0
2329 1807 0
2315 1809 0
2303 1810 0
2293 1809 0
2286 1809 0
2279 1807 0
2272 1805 0
2268 1803 0
2259 1794 0
2254 1783 0
2249 1773 0
2249 1765 0
2252 1757 0
2260 1743 0
.PEN_UP
.PEN_DOWN
2304 1679 0
2308 1676 0
2316 1672 0
2324 1670 0
2333 1668 0
2340 1668 0
2354 1667 0
2369 1662 0
2387 1659 0
2407 1654 0
2427 1650 0
2444 1644 0
2459 1639 0
2473 1631 0
2482 1620 0
2489 1611 0
2495 1600 0
2498 1591 0
2498 1586 0
2495 1582 0
2494 1579 0
2492 1576 0
2494 1579 0
2491 1587 0
2490 1603 0
2487 1622 0
2486 1646 0
2483 1672 0
2481 1699 0
2480 1720 0
2477 1741 0
2475 1758 0
2473 1770 0
2472 1777 0
2472 1781 0
2472 1785 0
2473 1789 0
2474 1785 0
2476 1777 0
2478 1773 0
2479 1758 0
.PEN_UP
.PEN_DOWN
2406 1591 0
2401 1591 0
2398 1591 0
2394 1588 0
2400 1586 0
2408 1584 0
2417 1583 0
2433 1582 0
2452 1579 0
2476 1578 0
2495 1574 0
2517 1572 0
2535 1570 0
2551 1569 0
2563 1570 0
2569 1568 0
2573 1567 0
2576 1567 0
2577 1570 0
2574 1569 0
.PEN_UP
