.VERSION 1.0 
.HIERARCHY CHARACTER
.COORD X Y T
.SEGMENT CHARACTER 0-3 OK "9"
.H_LINE 2999 3874
.V_LINE 6500 7250
.X_DIM 750
.Y_DIM 874
.X_POINTS_PER_INCH 1000
.Y_POINTS_PER_INCH 1000
.POINTS_PER_SECOND 125
.COMMENT CALIB X: 2 Y: -36

.WRITER_INFO
 Name: B PAVAN
 WriterId: 74
 Hand: right
 EducationLevel: college graduate
 Gender: male
 Profession: student
 Region: visakhapatnam
 Age: 21
 DeviceType: digimemo a402
 SkillDevice: average
 Language: hindi
 Script: indic
 Native: false
 Style: discrete
 UsageFreq: once a month
 Proficiency: average
 Date: 2007-6-30
 WritingInProfession: no

.PEN_DOWN
6801 3327 0
6798 3326 0
6799 3329 0
6799 3332 0
6801 3339 0
6804 3346 0
6805 3357 0
6805 3370 0
6802 3387 0
6800 3405 0
6796 3421 0
6794 3438 0
6793 3451 0
6790 3462 0
6789 3468 0
6787 3472 0
6787 3469 0
6788 3464 0
6789 3458 0
6792 3454 0
6795 3449 0
6798 3448 0
6807 3448 0
6822 3448 0
6847 3453 0
6876 3459 0
6905 3468 0
6935 3480 0
6960 3491 0
6979 3502 0
6993 3512 0
7004 3524 0
7011 3534 0
7014 3544 0
7017 3552 0
7019 3562 0
7022 3567 0
7024 3570 0
7026 3573 0
7026 3569 0
7025 3559 0
7022 3549 0
7013 3533 0
.PEN_UP
.PEN_DOWN
6953 3325 0
6950 3325 0
6949 3331 0
6949 3337 0
6948 3349 0
6945 3363 0
6939 3381 0
6934 3398 0
6926 3412 0
6917 3430 0
6907 3443 0
6896 3453 0
6888 3460 0
6880 3465 0
6875 3466 0
6869 3463 0
6863 3459 0
6856 3452 0
6847 3442 0
.PEN_UP
.PEN_DOWN
6951 3341 0
6951 3334 0
6949 3327 0
6950 3311 0
6950 3295 0
6950 3277 0
6945 3254 0
6936 3234 0
6925 3216 0
6913 3202 0
6901 3192 0
6892 3186 0
6887 3181 0
6882 3176 0
6879 3180 0
6878 3189 0
6870 3202 0
6862 3216 0
6857 3233 0
.PEN_UP
.PEN_DOWN
6748 3307 0
6751 3307 0
6758 3306 0
6776 3303 0
6806 3299 0
6850 3298 0
6900 3296 0
6946 3296 0
6982 3298 0
7010 3301 0
7033 3301 0
7047 3299 0
7056 3300 0
7059 3299 0
7059 3303 0
7055 3304 0
.PEN_UP
