.VERSION 1.0 
.HIERARCHY CHARACTER
.COORD X Y T
.SEGMENT CHARACTER 0-1 OK "44"
.H_LINE 4624 5499
.V_LINE 6500 7250
.X_DIM 750
.Y_DIM 874
.X_POINTS_PER_INCH 1000
.Y_POINTS_PER_INCH 1000
.POINTS_PER_SECOND 125
.COMMENT CALIB X: -29 Y: -28

.WRITER_INFO
 Name: B PAVAN
 WriterId: 74
 Hand: right
 EducationLevel: college graduate
 Gender: male
 Profession: student
 Region: visakhapatnam
 Age: 21
 DeviceType: digimemo a402
 SkillDevice: average
 Language: hindi
 Script: indic
 Native: false
 Style: discrete
 UsageFreq: once a month
 Proficiency: average
 Date: 2007-6-30
 WritingInProfession: no

.PEN_DOWN
6861 4922 0
6864 4928 0
6868 4937 0
6870 4953 0
6872 4970 0
6872 4988 0
6874 5001 0
6875 5010 0
6876 5020 0
6876 5025 0
6873 5028 0
6873 5031 0
6872 5028 0
6872 5022 0
6873 5017 0
6872 5009 0
6868 5004 0
6865 5000 0
6859 4994 0
6850 4991 0
6836 4988 0
6818 4989 0
6801 4992 0
6786 4999 0
6775 5009 0
6765 5015 0
6759 5025 0
6755 5035 0
6748 5045 0
6745 5053 0
6743 5062 0
6745 5069 0
6747 5072 0
6753 5076 0
6763 5078 0
6773 5080 0
6780 5080 0
6787 5081 0
6796 5079 0
6800 5076 0
6803 5076 0
6800 5074 0
6797 5074 0
6789 5074 0
6782 5073 0
6773 5073 0
6763 5075 0
6755 5077 0
6747 5083 0
6740 5094 0
6733 5105 0
6728 5118 0
6725 5129 0
6724 5143 0
6722 5154 0
6721 5164 0
6724 5172 0
6730 5175 0
6744 5176 0
6766 5174 0
6790 5173 0
6813 5171 0
6835 5169 0
6854 5166 0
6864 5160 0
6871 5156 0
6876 5149 0
6879 5142 0
6880 5132 0
6879 5122 0
.PEN_UP
.PEN_DOWN
6722 4904 0
6725 4902 0
6731 4902 0
6744 4900 0
6763 4896 0
6793 4894 0
6833 4891 0
6875 4890 0
6913 4890 0
6943 4888 0
6968 4888 0
6986 4885 0
7001 4884 0
7010 4882 0
7014 4882 0
7011 4884 0
7004 4884 0
6996 4887 0
6987 4889 0
.PEN_UP
