.VERSION 1.0 
.HIERARCHY CHARACTER
.COORD X Y T
.SEGMENT CHARACTER 0-2 OK "97"
.H_LINE 2999 3874
.V_LINE 3500 4250
.X_DIM 750
.Y_DIM 874
.X_POINTS_PER_INCH 1000
.Y_POINTS_PER_INCH 1000
.POINTS_PER_SECOND 125
.COMMENT CALIB X: 36 Y: -59

.WRITER_INFO
 Name: B PAVAN
 WriterId: 74
 Hand: right
 EducationLevel: college graduate
 Gender: male
 Profession: student
 Region: visakhapatnam
 Age: 21
 DeviceType: digimemo a402
 SkillDevice: average
 Language: hindi
 Script: indic
 Native: false
 Style: discrete
 UsageFreq: once a month
 Proficiency: average
 Date: 2007-6-30
 WritingInProfession: no

.PEN_DOWN
3878 3300 0
3881 3300 0
3881 3303 0
3882 3309 0
3881 3316 0
3882 3324 0
3882 3333 0
3882 3344 0
3882 3352 0
3881 3360 0
3883 3367 0
3883 3372 0
3884 3377 0
3884 3381 0
3882 3376 0
3878 3372 0
3874 3370 0
3868 3366 0
3860 3363 0
3852 3361 0
3844 3362 0
3834 3364 0
3822 3369 0
3812 3376 0
3803 3383 0
3796 3393 0
3790 3403 0
3783 3418 0
3777 3431 0
3773 3443 0
3769 3455 0
3766 3467 0
3767 3478 0
3767 3486 0
3769 3493 0
3773 3498 0
3776 3502 0
3782 3506 0
3790 3509 0
3801 3511 0
3813 3510 0
3827 3511 0
3842 3509 0
3854 3508 0
3863 3507 0
3870 3506 0
3877 3502 0
3882 3498 0
3886 3492 0
3892 3489 0
.PEN_UP
.PEN_DOWN
3854 3527 0
3854 3524 0
3850 3523 0
3847 3520 0
3846 3523 0
3846 3527 0
3846 3531 0
3845 3536 0
3846 3540 0
3847 3543 0
3848 3546 0
3848 3549 0
3845 3546 0
3842 3545 0
3837 3545 0
3832 3547 0
3824 3547 0
3818 3549 0
3813 3552 0
3807 3560 0
3800 3568 0
3793 3578 0
3789 3590 0
3785 3600 0
3784 3609 0
3785 3616 0
3785 3621 0
3787 3624 0
3793 3625 0
3803 3623 0
3818 3617 0
3835 3610 0
3853 3600 0
3870 3588 0
.PEN_UP
.PEN_DOWN
3720 3274 0
3729 3275 0
3746 3274 0
3768 3275 0
3797 3274 0
3833 3275 0
3878 3276 0
3918 3276 0
3951 3276 0
3974 3275 0
3989 3275 0
3997 3275 0
3997 3275 0
.PEN_UP
