.VERSION 1.0 
.HIERARCHY CHARACTER
.COORD X Y T
.SEGMENT CHARACTER 0-3 OK "103"
.H_LINE 4624 5499
.V_LINE 5000 5750
.X_DIM 750
.Y_DIM 874
.X_POINTS_PER_INCH 1000
.Y_POINTS_PER_INCH 1000
.POINTS_PER_SECOND 125
.COMMENT CALIB X: -56 Y: -10

.WRITER_INFO
 Name: B PAVAN
 WriterId: 74
 Hand: right
 EducationLevel: college graduate
 Gender: male
 Profession: student
 Region: visakhapatnam
 Age: 21
 DeviceType: digimemo a402
 SkillDevice: average
 Language: hindi
 Script: indic
 Native: false
 Style: discrete
 UsageFreq: once a month
 Proficiency: average
 Date: 2007-6-30
 WritingInProfession: no

.PEN_DOWN
5408 4976 0
5408 4973 0
5410 4977 0
5412 4985 0
5411 4999 0
5412 5016 0
5413 5033 0
5415 5050 0
5417 5065 0
5419 5081 0
5422 5095 0
5421 5110 0
5421 5123 0
5421 5130 0
5422 5136 0
5422 5139 0
5421 5132 0
5421 5132 0
.PEN_UP
.PEN_DOWN
5397 5067 0
5394 5067 0
5390 5066 0
5384 5066 0
5380 5067 0
5375 5064 0
5370 5063 0
5364 5061 0
5353 5061 0
5339 5061 0
5319 5062 0
5302 5064 0
5286 5064 0
5273 5068 0
5262 5071 0
5252 5075 0
5246 5080 0
5240 5086 0
5237 5089 0
5237 5092 0
5241 5094 0
5245 5094 0
5251 5091 0
5257 5088 0
5262 5084 0
5266 5080 0
5269 5078 0
5271 5074 0
5271 5070 0
5273 5067 0
5274 5064 0
5274 5064 0
.PEN_UP
.PEN_DOWN
5415 5071 0
5414 5068 0
5410 5068 0
5404 5069 0
5397 5073 0
5390 5077 0
5381 5082 0
5369 5088 0
5353 5095 0
5340 5103 0
5325 5109 0
5313 5117 0
5300 5124 0
5287 5133 0
5276 5143 0
5267 5154 0
5259 5163 0
5254 5167 0
5252 5173 0
5253 5177 0
5252 5181 0
5253 5184 0
5256 5183 0
5261 5184 0
5265 5182 0
5268 5181 0
5272 5181 0
5276 5178 0
5281 5175 0
5287 5170 0
5293 5167 0
5296 5163 0
5296 5160 0
5296 5154 0
5297 5150 0
5293 5151 0
5289 5149 0
5287 5152 0
5287 5152 0
.PEN_UP
.PEN_DOWN
5289 4940 0
5285 4942 0
5278 4943 0
5274 4943 0
5278 4944 0
5284 4945 0
5299 4946 0
5318 4943 0
5343 4940 0
5368 4936 0
5396 4934 0
5421 4930 0
5443 4928 0
5464 4927 0
5479 4924 0
5489 4922 0
5494 4920 0
5497 4920 0
5494 4922 0
5492 4929 0
5486 4929 0
.PEN_UP
