.VERSION 1.0 
.HIERARCHY CHARACTER
.COORD X Y T
.SEGMENT CHARACTER 0-3 OK "104"
.H_LINE 4624 5499
.V_LINE 6500 7250
.X_DIM 750
.Y_DIM 874
.X_POINTS_PER_INCH 1000
.Y_POINTS_PER_INCH 1000
.POINTS_PER_SECOND 125
.COMMENT CALIB X: -29 Y: -28

.WRITER_INFO
 Name: B PAVAN
 WriterId: 74
 Hand: right
 EducationLevel: college graduate
 Gender: male
 Profession: student
 Region: visakhapatnam
 Age: 21
 DeviceType: digimemo a402
 SkillDevice: average
 Language: hindi
 Script: indic
 Native: false
 Style: discrete
 UsageFreq: once a month
 Proficiency: average
 Date: 2007-6-30
 WritingInProfession: no

.PEN_DOWN
6930 4918 0
6932 4915 0
6936 4919 0
6940 4929 0
6941 4945 0
6940 4962 0
6941 4980 0
6941 4997 0
6942 5017 0
6944 5034 0
6943 5049 0
6943 5060 0
6942 5069 0
6943 5074 0
6943 5077 0
6943 5077 0
.PEN_UP
.PEN_DOWN
6945 5041 0
6941 5041 0
6934 5041 0
6925 5041 0
6913 5032 0
6902 5027 0
6890 5020 0
6874 5014 0
6858 5007 0
6840 4998 0
6824 4987 0
6811 4975 0
6803 4967 0
6797 4961 0
6793 4956 0
6793 4952 0
6794 4945 0
6798 4941 0
6804 4936 0
6810 4935 0
6817 4935 0
6822 4938 0
6827 4941 0
6831 4942 0
6836 4947 0
6841 4950 0
6841 4956 0
6840 4965 0
6834 4975 0
6827 4984 0
6818 4992 0
6807 5005 0
6793 5017 0
6779 5029 0
6768 5042 0
6756 5052 0
6748 5060 0
6741 5065 0
6736 5071 0
6732 5074 0
6729 5078 0
6729 5082 0
6732 5083 0
6737 5084 0
6742 5085 0
6747 5087 0
6754 5088 0
6759 5087 0
6764 5088 0
6768 5086 0
6773 5084 0
.PEN_UP
.PEN_DOWN
6945 5039 0
6941 5039 0
6939 5042 0
6936 5044 0
6930 5049 0
6925 5056 0
6915 5060 0
6906 5066 0
6896 5072 0
6886 5078 0
6876 5083 0
6865 5091 0
6858 5096 0
6852 5098 0
6849 5100 0
6849 5090 0
6851 5094 0
.PEN_UP
.PEN_DOWN
6838 4877 0
6837 4881 0
6845 4881 0
6857 4879 0
6876 4877 0
6902 4873 0
6925 4871 0
6946 4868 0
6965 4867 0
6986 4864 0
7006 4861 0
7025 4861 0
7042 4859 0
7053 4859 0
7060 4861 0
7063 4860 0
7061 4850 0
7054 4857 0
.PEN_UP
