.VERSION 1.0 
.HIERARCHY CHARACTER
.COORD X Y T
.SEGMENT CHARACTER 0-3 OK "96"
.H_LINE 2999 3874
.V_LINE 1999 2749
.X_DIM 749
.Y_DIM 874
.X_POINTS_PER_INCH 1000
.Y_POINTS_PER_INCH 1000
.POINTS_PER_SECOND 125
.COMMENT CALIB X: -79 Y: -124

.WRITER_INFO
 Name: AMIT PRAKASH
 WriterId: 108
 Hand: right
 EducationLevel: college graduate
 Gender: male
 Profession: student
 Region: lucknow
 Age: 22
 DeviceType: digimemo a402
 SkillDevice: average
 Language: hindi
 Script: indic
 Native: true
 Style: discrete
 UsageFreq: once a month
 Proficiency: average
 Date: 2007-11-15
 WritingInProfession: no

.PEN_DOWN
2253 3253 0
2250 3252 0
2256 3252 0
2269 3252 0
2291 3251 0
2323 3249 0
2360 3248 0
2395 3246 0
2425 3245 0
2453 3243 0
2480 3242 0
2504 3242 0
2522 3242 0
2532 3242 0
2535 3242 0
2528 3243 0
2519 3244 0
2509 3246 0
2500 3250 0
2494 3251 0
.PEN_UP
.PEN_DOWN
2437 3272 0
2437 3269 0
2437 3272 0
2437 3276 0
2437 3283 0
2437 3290 0
2438 3298 0
2439 3307 0
2440 3318 0
2440 3330 0
2441 3345 0
2442 3359 0
2443 3374 0
2443 3388 0
2443 3400 0
2443 3411 0
2442 3420 0
2441 3426 0
2440 3430 0
2440 3427 0
2440 3423 0
2441 3420 0
2441 3417 0
2441 3414 0
2441 3411 0
2441 3407 0
2441 3403 0
2441 3400 0
2441 3396 0
2442 3392 0
2442 3388 0
2443 3385 0
2443 3381 0
2443 3378 0
2443 3375 0
2443 3372 0
2443 3369 0
2443 3366 0
2443 3363 0
2443 3360 0
2442 3356 0
2442 3353 0
2440 3350 0
2439 3347 0
2435 3343 0
2431 3341 0
2427 3338 0
2423 3335 0
2418 3333 0
2413 3330 0
2406 3328 0
2399 3328 0
2391 3329 0
2382 3331 0
2372 3334 0
2359 3339 0
2344 3346 0
2328 3354 0
2313 3364 0
2301 3375 0
2292 3386 0
2284 3397 0
2280 3406 0
2280 3416 0
2283 3427 0
2289 3437 0
2297 3446 0
2308 3453 0
2318 3460 0
2330 3463 0
2342 3468 0
2355 3466 0
.PEN_UP
.PEN_DOWN
2247 3327 0
2250 3326 0
2257 3325 0
2271 3324 0
2295 3323 0
2327 3321 0
2362 3321 0
2395 3318 0
.PEN_UP
.PEN_DOWN
2473 3348 0
2470 3348 0
2467 3347 0
2464 3346 0
2462 3343 0
2461 3340 0
2462 3336 0
2464 3331 0
2466 3327 0
2471 3322 0
2476 3318 0
2482 3315 0
2488 3312 0
2495 3311 0
2503 3309 0
2512 3308 0
2521 3307 0
2528 3306 0
2534 3306 0
2539 3307 0
2542 3308 0
2545 3310 0
2548 3313 0
2551 3317 0
2553 3322 0
2554 3328 0
2555 3336 0
2555 3346 0
2553 3358 0
2549 3373 0
2543 3388 0
2534 3403 0
2524 3419 0
2514 3433 0
2504 3445 0
2495 3455 0
2488 3463 0
2483 3468 0
.PEN_UP
