.VERSION 1.0 
.HIERARCHY CHARACTER
.COORD X Y T
.SEGMENT CHARACTER 0-1 OK "66"
.H_LINE 2999 3874
.V_LINE 1999 2749
.X_DIM 749
.Y_DIM 874
.X_POINTS_PER_INCH 1000
.Y_POINTS_PER_INCH 1000
.POINTS_PER_SECOND 125
.COMMENT CALIB X: -9 Y: -96

.WRITER_INFO
 Name: PRADEEP KUMAR
 WriterId: 67
 Hand: right
 EducationLevel: college graduate
 Gender: male
 Profession: student
 Region: hyderabad
 Age: 24
 DeviceType: digimemo a402
 SkillDevice: average
 Language: hindi
 Script: indic
 Native: false
 Style: discrete
 UsageFreq: once a month
 Proficiency: average
 Date: 2007-6-26
 WritingInProfession: no

.PEN_DOWN
2154 3329 0
2152 3326 0
2149 3324 0
2147 3321 0
2146 3318 0
2146 3315 0
2148 3311 0
2151 3308 0
2157 3305 0
2165 3302 0
2174 3303 0
2183 3306 0
2194 3312 0
2205 3319 0
2215 3329 0
2221 3343 0
2224 3360 0
2222 3383 0
2214 3408 0
2200 3434 0
2180 3457 0
2159 3475 0
2141 3485 0
2130 3489 0
2123 3490 0
2117 3486 0
2113 3479 0
2110 3469 0
2109 3461 0
2110 3457 0
2113 3454 0
2118 3455 0
2127 3460 0
2138 3468 0
2150 3477 0
2164 3488 0
2178 3500 0
2194 3510 0
2208 3519 0
2221 3527 0
2234 3534 0
2245 3539 0
2256 3542 0
2267 3544 0
2276 3544 0
2282 3543 0
2288 3541 0
2293 3539 0
2298 3536 0
2303 3530 0
2309 3523 0
2315 3514 0
2320 3504 0
2324 3490 0
2328 3477 0
2331 3470 0
2332 3465 0
2331 3471 0
2329 3477 0
.PEN_UP
.PEN_DOWN
2290 3335 0
2287 3338 0
2284 3342 0
2280 3349 0
2276 3357 0
2273 3368 0
2270 3379 0
2269 3389 0
2269 3400 0
2270 3410 0
2272 3417 0
2275 3422 0
2280 3425 0
2287 3425 0
2297 3422 0
2306 3415 0
2317 3405 0
2326 3392 0
2335 3378 0
2341 3364 0
2345 3349 0
2344 3335 0
2339 3327 0
2335 3322 0
2330 3319 0
2322 3319 0
2310 3322 0
2297 3328 0
2286 3335 0
2279 3341 0
.PEN_UP
