.VERSION 1.0 
.HIERARCHY CHARACTER
.COORD X Y T
.SEGMENT CHARACTER 0-2 OK "94"
.H_LINE 1374 2249
.V_LINE 6500 7250
.X_DIM 750
.Y_DIM 874
.X_POINTS_PER_INCH 1000
.Y_POINTS_PER_INCH 1000
.POINTS_PER_SECOND 125
.COMMENT CALIB X: 33 Y: -158

.WRITER_INFO
 Name: GANESH
 WriterId: 60
 Hand: right
 EducationLevel: college graduate
 Gender: male
 Profession: student
 Region: mahbubnagar
 Age: 21
 DeviceType: digimemo a402
 SkillDevice: average
 Language: hindi
 Script: indic
 Native: false
 Style: discrete
 UsageFreq: rarely
 Proficiency: average
 Date: 2007-6-25
 WritingInProfession: no

.PEN_DOWN
6774 1697 0
6775 1694 0
6779 1692 0
6792 1689 0
6816 1686 0
6853 1685 0
6898 1685 0
6939 1684 0
6971 1683 0
6994 1682 0
7009 1682 0
7018 1682 0
7022 1682 0
7025 1683 0
.PEN_UP
.PEN_DOWN
6954 1788 0
6957 1788 0
6957 1791 0
6957 1794 0
6956 1797 0
6955 1800 0
6952 1805 0
6949 1809 0
6945 1812 0
6941 1815 0
6935 1818 0
6925 1820 0
6915 1821 0
6904 1821 0
6891 1819 0
6880 1816 0
6869 1812 0
6858 1807 0
6847 1802 0
6839 1796 0
6833 1790 0
6828 1785 0
6826 1780 0
6825 1777 0
6825 1774 0
6828 1772 0
6833 1770 0
6842 1767 0
6855 1767 0
6869 1767 0
6881 1768 0
6889 1770 0
6894 1772 0
6895 1777 0
6892 1783 0
6888 1791 0
6882 1800 0
6876 1809 0
6870 1820 0
6864 1832 0
6858 1846 0
6852 1861 0
6846 1877 0
6840 1894 0
6837 1911 0
6835 1926 0
6836 1939 0
6838 1950 0
6843 1958 0
6849 1962 0
6856 1965 0
6864 1965 0
6873 1963 0
6884 1958 0
6893 1950 0
6900 1940 0
6905 1929 0
6907 1918 0
6907 1909 0
6905 1902 0
6902 1898 0
6899 1897 0
6896 1898 0
6892 1901 0
6888 1907 0
6884 1918 0
6881 1930 0
6879 1943 0
6878 1956 0
6878 1967 0
6880 1977 0
6883 1986 0
6889 1993 0
6897 1997 0
6905 2000 0
6917 1998 0
.PEN_UP
.PEN_DOWN
6933 1735 0
6936 1738 0
6946 1744 0
.PEN_UP
