.VERSION 1.0 
.HIERARCHY CHARACTER
.COORD X Y T
.SEGMENT CHARACTER 0-3 OK "2"
.H_LINE 1374 2249
.V_LINE 3500 4250
.X_DIM 750
.Y_DIM 874
.X_POINTS_PER_INCH 1000
.Y_POINTS_PER_INCH 1000
.POINTS_PER_SECOND 125
.COMMENT CALIB X: 8 Y: -122

.WRITER_INFO
 Name: SAI PRASHANT
 WriterId: 79
 Hand: right
 EducationLevel: college graduate
 Gender: male
 Profession: student
 Region: bheemavaram
 Age: 21
 DeviceType: digimemo a402
 SkillDevice: average
 Language: hindi
 Script: indic
 Native: false
 Style: discrete
 UsageFreq: once a month
 Proficiency: average
 Date: 2007-6-30
 WritingInProfession: no

.PEN_DOWN
3736 1875 0
3736 1872 0
3738 1868 0
3741 1863 0
3746 1859 0
3752 1857 0
3759 1856 0
3765 1856 0
3771 1858 0
3777 1862 0
3781 1867 0
3784 1875 0
3787 1885 0
3788 1897 0
3788 1910 0
3787 1924 0
3786 1936 0
3784 1947 0
3781 1955 0
3778 1961 0
3776 1965 0
3777 1962 0
3779 1958 0
3783 1955 0
3788 1952 0
3792 1951 0
3796 1952 0
3800 1956 0
3802 1962 0
3804 1969 0
3805 1979 0
3805 1990 0
3803 2001 0
3799 2011 0
3794 2019 0
3789 2025 0
3783 2029 0
3775 2031 0
3767 2030 0
3759 2027 0
3751 2023 0
3745 2019 0
3742 2013 0
3738 2006 0
.PEN_UP
.PEN_DOWN
3795 1932 0
3799 1931 0
3804 1929 0
3811 1927 0
3819 1923 0
3829 1919 0
3839 1915 0
3849 1912 0
3858 1907 0
3867 1902 0
3874 1897 0
3879 1892 0
3882 1887 0
3884 1883 0
3885 1879 0
3886 1876 0
3885 1873 0
3882 1873 0
3880 1877 0
3879 1883 0
3878 1890 0
3878 1898 0
3879 1907 0
3880 1919 0
3882 1931 0
3883 1944 0
3885 1956 0
3887 1966 0
3888 1974 0
3888 1980 0
3889 1985 0
3890 1989 0
3894 1992 0
.PEN_UP
.PEN_DOWN
3960 1867 0
3960 1871 0
3960 1875 0
3961 1881 0
3961 1888 0
3960 1898 0
3960 1910 0
3960 1923 0
3959 1935 0
3958 1948 0
3959 1960 0
3959 1969 0
3959 1976 0
3959 1981 0
3960 1984 0
3961 1981 0
.PEN_UP
.PEN_DOWN
3852 1845 0
3855 1843 0
3862 1841 0
3872 1839 0
3887 1837 0
3905 1834 0
3925 1830 0
3947 1825 0
3968 1820 0
.PEN_UP
