.VERSION 1.0 
.HIERARCHY CHARACTER
.COORD X Y T
.SEGMENT CHARACTER 0-2 OK "57"
.H_LINE 9500 10374
.V_LINE 3500 4250
.X_DIM 750
.Y_DIM 874
.X_POINTS_PER_INCH 1000
.Y_POINTS_PER_INCH 1000
.POINTS_PER_SECOND 125
.COMMENT CALIB X: -111 Y: -154

.WRITER_INFO
 Name: SAI PRASHANT
 WriterId: 79
 Hand: right
 EducationLevel: college graduate
 Gender: male
 Profession: student
 Region: bheemavaram
 Age: 21
 DeviceType: digimemo a402
 SkillDevice: average
 Language: hindi
 Script: indic
 Native: false
 Style: discrete
 UsageFreq: once a month
 Proficiency: average
 Date: 2007-6-30
 WritingInProfession: no

.PEN_DOWN
4077 9791 0
4078 9797 0
4078 9805 0
4077 9817 0
4076 9833 0
4076 9851 0
4076 9873 0
4077 9897 0
4077 9921 0
4078 9943 0
4079 9964 0
4079 9982 0
4079 9997 0
4079 10009 0
4079 10016 0
4079 10021 0
4078 10017 0
4077 10009 0
4079 9995 0
.PEN_UP
.PEN_DOWN
3920 9611 0
3920 9615 0
3919 9620 0
3918 9625 0
3916 9633 0
3913 9641 0
3910 9649 0
3907 9655 0
3901 9661 0
3896 9665 0
3890 9667 0
3886 9667 0
3882 9666 0
3879 9663 0
3876 9659 0
3875 9652 0
3874 9645 0
3875 9638 0
3877 9633 0
3880 9629 0
3883 9626 0
3888 9624 0
3893 9624 0
3900 9628 0
3907 9634 0
3914 9642 0
3923 9651 0
3931 9662 0
3942 9673 0
3953 9684 0
3964 9695 0
3975 9705 0
3984 9715 0
3994 9723 0
4002 9730 0
4009 9736 0
4015 9740 0
4021 9743 0
4029 9745 0
.PEN_UP
.PEN_DOWN
4052 9636 0
4048 9635 0
4042 9634 0
4033 9634 0
4023 9633 0
4014 9632 0
4006 9631 0
3997 9629 0
3990 9626 0
3984 9622 0
3980 9616 0
3976 9609 0
3973 9603 0
3971 9599 0
3970 9595 0
3970 9592 0
3971 9588 0
3973 9584 0
3977 9580 0
3981 9577 0
3986 9575 0
3993 9574 0
4000 9575 0
4006 9577 0
4011 9581 0
4016 9587 0
4022 9596 0
4029 9609 0
4036 9625 0
4042 9643 0
4048 9663 0
4052 9681 0
4056 9697 0
4060 9712 0
4063 9725 0
4065 9736 0
4067 9744 0
4067 9750 0
4066 9755 0
4066 9760 0
4066 9764 0
.PEN_UP
