.VERSION 1.0 
.HIERARCHY CHARACTER
.COORD X Y T
.SEGMENT CHARACTER 0-3 OK "7"
.H_LINE 2999 3874
.V_LINE 3500 4250
.X_DIM 750
.Y_DIM 874
.X_POINTS_PER_INCH 1000
.Y_POINTS_PER_INCH 1000
.POINTS_PER_SECOND 125
.COMMENT CALIB X: 36 Y: -67

.WRITER_INFO
 Name: A SUNIL
 WriterId: 40
 Hand: right
 EducationLevel: post graduate
 Gender: male
 Profession: research scholar
 Region: hyderabad
 Age: 23
 DeviceType: digimemo a402
 SkillDevice: average
 Language: hindi
 Script: indic
 Native: false
 Style: discrete
 UsageFreq: rarely
 Proficiency: average
 Date: 2007-6-18
 WritingInProfession: no

.PEN_DOWN
3785 3453 0
3787 3456 0
3792 3460 0
3800 3463 0
3811 3464 0
3824 3466 0
3839 3468 0
3851 3470 0
3860 3471 0
3865 3473 0
3864 3478 0
3860 3485 0
3852 3492 0
3842 3500 0
3832 3508 0
3820 3516 0
3807 3523 0
3798 3530 0
3790 3536 0
3785 3541 0
3782 3545 0
3778 3549 0
.PEN_UP
.PEN_DOWN
3883 3414 0
3883 3410 0
3881 3418 0
3880 3432 0
3877 3451 0
3874 3478 0
3872 3504 0
3871 3528 0
3870 3550 0
3870 3567 0
3872 3580 0
3874 3588 0
.PEN_UP
.PEN_DOWN
3901 3457 0
3906 3457 0
3916 3455 0
3929 3452 0
3943 3449 0
3956 3447 0
3965 3446 0
3969 3445 0
3962 3448 0
3951 3452 0
3937 3457 0
3923 3462 0
3913 3466 0
3906 3471 0
3902 3477 0
3901 3482 0
3902 3487 0
3908 3492 0
3919 3496 0
3932 3500 0
3945 3502 0
3956 3504 0
3962 3506 0
3965 3507 0
3964 3510 0
3957 3515 0
3946 3520 0
3933 3525 0
3921 3530 0
3913 3535 0
3909 3539 0
3908 3543 0
3909 3548 0
3913 3553 0
3923 3558 0
3937 3563 0
3953 3566 0
3968 3567 0
3983 3566 0
3998 3564 0
.PEN_UP
.PEN_DOWN
3849 3388 0
3843 3388 0
3835 3387 0
3827 3386 0
3821 3386 0
3818 3387 0
3828 3385 0
3846 3383 0
3873 3381 0
3906 3378 0
3940 3376 0
.PEN_UP
