.VERSION 1.0 
.HIERARCHY CHARACTER
.COORD X Y T
.SEGMENT CHARACTER 0-3 OK "18"
.H_LINE 6249 7124
.V_LINE 5000 5750
.X_DIM 750
.Y_DIM 875
.X_POINTS_PER_INCH 1000
.Y_POINTS_PER_INCH 1000
.POINTS_PER_SECOND 125
.COMMENT CALIB X: -95 Y: 100

.WRITER_INFO
 Name: A SUNIL
 WriterId: 40
 Hand: right
 EducationLevel: post graduate
 Gender: male
 Profession: research scholar
 Region: hyderabad
 Age: 23
 DeviceType: digimemo a402
 SkillDevice: average
 Language: hindi
 Script: indic
 Native: false
 Style: discrete
 UsageFreq: rarely
 Proficiency: average
 Date: 2007-6-18
 WritingInProfession: no

.PEN_DOWN
5222 6777 0
5226 6774 0
5231 6772 0
5235 6770 0
5231 6771 0
5224 6775 0
5213 6779 0
5204 6785 0
5197 6790 0
5193 6796 0
5190 6800 0
5190 6803 0
5191 6806 0
5196 6808 0
5204 6809 0
5213 6810 0
5223 6811 0
5233 6811 0
5240 6811 0
5244 6812 0
5241 6815 0
5235 6819 0
5228 6824 0
5221 6830 0
5215 6836 0
5210 6843 0
5206 6852 0
5203 6861 0
5202 6870 0
5204 6877 0
5208 6882 0
5215 6886 0
5227 6889 0
5241 6889 0
5259 6887 0
5279 6884 0
5300 6879 0
5320 6873 0
5336 6865 0
5349 6856 0
5358 6847 0
5364 6837 0
5366 6828 0
5366 6820 0
5365 6814 0
5362 6809 0
5358 6805 0
5353 6803 0
5346 6802 0
5338 6802 0
5330 6802 0
5323 6804 0
5317 6806 0
5313 6811 0
5310 6816 0
5309 6821 0
5310 6826 0
5314 6829 0
5322 6833 0
5326 6835 0
.PEN_UP
.PEN_DOWN
5348 6770 0
5348 6773 0
5348 6776 0
5348 6780 0
5348 6787 0
5348 6795 0
5348 6802 0
5348 6809 0
5348 6815 0
5346 6818 0
.PEN_UP
.PEN_DOWN
5164 6770 0
5160 6770 0
5156 6770 0
5151 6770 0
5147 6770 0
5143 6770 0
5140 6770 0
5146 6770 0
5155 6770 0
5167 6770 0
5184 6770 0
5205 6768 0
5230 6767 0
5256 6766 0
5284 6765 0
5309 6765 0
5326 6764 0
5336 6763 0
5342 6763 0
5345 6762 0
5351 6764 0
.PEN_UP
.PEN_DOWN
5250 6761 0
5253 6761 0
5260 6761 0
5269 6761 0
5279 6761 0
5291 6761 0
5304 6760 0
5317 6760 0
5329 6759 0
5340 6759 0
5349 6759 0
5357 6758 0
5365 6758 0
5372 6758 0
5377 6757 0
5380 6756 0
5384 6757 0
5384 6757 0
.PEN_UP
