.VERSION 1.0 
.HIERARCHY CHARACTER
.COORD X Y T
.SEGMENT CHARACTER 0-1 OK "82"
.H_LINE 7874 8750
.V_LINE 3500 4250
.X_DIM 750
.Y_DIM 875
.X_POINTS_PER_INCH 1000
.Y_POINTS_PER_INCH 1000
.POINTS_PER_SECOND 125
.COMMENT CALIB X: -266 Y: 104

.WRITER_INFO
 Name: A SUNIL
 WriterId: 40
 Hand: right
 EducationLevel: post graduate
 Gender: male
 Profession: research scholar
 Region: hyderabad
 Age: 23
 DeviceType: digimemo a402
 SkillDevice: average
 Language: hindi
 Script: indic
 Native: false
 Style: discrete
 UsageFreq: rarely
 Proficiency: average
 Date: 2007-6-18
 WritingInProfession: no

.PEN_DOWN
3714 8441 0
3714 8444 0
3715 8447 0
3715 8450 0
3715 8453 0
3715 8457 0
3714 8461 0
3713 8465 0
3711 8468 0
3708 8471 0
3705 8472 0
3702 8473 0
3699 8474 0
3696 8475 0
3691 8475 0
3687 8475 0
3684 8474 0
3682 8471 0
3681 8467 0
3680 8463 0
3679 8458 0
3679 8454 0
3679 8450 0
3679 8446 0
3680 8443 0
3682 8439 0
3684 8436 0
3688 8433 0
3693 8430 0
3698 8428 0
3702 8426 0
3705 8425 0
3708 8425 0
3711 8425 0
3714 8427 0
3717 8429 0
3719 8432 0
3721 8436 0
3723 8441 0
3725 8446 0
3726 8451 0
3727 8456 0
3728 8460 0
3729 8465 0
3729 8470 0
3729 8475 0
3730 8480 0
3730 8486 0
3730 8491 0
3731 8496 0
3731 8502 0
3731 8509 0
3731 8517 0
3730 8524 0
3729 8530 0
3728 8537 0
3727 8544 0
3727 8551 0
3727 8557 0
3726 8562 0
3726 8566 0
3726 8572 0
3725 8576 0
3724 8579 0
3724 8582 0
3722 8579 0
3720 8575 0
3717 8571 0
3714 8567 0
3711 8565 0
3708 8563 0
3704 8561 0
3699 8558 0
3695 8556 0
3692 8553 0
3689 8549 0
3687 8546 0
3687 8543 0
3690 8540 0
3694 8537 0
3700 8535 0
3708 8532 0
3717 8528 0
3727 8525 0
3736 8522 0
3745 8520 0
3754 8519 0
3762 8518 0
3768 8518 0
3772 8518 0
3776 8519 0
3779 8519 0
3779 8516 0
3768 8517 0
.PEN_UP
.PEN_DOWN
3657 8377 0
3648 8378 0
3642 8378 0
3639 8379 0
3640 8382 0
3643 8384 0
3650 8384 0
3662 8383 0
3678 8383 0
3696 8381 0
3712 8380 0
3726 8379 0
3738 8379 0
3747 8379 0
3755 8378 0
3762 8378 0
3768 8378 0
3771 8378 0
3771 8383 0
3771 8383 0
.PEN_UP
