.VERSION 1.0 
.HIERARCHY CHARACTER
.COORD X Y T
.SEGMENT CHARACTER 0-1 OK "99"
.H_LINE 2999 3874
.V_LINE 6500 7250
.X_DIM 750
.Y_DIM 874
.X_POINTS_PER_INCH 1000
.Y_POINTS_PER_INCH 1000
.POINTS_PER_SECOND 125
.COMMENT CALIB X: 45 Y: -64

.WRITER_INFO
 Name: A SUNIL
 WriterId: 40
 Hand: right
 EducationLevel: post graduate
 Gender: male
 Profession: research scholar
 Region: hyderabad
 Age: 23
 DeviceType: digimemo a402
 SkillDevice: average
 Language: hindi
 Script: indic
 Native: false
 Style: discrete
 UsageFreq: rarely
 Proficiency: average
 Date: 2007-6-18
 WritingInProfession: no

.PEN_DOWN
6844 3438 0
6847 3435 0
6849 3439 0
6850 3445 0
6852 3453 0
6854 3461 0
6855 3468 0
6857 3476 0
6859 3483 0
6860 3488 0
6857 3487 0
6854 3486 0
6848 3485 0
6840 3485 0
6830 3486 0
6821 3489 0
6810 3494 0
6801 3498 0
6795 3502 0
6791 3507 0
6788 3511 0
6786 3515 0
6786 3518 0
6788 3521 0
6791 3525 0
6795 3529 0
6800 3531 0
6808 3534 0
6816 3537 0
6827 3539 0
6838 3540 0
6849 3542 0
6858 3543 0
6865 3543 0
6870 3543 0
6867 3542 0
6863 3542 0
6858 3541 0
6853 3541 0
6848 3541 0
6844 3541 0
6841 3541 0
6837 3542 0
6833 3543 0
6827 3545 0
6822 3548 0
6818 3551 0
6814 3554 0
6809 3558 0
6805 3562 0
6801 3565 0
6798 3568 0
6796 3571 0
6795 3574 0
6796 3577 0
6797 3580 0
6798 3583 0
6800 3586 0
6802 3589 0
6805 3591 0
6808 3593 0
6811 3595 0
6814 3597 0
6817 3598 0
6820 3599 0
6823 3600 0
6827 3602 0
6833 3602 0
6840 3602 0
6848 3602 0
6857 3601 0
6865 3600 0
6870 3599 0
6874 3598 0
6876 3595 0
6873 3593 0
6870 3591 0
6867 3590 0
6863 3590 0
6859 3590 0
6855 3591 0
6851 3592 0
6847 3593 0
6844 3595 0
6843 3598 0
6842 3602 0
6842 3607 0
6844 3614 0
6848 3622 0
6855 3630 0
6865 3638 0
6876 3645 0
6888 3651 0
6901 3648 0
6912 3650 0
.PEN_UP
.PEN_DOWN
6793 3445 0
6785 3445 0
6778 3446 0
6770 3446 0
6763 3447 0
6755 3448 0
6749 3449 0
6746 3449 0
6754 3447 0
6769 3446 0
6791 3444 0
6819 3443 0
6852 3443 0
6888 3444 0
6920 3445 0
6944 3446 0
.PEN_UP
