.VERSION 1.0 
.HIERARCHY CHARACTER
.COORD X Y T
.SEGMENT CHARACTER 0-2 OK "102"
.H_LINE 4624 5499
.V_LINE 3500 4250
.X_DIM 750
.Y_DIM 874
.X_POINTS_PER_INCH 1000
.Y_POINTS_PER_INCH 1000
.POINTS_PER_SECOND 125
.COMMENT CALIB X: 12 Y: -37

.WRITER_INFO
 Name: A SUNIL
 WriterId: 40
 Hand: right
 EducationLevel: post graduate
 Gender: male
 Profession: research scholar
 Region: hyderabad
 Age: 23
 DeviceType: digimemo a402
 SkillDevice: average
 Language: hindi
 Script: indic
 Native: false
 Style: discrete
 UsageFreq: rarely
 Proficiency: average
 Date: 2007-6-18
 WritingInProfession: no

.PEN_DOWN
3852 5062 0
3855 5065 0
3858 5069 0
3861 5073 0
3864 5076 0
3867 5078 0
3863 5076 0
3858 5075 0
3850 5076 0
3839 5078 0
3826 5082 0
3815 5089 0
3804 5096 0
3796 5105 0
3790 5115 0
3787 5124 0
3788 5132 0
3792 5139 0
3800 5144 0
3809 5148 0
3819 5151 0
3831 5152 0
3842 5151 0
3853 5150 0
3862 5148 0
3869 5145 0
3874 5142 0
3878 5138 0
3880 5135 0
3877 5139 0
3875 5146 0
3874 5157 0
3874 5170 0
3875 5186 0
3875 5202 0
3875 5218 0
3874 5232 0
3873 5243 0
.PEN_UP
.PEN_DOWN
3713 5140 0
3717 5140 0
3723 5139 0
3731 5138 0
3738 5136 0
3743 5133 0
3745 5129 0
3745 5126 0
3742 5124 0
3738 5124 0
3731 5125 0
3722 5127 0
3712 5131 0
3703 5135 0
3696 5140 0
3690 5144 0
3687 5148 0
3688 5151 0
3693 5154 0
3703 5156 0
3716 5158 0
3730 5159 0
3742 5160 0
3752 5161 0
3758 5161 0
3761 5162 0
3757 5166 0
3750 5172 0
3741 5178 0
3732 5185 0
3725 5193 0
3717 5202 0
3711 5211 0
3709 5220 0
3710 5227 0
3714 5233 0
3722 5236 0
3735 5236 0
3751 5233 0
3767 5227 0
3783 5219 0
3799 5210 0
3813 5201 0
3823 5190 0
3829 5179 0
3833 5168 0
3834 5160 0
3833 5154 0
3832 5150 0
3826 5148 0
.PEN_UP
.PEN_DOWN
3782 5042 0
3778 5042 0
3773 5042 0
3770 5041 0
3780 5043 0
3798 5043 0
3826 5044 0
3856 5043 0
3887 5041 0
3912 5039 0
3928 5038 0
3937 5037 0
3942 5038 0
.PEN_UP
