.VERSION 1.0 
.HIERARCHY CHARACTER
.COORD X Y T
.SEGMENT CHARACTER 0-2 OK "106"
.H_LINE 6249 7124
.V_LINE 1999 2749
.X_DIM 749
.Y_DIM 875
.X_POINTS_PER_INCH 1000
.Y_POINTS_PER_INCH 1000
.POINTS_PER_SECOND 125
.COMMENT CALIB X: -72 Y: -1

.WRITER_INFO
 Name: A SUNIL
 WriterId: 40
 Hand: right
 EducationLevel: post graduate
 Gender: male
 Profession: research scholar
 Region: hyderabad
 Age: 23
 DeviceType: digimemo a402
 SkillDevice: average
 Language: hindi
 Script: indic
 Native: false
 Style: discrete
 UsageFreq: rarely
 Proficiency: average
 Date: 2007-6-18
 WritingInProfession: no

.PEN_DOWN
2359 6662 0
2352 6662 0
2348 6661 0
2345 6661 0
2343 6665 0
2342 6670 0
2342 6676 0
2343 6682 0
2345 6688 0
2347 6693 0
2349 6697 0
2350 6700 0
2347 6698 0
2342 6696 0
2336 6694 0
2328 6693 0
2320 6694 0
2312 6695 0
2304 6696 0
2295 6698 0
2287 6700 0
2280 6702 0
2274 6704 0
2270 6706 0
2267 6709 0
2265 6713 0
2263 6716 0
2262 6719 0
2263 6722 0
2266 6724 0
2272 6726 0
2281 6727 0
2289 6728 0
2297 6729 0
2304 6731 0
2309 6733 0
2313 6735 0
2317 6738 0
2322 6741 0
2327 6745 0
2332 6749 0
2338 6754 0
2343 6758 0
2346 6762 0
2349 6765 0
2350 6768 0
2349 6771 0
2348 6774 0
2345 6777 0
2342 6779 0
2339 6780 0
2337 6777 0
2339 6773 0
2341 6769 0
2344 6765 0
2345 6762 0
2345 6759 0
2344 6756 0
2343 6753 0
2341 6750 0
2340 6747 0
2339 6744 0
2338 6741 0
2336 6738 0
2332 6736 0
2326 6734 0
2320 6732 0
2314 6731 0
2308 6730 0
2303 6729 0
2298 6728 0
2294 6728 0
2291 6728 0
2287 6729 0
2284 6730 0
2279 6732 0
2274 6734 0
2269 6737 0
2264 6739 0
2261 6741 0
2258 6743 0
2256 6746 0
2254 6750 0
2251 6755 0
2248 6761 0
2245 6766 0
2242 6771 0
2239 6776 0
2237 6780 0
2236 6784 0
2234 6788 0
2234 6793 0
2234 6796 0
2234 6799 0
2234 6803 0
2233 6807 0
2233 6810 0
2232 6813 0
2232 6817 0
2233 6821 0
2234 6825 0
2235 6828 0
2237 6831 0
2239 6834 0
2241 6837 0
2242 6840 0
2244 6844 0
2246 6848 0
2248 6852 0
2250 6856 0
2253 6859 0
2256 6862 0
2259 6864 0
2263 6866 0
2268 6867 0
2273 6867 0
2279 6866 0
2286 6865 0
2293 6866 0
2300 6866 0
2307 6867 0
2313 6867 0
2320 6866 0
2327 6864 0
2336 6861 0
2345 6858 0
2353 6855 0
2359 6852 0
2363 6850 0
2368 6849 0
.PEN_UP
.PEN_DOWN
2344 6763 0
2344 6760 0
2344 6757 0
2349 6755 0
2353 6755 0
2356 6756 0
2357 6760 0
2358 6764 0
2359 6769 0
2361 6774 0
2363 6779 0
2364 6784 0
2363 6789 0
2360 6794 0
2357 6798 0
2354 6803 0
2351 6807 0
2350 6810 0
2355 6811 0
2360 6811 0
2365 6810 0
2371 6809 0
2378 6806 0
2385 6802 0
2393 6797 0
2400 6791 0
2406 6785 0
2413 6779 0
2419 6772 0
2424 6765 0
2428 6759 0
2430 6752 0
2431 6744 0
2431 6736 0
2431 6727 0
2432 6718 0
2433 6710 0
2433 6702 0
2432 6695 0
2432 6690 0
2431 6686 0
2430 6683 0
2430 6689 0
2430 6698 0
2430 6710 0
2429 6726 0
2427 6742 0
2425 6761 0
2423 6779 0
2422 6795 0
2421 6808 0
2421 6818 0
2421 6825 0
2421 6833 0
2421 6833 0
.PEN_UP
.PEN_DOWN
2296 6635 0
2291 6635 0
2288 6635 0
2293 6635 0
2303 6635 0
2322 6635 0
2346 6635 0
2373 6635 0
2399 6635 0
2419 6636 0
2436 6636 0
2450 6636 0
2462 6634 0
2470 6633 0
2475 6632 0
2478 6632 0
.PEN_UP
