.VERSION 1.0 
.HIERARCHY CHARACTER
.COORD X Y T
.SEGMENT CHARACTER 0-2 OK "4"
.H_LINE 1374 2249
.V_LINE 6500 7250
.X_DIM 750
.Y_DIM 874
.X_POINTS_PER_INCH 1000
.Y_POINTS_PER_INCH 1000
.POINTS_PER_SECOND 125
.COMMENT CALIB X: 41 Y: -46

.WRITER_INFO
 Name: K GUNARANJAN
 WriterId: 24
 Hand: right
 EducationLevel: post graduate
 Gender: male
 Profession: student
 Region: hyderabad
 Age: 23
 DeviceType: digimemo a402
 SkillDevice: poor
 Language: hindi
 Script: indic
 Native: false
 Style: discrete
 UsageFreq: rarely
 Proficiency: average
 Date: 2007-6-14
 WritingInProfession: no

.PEN_DOWN
6863 1785 0
6863 1788 0
6863 1791 0
6863 1797 0
6862 1804 0
6862 1811 0
6861 1818 0
6861 1824 0
6861 1830 0
6861 1833 0
6857 1832 0
6849 1830 0
6839 1828 0
6831 1826 0
6822 1826 0
6815 1827 0
6807 1829 0
6801 1833 0
6795 1837 0
6790 1842 0
6787 1845 0
6785 1849 0
6784 1852 0
6786 1857 0
6789 1860 0
6793 1862 0
6801 1864 0
6811 1867 0
6823 1870 0
6833 1875 0
6842 1879 0
6847 1884 0
6850 1891 0
6850 1899 0
6848 1906 0
6843 1914 0
6836 1922 0
6827 1928 0
6819 1934 0
6809 1938 0
6801 1940 0
6795 1940 0
6791 1939 0
6787 1937 0
6782 1934 0
6779 1931 0
6778 1927 0
6778 1923 0
6780 1918 0
6783 1915 0
6788 1913 0
6793 1912 0
6798 1912 0
6805 1914 0
6811 1919 0
6816 1926 0
6822 1933 0
6827 1941 0
6832 1948 0
6837 1955 0
6842 1960 0
6847 1964 0
6851 1965 0
6855 1965 0
6859 1961 0
6865 1955 0
6872 1946 0
.PEN_UP
.PEN_DOWN
6796 1753 0
6802 1755 0
6810 1757 0
6823 1758 0
6839 1758 0
6859 1759 0
6879 1759 0
6899 1759 0
6920 1760 0
6935 1761 0
6945 1762 0
6951 1763 0
6954 1757 0
6956 1761 0
.PEN_UP
.PEN_DOWN
6873 1779 0
6870 1774 0
6868 1769 0
6867 1761 0
6866 1751 0
6865 1741 0
6865 1730 0
6867 1717 0
6871 1706 0
6875 1697 0
6884 1690 0
6898 1685 0
6916 1683 0
6937 1683 0
6960 1686 0
6981 1691 0
.PEN_UP
