.VERSION 1.0 
.HIERARCHY CHARACTER
.COORD X Y T
.SEGMENT CHARACTER 0-3 OK "19"
.H_LINE 6249 7124
.V_LINE 6500 7250
.X_DIM 750
.Y_DIM 875
.X_POINTS_PER_INCH 1000
.Y_POINTS_PER_INCH 1000
.POINTS_PER_SECOND 125
.COMMENT CALIB X: 59 Y: -92

.WRITER_INFO
 Name: K GUNARANJAN
 WriterId: 24
 Hand: right
 EducationLevel: post graduate
 Gender: male
 Profession: student
 Region: hyderabad
 Age: 23
 DeviceType: digimemo a402
 SkillDevice: poor
 Language: hindi
 Script: indic
 Native: false
 Style: discrete
 UsageFreq: rarely
 Proficiency: average
 Date: 2007-6-14
 WritingInProfession: no

.PEN_DOWN
6767 6706 0
6766 6709 0
6766 6713 0
6766 6718 0
6767 6724 0
6769 6732 0
6773 6741 0
6776 6749 0
6780 6758 0
6784 6766 0
6790 6773 0
6796 6779 0
6802 6783 0
6808 6786 0
6815 6787 0
6822 6786 0
6829 6783 0
6836 6777 0
6843 6771 0
6849 6764 0
6854 6756 0
6859 6748 0
6862 6740 0
6863 6733 0
6863 6727 0
6861 6722 0
6858 6716 0
6855 6711 0
6852 6708 0
6849 6705 0
6846 6704 0
6843 6703 0
6838 6703 0
6833 6705 0
6829 6706 0
6836 6703 0
6845 6700 0
6859 6696 0
6880 6693 0
6906 6688 0
6934 6683 0
6962 6679 0
6983 6676 0
6999 6673 0
7010 6671 0
7018 6669 0
7023 6668 0
7026 6668 0
7023 6665 0
.PEN_UP
.PEN_DOWN
7031 6598 0
7029 6603 0
7029 6609 0
7029 6618 0
7029 6630 0
7028 6646 0
7025 6663 0
7022 6682 0
7019 6703 0
7016 6724 0
7013 6744 0
7010 6762 0
7007 6778 0
7005 6789 0
7004 6797 0
7003 6801 0
7003 6797 0
7003 6791 0
.PEN_UP
.PEN_DOWN
6929 6617 0
6936 6615 0
6950 6612 0
6966 6610 0
6981 6609 0
6999 6608 0
7016 6607 0
7029 6607 0
7041 6606 0
7052 6606 0
7061 6606 0
7066 6606 0
7070 6600 0
7070 6600 0
.PEN_UP
.PEN_DOWN
6821 6613 0
6824 6613 0
6828 6613 0
6834 6613 0
6846 6612 0
6865 6610 0
6890 6609 0
6923 6607 0
6963 6604 0
.PEN_UP
