.VERSION 1.0 
.HIERARCHY CHARACTER
.COORD X Y T
.SEGMENT CHARACTER 0-2 OK "93"
.H_LINE 1374 2249
.V_LINE 5000 5750
.X_DIM 750
.Y_DIM 874
.X_POINTS_PER_INCH 1000
.Y_POINTS_PER_INCH 1000
.POINTS_PER_SECOND 125
.COMMENT CALIB X: 23 Y: -59

.WRITER_INFO
 Name: K GUNARANJAN
 WriterId: 24
 Hand: right
 EducationLevel: post graduate
 Gender: male
 Profession: student
 Region: hyderabad
 Age: 23
 DeviceType: digimemo a402
 SkillDevice: poor
 Language: hindi
 Script: indic
 Native: false
 Style: discrete
 UsageFreq: rarely
 Proficiency: average
 Date: 2007-6-14
 WritingInProfession: no

.PEN_DOWN
5354 1775 0
5355 1772 0
5357 1775 0
5359 1781 0
5361 1787 0
5362 1795 0
5363 1802 0
5364 1808 0
5365 1813 0
5365 1816 0
5366 1819 0
5364 1816 0
5360 1813 0
5355 1810 0
5348 1808 0
5339 1808 0
5328 1809 0
5317 1811 0
5307 1815 0
5299 1820 0
5291 1827 0
5286 1834 0
5283 1841 0
5281 1847 0
5280 1851 0
5281 1855 0
5283 1858 0
5287 1860 0
5291 1863 0
5298 1863 0
5310 1864 0
5323 1865 0
5336 1866 0
5347 1868 0
5354 1869 0
5360 1869 0
5364 1869 0
5367 1869 0
5370 1868 0
5376 1867 0
.PEN_UP
.PEN_DOWN
5350 1869 0
5346 1868 0
5343 1868 0
5339 1868 0
5335 1868 0
5331 1869 0
5326 1871 0
5321 1873 0
5317 1876 0
5312 1880 0
5306 1884 0
5302 1890 0
5297 1895 0
5293 1902 0
5289 1910 0
5287 1917 0
5286 1925 0
5286 1931 0
5287 1937 0
5289 1943 0
5292 1949 0
5296 1954 0
5301 1959 0
5305 1963 0
5311 1966 0
5316 1969 0
5322 1970 0
5330 1965 0
.PEN_UP
.PEN_DOWN
5290 1766 0
5293 1768 0
5298 1769 0
5307 1769 0
5320 1768 0
5338 1767 0
5360 1765 0
5382 1762 0
5404 1760 0
5422 1758 0
5437 1756 0
.PEN_UP
