.VERSION 1.0 
.HIERARCHY CHARACTER
.COORD X Y T
.SEGMENT CHARACTER 0-5 OK "106"
.H_LINE 6249 7124
.V_LINE 1999 2749
.X_DIM 749
.Y_DIM 875
.X_POINTS_PER_INCH 1000
.Y_POINTS_PER_INCH 1000
.POINTS_PER_SECOND 125
.COMMENT CALIB X: -3 Y: -67

.WRITER_INFO
 Name: K GUNARANJAN
 WriterId: 24
 Hand: right
 EducationLevel: post graduate
 Gender: male
 Profession: student
 Region: hyderabad
 Age: 23
 DeviceType: digimemo a402
 SkillDevice: poor
 Language: hindi
 Script: indic
 Native: false
 Style: discrete
 UsageFreq: rarely
 Proficiency: average
 Date: 2007-6-14
 WritingInProfession: no

.PEN_DOWN
2400 6645 0
2400 6642 0
2401 6647 0
2402 6653 0
2403 6661 0
2403 6669 0
2404 6678 0
2404 6686 0
2404 6695 0
2404 6702 0
2404 6707 0
2404 6710 0
2403 6707 0
2401 6703 0
2397 6699 0
2389 6696 0
2379 6695 0
2367 6698 0
2354 6702 0
2341 6708 0
2328 6714 0
2317 6721 0
2309 6729 0
2302 6737 0
2297 6745 0
2293 6752 0
2292 6759 0
2292 6764 0
2292 6769 0
2293 6772 0
2294 6775 0
2296 6778 0
2300 6781 0
2305 6783 0
2311 6785 0
2319 6787 0
2330 6788 0
2346 6788 0
2362 6789 0
2381 6790 0
2399 6792 0
2413 6796 0
2424 6801 0
2430 6806 0
2434 6812 0
2436 6817 0
2437 6823 0
2436 6829 0
2435 6833 0
2433 6837 0
2431 6840 0
2428 6843 0
2425 6845 0
2422 6846 0
2419 6848 0
2416 6850 0
2409 6854 0
2396 6857 0
2384 6859 0
2375 6862 0
2369 6863 0
2366 6863 0
2367 6860 0
2367 6860 0
.PEN_UP
.PEN_DOWN
2408 6806 0
2405 6804 0
2402 6802 0
2399 6800 0
2393 6800 0
2384 6801 0
2373 6805 0
2359 6811 0
2342 6819 0
2326 6830 0
2313 6840 0
2304 6852 0
2298 6864 0
2294 6878 0
2294 6892 0
2297 6908 0
2304 6920 0
2314 6929 0
2328 6934 0
2345 6933 0
2366 6927 0
2388 6919 0
2408 6906 0
.PEN_UP
.PEN_DOWN
2402 6858 0
2402 6861 0
2411 6863 0
2419 6865 0
2428 6866 0
2439 6866 0
2451 6865 0
2464 6863 0
2478 6857 0
2493 6850 0
2505 6841 0
2515 6830 0
.PEN_UP
.PEN_DOWN
2535 6675 0
2534 6672 0
2532 6675 0
2531 6682 0
2531 6693 0
2530 6710 0
2528 6732 0
2526 6758 0
2524 6784 0
2522 6809 0
2520 6832 0
2518 6851 0
2517 6869 0
2516 6883 0
2515 6895 0
2514 6902 0
2514 6906 0
2515 6903 0
.PEN_UP
.PEN_DOWN
2357 6640 0
2354 6639 0
2350 6638 0
2355 6638 0
2361 6638 0
2375 6639 0
2397 6640 0
2424 6639 0
2456 6637 0
2487 6635 0
2520 6635 0
2553 6635 0
2582 6635 0
2602 6636 0
2612 6637 0
.PEN_UP
.PEN_DOWN
2546 6645 0
2546 6651 0
2546 6659 0
2546 6671 0
2545 6685 0
2544 6700 0
2542 6716 0
2541 6731 0
.PEN_UP
