.VERSION 1.0 
.HIERARCHY CHARACTER
.COORD X Y T
.SEGMENT CHARACTER 0-2 OK "4"
.H_LINE 1374 2249
.V_LINE 6500 7250
.X_DIM 750
.Y_DIM 874
.X_POINTS_PER_INCH 1000
.Y_POINTS_PER_INCH 1000
.POINTS_PER_SECOND 125
.COMMENT CALIB X: 33 Y: -158

.WRITER_INFO
 Name: GANESH
 WriterId: 60
 Hand: right
 EducationLevel: college graduate
 Gender: male
 Profession: student
 Region: mahbubnagar
 Age: 21
 DeviceType: digimemo a402
 SkillDevice: average
 Language: hindi
 Script: indic
 Native: false
 Style: discrete
 UsageFreq: rarely
 Proficiency: average
 Date: 2007-6-25
 WritingInProfession: no

.PEN_DOWN
6764 1636 0
6769 1634 0
6777 1634 0
6787 1635 0
6799 1637 0
6813 1638 0
6829 1638 0
6849 1637 0
6870 1636 0
6890 1637 0
6904 1638 0
6911 1638 0
6905 1637 0
6894 1637 0
.PEN_UP
.PEN_DOWN
6842 1628 0
6839 1627 0
6836 1632 0
6834 1639 0
6833 1647 0
6833 1657 0
6833 1669 0
6834 1681 0
6836 1693 0
6838 1703 0
6839 1712 0
6842 1720 0
6845 1726 0
6847 1730 0
6848 1727 0
6847 1722 0
6844 1717 0
6840 1713 0
6836 1711 0
6833 1710 0
6830 1710 0
6826 1712 0
6824 1717 0
6822 1722 0
6822 1728 0
6822 1736 0
6824 1745 0
6826 1754 0
6828 1763 0
6830 1771 0
6832 1778 0
6833 1785 0
6833 1792 0
6833 1798 0
6830 1805 0
6823 1811 0
6814 1816 0
6806 1819 0
6799 1820 0
6793 1818 0
6790 1814 0
6788 1808 0
6787 1802 0
6788 1794 0
6791 1787 0
6795 1782 0
6799 1780 0
6803 1779 0
6808 1781 0
6814 1784 0
6821 1789 0
6828 1795 0
6834 1803 0
6840 1812 0
6845 1820 0
6848 1828 0
6851 1835 0
6854 1841 0
6857 1845 0
6860 1841 0
6863 1837 0
.PEN_UP
.PEN_DOWN
6856 1602 0
6853 1599 0
6849 1596 0
6845 1591 0
6841 1586 0
6837 1578 0
6834 1568 0
6832 1557 0
6833 1544 0
6835 1531 0
6840 1518 0
6846 1509 0
6855 1501 0
6865 1496 0
6876 1493 0
6887 1493 0
6899 1497 0
6911 1501 0
6920 1506 0
6927 1512 0
6932 1519 0
6935 1526 0
6936 1536 0
6936 1536 0
.PEN_UP
