.VERSION 1.0 
.HIERARCHY CHARACTER
.COORD X Y T
.SEGMENT CHARACTER 0-2 OK "6"
.H_LINE 2999 3874
.V_LINE 1999 2749
.X_DIM 749
.Y_DIM 874
.X_POINTS_PER_INCH 1000
.Y_POINTS_PER_INCH 1000
.POINTS_PER_SECOND 125
.COMMENT CALIB X: -6 Y: -174

.WRITER_INFO
 Name: GANESH
 WriterId: 60
 Hand: right
 EducationLevel: college graduate
 Gender: male
 Profession: student
 Region: mahbubnagar
 Age: 21
 DeviceType: digimemo a402
 SkillDevice: average
 Language: hindi
 Script: indic
 Native: false
 Style: discrete
 UsageFreq: rarely
 Proficiency: average
 Date: 2007-6-25
 WritingInProfession: no

.PEN_DOWN
2176 3300 0
2180 3298 0
2186 3298 0
2196 3299 0
2207 3301 0
2219 3305 0
2229 3309 0
2237 3314 0
2244 3320 0
2248 3326 0
2249 3333 0
2249 3340 0
2247 3348 0
2244 3356 0
2239 3363 0
2233 3369 0
2229 3374 0
2225 3377 0
2226 3380 0
2230 3383 0
2235 3387 0
2243 3393 0
2251 3400 0
2257 3408 0
2262 3417 0
2267 3427 0
2270 3437 0
2272 3445 0
2273 3453 0
2272 3461 0
2270 3468 0
2266 3474 0
2260 3478 0
2255 3479 0
2249 3479 0
2242 3476 0
2234 3472 0
2227 3466 0
2220 3458 0
2213 3451 0
2209 3443 0
2206 3437 0
2204 3432 0
2204 3427 0
2205 3420 0
2211 3412 0
.PEN_UP
.PEN_DOWN
2261 3373 0
2259 3367 0
2258 3362 0
2259 3357 0
2261 3353 0
2265 3350 0
2272 3348 0
2280 3348 0
2290 3350 0
2301 3353 0
2311 3357 0
2319 3364 0
2325 3373 0
2331 3381 0
2336 3390 0
2340 3398 0
2344 3406 0
2347 3414 0
2351 3422 0
2357 3429 0
2362 3434 0
2365 3437 0
2368 3438 0
2376 3430 0
.PEN_UP
.PEN_DOWN
2152 3277 0
2149 3276 0
2146 3275 0
2155 3278 0
2172 3282 0
2198 3286 0
2228 3288 0
2257 3288 0
2287 3288 0
2317 3288 0
2348 3281 0
.PEN_UP
