.VERSION 1.0 
.HIERARCHY CHARACTER
.COORD X Y T
.SEGMENT CHARACTER 0-2 OK "13"
.H_LINE 4624 5499
.V_LINE 5000 5750
.X_DIM 750
.Y_DIM 874
.X_POINTS_PER_INCH 1000
.Y_POINTS_PER_INCH 1000
.POINTS_PER_SECOND 125
.COMMENT CALIB X: 25 Y: -93

.WRITER_INFO
 Name: K SRI CHARAN
 WriterId: 13
 Hand: right
 EducationLevel: post graduate
 Gender: male
 Profession: student
 Region: puttaparthi
 Age: 24
 DeviceType: digimemo a402
 SkillDevice: average
 Language: hindi
 Script: indic
 Native: false
 Style: discrete
 UsageFreq: once a month
 Proficiency: average
 Date: 2007-6-12
 WritingInProfession: no

.PEN_DOWN
5268 5102 0
5265 5099 0
5262 5096 0
5261 5092 0
5262 5089 0
5266 5086 0
5272 5083 0
5282 5081 0
5290 5082 0
5297 5085 0
5303 5090 0
5307 5101 0
5307 5117 0
5303 5136 0
5294 5160 0
5283 5183 0
5271 5202 0
5261 5216 0
5251 5225 0
5241 5229 0
5232 5229 0
5225 5226 0
5220 5222 0
5216 5218 0
5214 5214 0
5213 5208 0
5213 5202 0
5215 5196 0
5218 5189 0
5224 5183 0
5232 5178 0
5240 5175 0
5246 5175 0
5252 5178 0
5261 5184 0
5270 5191 0
5277 5201 0
5283 5210 0
5289 5218 0
5294 5224 0
5300 5227 0
5305 5228 0
5309 5226 0
5313 5221 0
.PEN_UP
.PEN_DOWN
5395 5136 0
5392 5134 0
5388 5133 0
5381 5135 0
5371 5139 0
5360 5147 0
5347 5159 0
5336 5172 0
5328 5184 0
5323 5199 0
5319 5211 0
5317 5220 0
5318 5226 0
5320 5229 0
5325 5227 0
5333 5218 0
5345 5202 0
5361 5180 0
5381 5154 0
5402 5127 0
5420 5105 0
5433 5085 0
5441 5073 0
5445 5067 0
5445 5070 0
5444 5076 0
5441 5084 0
5437 5096 0
5432 5110 0
5427 5129 0
5420 5153 0
5410 5178 0
5402 5203 0
5396 5223 0
5391 5240 0
5385 5252 0
5382 5258 0
5384 5254 0
.PEN_UP
.PEN_DOWN
5235 5072 0
5228 5073 0
5223 5074 0
5220 5074 0
5225 5074 0
5236 5074 0
5250 5073 0
5269 5071 0
5292 5067 0
5325 5061 0
5370 5055 0
5423 5050 0
5469 5045 0
5503 5043 0
5526 5042 0
5539 5042 0
5545 5041 0
5543 5044 0
5531 5043 0
.PEN_UP
