.VERSION 1.0 
.HIERARCHY CHARACTER
.COORD X Y T
.SEGMENT CHARACTER 0-3 OK "106"
.H_LINE 6249 7124
.V_LINE 1999 2749
.X_DIM 749
.Y_DIM 875
.X_POINTS_PER_INCH 1000
.Y_POINTS_PER_INCH 1000
.POINTS_PER_SECOND 125
.COMMENT CALIB X: 10 Y: -105

.WRITER_INFO
 Name: K SRI CHARAN
 WriterId: 13
 Hand: right
 EducationLevel: post graduate
 Gender: male
 Profession: student
 Region: puttaparthi
 Age: 24
 DeviceType: digimemo a402
 SkillDevice: average
 Language: hindi
 Script: indic
 Native: false
 Style: discrete
 UsageFreq: once a month
 Proficiency: average
 Date: 2007-6-12
 WritingInProfession: no

.PEN_DOWN
2296 6511 0
2296 6517 0
2297 6526 0
2298 6534 0
2300 6542 0
2302 6549 0
2304 6554 0
2305 6558 0
2305 6555 0
2304 6551 0
2301 6549 0
2297 6549 0
2290 6551 0
2278 6558 0
2266 6566 0
2253 6574 0
2241 6582 0
2233 6589 0
2228 6594 0
2226 6598 0
2227 6601 0
2229 6604 0
2233 6607 0
2239 6610 0
2248 6615 0
2257 6619 0
2266 6624 0
2274 6630 0
2279 6635 0
2282 6640 0
2284 6646 0
2285 6654 0
2284 6664 0
2281 6678 0
2272 6694 0
2264 6704 0
2258 6709 0
2254 6711 0
2251 6710 0
2250 6707 0
2250 6702 0
2252 6697 0
2254 6691 0
2258 6688 0
2258 6688 0
.PEN_UP
.PEN_DOWN
2276 6653 0
2276 6650 0
2274 6647 0
2271 6644 0
2266 6643 0
2259 6645 0
2251 6651 0
2241 6662 0
2229 6680 0
2216 6701 0
2204 6724 0
2196 6746 0
2192 6766 0
2193 6783 0
2198 6796 0
2206 6804 0
2217 6808 0
2230 6807 0
2246 6801 0
2262 6794 0
2275 6783 0
.PEN_UP
.PEN_DOWN
2269 6660 0
2268 6665 0
2267 6668 0
2268 6671 0
2270 6674 0
2274 6676 0
2277 6677 0
2281 6677 0
2289 6674 0
2301 6668 0
2318 6657 0
2339 6643 0
2362 6627 0
2385 6611 0
2402 6597 0
2415 6585 0
2422 6572 0
2425 6561 0
2425 6554 0
2423 6549 0
2422 6546 0
2419 6551 0
2416 6561 0
2408 6576 0
2400 6596 0
2393 6622 0
2387 6653 0
2383 6682 0
2381 6709 0
2380 6731 0
2381 6748 0
2382 6759 0
2383 6765 0
2384 6757 0
.PEN_UP
.PEN_DOWN
2243 6497 0
2240 6499 0
2244 6501 0
2256 6503 0
2269 6506 0
2288 6507 0
2313 6508 0
2348 6506 0
2392 6501 0
2435 6495 0
2471 6487 0
2496 6481 0
2513 6481 0
2522 6474 0
.PEN_UP
