.VERSION 1.0 
.HIERARCHY CHARACTER
.COORD X Y T
.SEGMENT CHARACTER 0-5 OK "11"
.H_LINE 4624 5499
.V_LINE 1999 2749
.X_DIM 749
.Y_DIM 874
.X_POINTS_PER_INCH 1000
.Y_POINTS_PER_INCH 1000
.POINTS_PER_SECOND 125
.COMMENT CALIB X: -22 Y: -122

.WRITER_INFO
 Name: DILEEP K V S
 WriterId: 80
 Hand: right
 EducationLevel: college graduate
 Gender: male
 Profession: student
 Region: visakhapatnam
 Age: 21
 DeviceType: digimemo a402
 SkillDevice: average
 Language: hindi
 Script: indic
 Native: false
 Style: discrete
 UsageFreq: once a month
 Proficiency: average
 Date: 2007-6-30
 WritingInProfession: no

.PEN_DOWN
2224 4946 0
2225 4943 0
2227 4940 0
2232 4936 0
2239 4933 0
2248 4930 0
2259 4929 0
2269 4929 0
2280 4932 0
2288 4937 0
2294 4942 0
2297 4949 0
2298 4957 0
2296 4965 0
2293 4972 0
2288 4978 0
2282 4982 0
2275 4986 0
2269 4988 0
2264 4989 0
2270 4985 0
2278 4982 0
2287 4980 0
2295 4979 0
2302 4980 0
2309 4983 0
2316 4986 0
2322 4990 0
2326 4996 0
2328 5002 0
2328 5008 0
2324 5015 0
2317 5022 0
2309 5028 0
2300 5034 0
2289 5039 0
2277 5043 0
2266 5045 0
2257 5045 0
2249 5044 0
2242 5041 0
2238 5034 0
.PEN_UP
.PEN_DOWN
2294 4968 0
2298 4969 0
2304 4970 0
2312 4970 0
2322 4971 0
2333 4972 0
2345 4972 0
2355 4971 0
2363 4970 0
2370 4969 0
2374 4967 0
2378 4964 0
2381 4959 0
2383 4954 0
2384 4949 0
2385 4945 0
2385 4942 0
2384 4947 0
2384 4956 0
2382 4967 0
2381 4976 0
2380 4986 0
2379 4997 0
2379 5008 0
2378 5020 0
2377 5031 0
2376 5039 0
2376 5046 0
2376 5046 0
.PEN_UP
.PEN_DOWN
2429 4942 0
2430 4948 0
2431 4956 0
2431 4965 0
2431 4973 0
2431 4981 0
2432 4990 0
2432 4999 0
2432 5007 0
2433 5014 0
2433 5022 0
2433 5027 0
2433 5034 0
2433 5034 0
.PEN_UP
.PEN_DOWN
2422 4909 0
2422 4897 0
2411 4880 0
2400 4860 0
2387 4842 0
2373 4827 0
2358 4816 0
2344 4809 0
2332 4805 0
2322 4804 0
2311 4805 0
2304 4808 0
2298 4812 0
2295 4817 0
2293 4821 0
2293 4826 0
2294 4831 0
2298 4835 0
2304 4839 0
2314 4843 0
2326 4851 0
2343 4855 0
.PEN_UP
.PEN_DOWN
2421 4868 0
2422 4864 0
2424 4854 0
2426 4843 0
2429 4828 0
2433 4813 0
2437 4797 0
2440 4781 0
2442 4768 0
2443 4758 0
2442 4750 0
2441 4745 0
2438 4747 0
2434 4753 0
2430 4760 0
2428 4769 0
2428 4779 0
2431 4789 0
2435 4799 0
2439 4808 0
2444 4816 0
2450 4817 0
.PEN_UP
.PEN_DOWN
2348 4931 0
2351 4932 0
2356 4932 0
2367 4931 0
2383 4929 0
2404 4926 0
2425 4923 0
2445 4920 0
2463 4916 0
2480 4914 0
2495 4912 0
2507 4911 0
2515 4911 0
2518 4911 0
2521 4912 0
2512 4912 0
.PEN_UP
