.VERSION 1.0 
.HIERARCHY CHARACTER
.COORD X Y T
.SEGMENT CHARACTER 0-2 OK "13"
.H_LINE 4624 5499
.V_LINE 5000 5750
.X_DIM 750
.Y_DIM 874
.X_POINTS_PER_INCH 1000
.Y_POINTS_PER_INCH 1000
.POINTS_PER_SECOND 125
.COMMENT CALIB X: 3 Y: -86

.WRITER_INFO
 Name: DILEEP K V S
 WriterId: 80
 Hand: right
 EducationLevel: college graduate
 Gender: male
 Profession: student
 Region: visakhapatnam
 Age: 21
 DeviceType: digimemo a402
 SkillDevice: average
 Language: hindi
 Script: indic
 Native: false
 Style: discrete
 UsageFreq: once a month
 Proficiency: average
 Date: 2007-6-30
 WritingInProfession: no

.PEN_DOWN
5252 4919 0
5256 4916 0
5262 4914 0
5270 4912 0
5280 4912 0
5294 4914 0
5308 4920 0
5322 4927 0
5333 4936 0
5341 4947 0
5346 4958 0
5347 4967 0
5344 4977 0
5337 4987 0
5326 4996 0
5314 5002 0
5302 5008 0
5290 5012 0
5280 5015 0
5272 5016 0
5266 5017 0
5263 5017 0
5264 5011 0
5268 5007 0
5273 5004 0
5280 5001 0
5288 5000 0
5298 5000 0
5309 5000 0
5319 5001 0
5328 5004 0
5338 5007 0
5349 5011 0
5363 5015 0
5377 5019 0
5399 5023 0
.PEN_UP
.PEN_DOWN
5469 4964 0
5465 4962 0
5460 4960 0
5452 4959 0
5443 4961 0
5432 4965 0
5421 4970 0
5410 4976 0
5401 4983 0
5394 4989 0
5391 4995 0
5390 5000 0
5391 5004 0
5394 5009 0
5401 5012 0
5408 5015 0
5417 5016 0
5427 5017 0
5437 5017 0
5447 5016 0
5456 5012 0
5464 5007 0
5471 5001 0
5477 4993 0
5481 4984 0
5484 4972 0
5486 4959 0
5487 4945 0
5488 4932 0
5488 4922 0
5487 4916 0
5487 4913 0
5486 4917 0
5485 4926 0
5485 4939 0
5484 4954 0
5483 4969 0
5482 4984 0
5481 4996 0
5480 5007 0
5479 5017 0
5478 5026 0
5477 5035 0
5477 5042 0
5477 5047 0
5477 5050 0
5477 5050 0
.PEN_UP
.PEN_DOWN
5274 4904 0
5282 4906 0
5296 4907 0
5315 4908 0
5340 4908 0
5372 4908 0
5406 4909 0
5436 4909 0
5460 4909 0
5478 4910 0
5492 4910 0
5501 4909 0
5506 4909 0
5509 4909 0
5509 4909 0
.PEN_UP
