.VERSION 1.0 
.HIERARCHY CHARACTER
.COORD X Y T
.SEGMENT CHARACTER 0-1 OK "99"
.H_LINE 2999 3874
.V_LINE 6500 7250
.X_DIM 750
.Y_DIM 874
.X_POINTS_PER_INCH 1000
.Y_POINTS_PER_INCH 1000
.POINTS_PER_SECOND 125
.COMMENT CALIB X: -22 Y: -65

.WRITER_INFO
 Name: DILEEP K V S
 WriterId: 80
 Hand: right
 EducationLevel: college graduate
 Gender: male
 Profession: student
 Region: visakhapatnam
 Age: 21
 DeviceType: digimemo a402
 SkillDevice: average
 Language: hindi
 Script: indic
 Native: false
 Style: discrete
 UsageFreq: once a month
 Proficiency: average
 Date: 2007-6-30
 WritingInProfession: no

.PEN_DOWN
6668 3262 0
6672 3262 0
6678 3261 0
6685 3261 0
6695 3261 0
6706 3260 0
6720 3259 0
6737 3259 0
6758 3258 0
6783 3257 0
6810 3257 0
6836 3257 0
6858 3256 0
6874 3255 0
6884 3254 0
6889 3253 0
6884 3254 0
6840 3258 0
6850 3260 0
.PEN_UP
.PEN_DOWN
6819 3262 0
6819 3266 0
6820 3270 0
6821 3274 0
6823 3277 0
6826 3281 0
6829 3285 0
6831 3288 0
6834 3291 0
6837 3293 0
6832 3292 0
6825 3291 0
6817 3291 0
6807 3291 0
6796 3292 0
6785 3293 0
6775 3296 0
6766 3301 0
6759 3308 0
6752 3315 0
6747 3324 0
6743 3332 0
6741 3340 0
6741 3349 0
6742 3358 0
6744 3367 0
6747 3376 0
6751 3383 0
6756 3389 0
6763 3393 0
6769 3396 0
6777 3398 0
6786 3399 0
6796 3398 0
6806 3396 0
6815 3394 0
6822 3390 0
6828 3386 0
6832 3382 0
6834 3378 0
6836 3373 0
6836 3369 0
6836 3366 0
6834 3363 0
6830 3361 0
6826 3360 0
6821 3360 0
6816 3362 0
6811 3366 0
6804 3371 0
6798 3379 0
6792 3390 0
6787 3400 0
6783 3409 0
6781 3418 0
6780 3426 0
6780 3433 0
6781 3439 0
6783 3443 0
6785 3446 0
6788 3447 0
6791 3450 0
6795 3453 0
6799 3456 0
6805 3459 0
6812 3462 0
6819 3464 0
6826 3466 0
6836 3468 0
6847 3470 0
6858 3471 0
6869 3471 0
6880 3470 0
6890 3469 0
6900 3467 0
6909 3465 0
6917 3462 0
6923 3458 0
6927 3454 0
6929 3451 0
6930 3448 0
6930 3444 0
6930 3439 0
6929 3436 0
6927 3433 0
6925 3430 0
6922 3428 0
6918 3427 0
6913 3427 0
6907 3428 0
6901 3432 0
6893 3440 0
6885 3449 0
6878 3461 0
6871 3473 0
6867 3484 0
6865 3494 0
6866 3505 0
6867 3514 0
6869 3521 0
6872 3526 0
6876 3530 0
6880 3533 0
6884 3535 0
6888 3536 0
6892 3537 0
6898 3538 0
.PEN_UP
