.VERSION 1.0 
.HIERARCHY CHARACTER
.COORD X Y T
.SEGMENT CHARACTER 0-2 OK "103"
.H_LINE 4624 5499
.V_LINE 5000 5750
.X_DIM 750
.Y_DIM 874
.X_POINTS_PER_INCH 1000
.Y_POINTS_PER_INCH 1000
.POINTS_PER_SECOND 125
.COMMENT CALIB X: -61 Y: -31

.WRITER_INFO
 Name: DILEEP K V S
 WriterId: 80
 Hand: right
 EducationLevel: college graduate
 Gender: male
 Profession: student
 Region: visakhapatnam
 Age: 21
 DeviceType: digimemo a402
 SkillDevice: average
 Language: hindi
 Script: indic
 Native: false
 Style: discrete
 UsageFreq: once a month
 Proficiency: average
 Date: 2007-6-30
 WritingInProfession: no

.PEN_DOWN
5405 4874 0
5405 4878 0
5405 4886 0
5405 4899 0
5406 4916 0
5406 4934 0
5407 4952 0
5408 4970 0
5408 4986 0
5408 4999 0
5407 5012 0
5406 5022 0
5406 5028 0
5406 5032 0
5405 5029 0
5405 5024 0
5404 5019 0
5404 5012 0
5405 5004 0
5406 4997 0
5406 4990 0
5406 4984 0
5406 4980 0
5405 4976 0
5404 4972 0
5402 4968 0
5398 4965 0
5392 4961 0
5383 4957 0
5372 4954 0
5358 4951 0
5341 4949 0
5322 4948 0
5303 4948 0
5284 4949 0
5268 4950 0
5254 4952 0
5242 4954 0
5233 4957 0
5227 4961 0
5223 4965 0
5221 4968 0
5221 4971 0
5222 4974 0
5224 4977 0
5227 4980 0
5231 4982 0
5235 4982 0
5240 4982 0
5245 4981 0
5249 4980 0
5253 4977 0
5257 4973 0
5261 4970 0
5263 4967 0
5264 4964 0
5265 4961 0
5264 4958 0
5262 4963 0
5262 4963 0
.PEN_UP
.PEN_DOWN
5396 4957 0
5398 4954 0
5396 4958 0
5392 4965 0
5386 4974 0
5378 4985 0
5369 4997 0
5358 5012 0
5344 5028 0
5327 5042 0
5311 5055 0
5296 5066 0
5285 5076 0
5277 5085 0
5273 5092 0
5272 5097 0
5272 5101 0
5275 5104 0
5279 5106 0
5283 5107 0
5287 5107 0
5291 5105 0
5295 5103 0
5298 5098 0
5300 5092 0
5300 5088 0
5299 5084 0
5297 5081 0
5293 5078 0
5288 5076 0
5284 5075 0
5281 5075 0
5285 5075 0
.PEN_UP
.PEN_DOWN
5304 4874 0
5301 4874 0
5307 4872 0
5317 4870 0
5333 4868 0
5353 4866 0
5375 4864 0
5397 4863 0
5414 4862 0
5428 4861 0
5437 4860 0
5442 4859 0
5445 4859 0
5445 4862 0
5445 4862 0
.PEN_UP
