.VERSION 1.0 
.HIERARCHY CHARACTER
.COORD X Y T
.SEGMENT CHARACTER 0-2 OK "104"
.H_LINE 4624 5499
.V_LINE 6500 7250
.X_DIM 750
.Y_DIM 874
.X_POINTS_PER_INCH 1000
.Y_POINTS_PER_INCH 1000
.POINTS_PER_SECOND 125
.COMMENT CALIB X: -41 Y: -38

.WRITER_INFO
 Name: DILEEP K V S
 WriterId: 80
 Hand: right
 EducationLevel: college graduate
 Gender: male
 Profession: student
 Region: visakhapatnam
 Age: 21
 DeviceType: digimemo a402
 SkillDevice: average
 Language: hindi
 Script: indic
 Native: false
 Style: discrete
 UsageFreq: once a month
 Proficiency: average
 Date: 2007-6-30
 WritingInProfession: no

.PEN_DOWN
6927 4873 0
6927 4876 0
6928 4883 0
6928 4896 0
6929 4914 0
6930 4933 0
6931 4952 0
6932 4970 0
6933 4987 0
6935 5001 0
6936 5012 0
6937 5022 0
6938 5030 0
6939 5037 0
6940 5042 0
6941 5045 0
6941 5045 0
.PEN_UP
.PEN_DOWN
6840 5060 0
6843 5056 0
6848 5053 0
6854 5049 0
6864 5043 0
6874 5036 0
6886 5030 0
6898 5023 0
6909 5014 0
6921 5004 0
6931 4997 0
6937 4992 0
6941 4987 0
6943 4984 0
6939 4983 0
6935 4982 0
6930 4982 0
6922 4982 0
6911 4982 0
6898 4980 0
6884 4978 0
6869 4975 0
6854 4972 0
6838 4967 0
6824 4961 0
6812 4955 0
6804 4950 0
6798 4945 0
6795 4940 0
6795 4935 0
6797 4930 0
6800 4925 0
6804 4921 0
6810 4918 0
6816 4915 0
6822 4914 0
6826 4914 0
6830 4915 0
6833 4917 0
6836 4921 0
6837 4928 0
6835 4939 0
6831 4950 0
6823 4963 0
6813 4976 0
6801 4988 0
6788 5000 0
6774 5010 0
6761 5019 0
6750 5027 0
6741 5033 0
6735 5036 0
6732 5039 0
6723 5040 0
.PEN_UP
.PEN_DOWN
6811 4857 0
6814 4857 0
6821 4856 0
6833 4855 0
6850 4854 0
6871 4853 0
6895 4852 0
6918 4851 0
6938 4850 0
6954 4850 0
6968 4850 0
6978 4850 0
6983 4850 0
6985 4853 0
.PEN_UP
