.VERSION 1.0 
.HIERARCHY CHARACTER
.COORD X Y T
.SEGMENT CHARACTER 0-2 OK "26"
.H_LINE 9500 10374
.V_LINE 1999 2749
.X_DIM 749
.Y_DIM 874
.X_POINTS_PER_INCH 1000
.Y_POINTS_PER_INCH 1000
.POINTS_PER_SECOND 125
.COMMENT CALIB X: 12 Y: -110

.WRITER_INFO
 Name: SAI SHANKAR KUMAR MOHANTY
 WriterId: 23
 Hand: right
 EducationLevel: high school
 Gender: male
 Profession: student
 Region: srikakulam
 Age: 20
 DeviceType: digimemo a402
 SkillDevice: good
 Language: hindi
 Script: indic
 Native: false
 Style: discrete
 UsageFreq: rarely
 Proficiency: good
 Date: 2007-6-14
 WritingInProfession: no

.PEN_DOWN
2239 9800 0
2238 9797 0
2237 9792 0
2236 9787 0
2236 9784 0
2235 9787 0
2234 9791 0
2233 9796 0
2232 9805 0
2231 9814 0
2231 9826 0
2233 9840 0
2237 9855 0
2241 9870 0
2244 9886 0
2249 9904 0
2254 9922 0
2260 9939 0
2266 9953 0
2273 9966 0
2280 9975 0
2288 9981 0
2297 9985 0
2309 9985 0
2322 9983 0
2334 9978 0
2344 9970 0
2352 9960 0
2358 9946 0
2363 9930 0
2365 9913 0
2366 9896 0
2365 9880 0
2362 9863 0
2358 9846 0
2352 9832 0
2346 9818 0
2340 9807 0
2335 9799 0
2331 9792 0
2327 9788 0
2324 9787 0
2324 9787 0
.PEN_UP
.PEN_DOWN
2409 9783 0
2409 9780 0
2411 9784 0
2413 9791 0
2414 9799 0
2415 9810 0
2417 9824 0
2420 9840 0
2424 9859 0
2428 9878 0
2434 9898 0
2439 9917 0
2444 9933 0
2447 9945 0
2450 9953 0
2451 9957 0
2450 9952 0
.PEN_UP
.PEN_DOWN
2216 9773 0
2209 9773 0
2200 9773 0
2193 9773 0
2190 9774 0
2192 9777 0
2197 9780 0
2204 9783 0
2217 9786 0
2231 9789 0
2246 9792 0
2263 9793 0
2282 9794 0
2307 9794 0
2337 9793 0
2371 9792 0
2403 9790 0
2433 9789 0
2459 9787 0
2480 9785 0
2496 9783 0
2505 9782 0
2509 9782 0
2510 9794 0
.PEN_UP
