.VERSION 1.0 
.HIERARCHY CHARACTER
.COORD X Y T
.SEGMENT CHARACTER 0-2 OK "34"
.H_LINE 1374 2249
.V_LINE 6500 7250
.X_DIM 750
.Y_DIM 874
.X_POINTS_PER_INCH 1000
.Y_POINTS_PER_INCH 1000
.POINTS_PER_SECOND 125
.COMMENT CALIB X: 62 Y: -82

.WRITER_INFO
 Name: SAI SHANKAR KUMAR MOHANTY
 WriterId: 23
 Hand: right
 EducationLevel: high school
 Gender: male
 Profession: student
 Region: srikakulam
 Age: 20
 DeviceType: digimemo a402
 SkillDevice: good
 Language: hindi
 Script: indic
 Native: false
 Style: discrete
 UsageFreq: rarely
 Proficiency: good
 Date: 2007-6-14
 WritingInProfession: no

.PEN_DOWN
6896 1709 0
6896 1706 0
6898 1701 0
6903 1696 0
6907 1692 0
6910 1692 0
6913 1696 0
6918 1705 0
6925 1718 0
6931 1734 0
6936 1752 0
6940 1772 0
6945 1791 0
6948 1808 0
6951 1822 0
6953 1833 0
6954 1842 0
6954 1849 0
6953 1853 0
6950 1856 0
6946 1856 0
6942 1855 0
6939 1853 0
6935 1849 0
6930 1842 0
6920 1836 0
6908 1828 0
6895 1821 0
6882 1815 0
6868 1810 0
6853 1807 0
6840 1805 0
6828 1806 0
6817 1808 0
6809 1811 0
6802 1816 0
6795 1823 0
6789 1830 0
6784 1839 0
6780 1848 0
6779 1857 0
6780 1866 0
6782 1875 0
6788 1883 0
6797 1889 0
6806 1893 0
6815 1895 0
6826 1894 0
6841 1891 0
6858 1887 0
6876 1882 0
6891 1876 0
6904 1869 0
6916 1861 0
6926 1853 0
6932 1845 0
6936 1839 0
6939 1834 0
6941 1830 0
6943 1826 0
6944 1829 0
6945 1834 0
6947 1840 0
6949 1848 0
6950 1855 0
6952 1864 0
6955 1873 0
6958 1883 0
6961 1892 0
6963 1900 0
6964 1906 0
6964 1910 0
6963 1907 0
.PEN_UP
.PEN_DOWN
6809 1822 0
6812 1825 0
6815 1829 0
6821 1834 0
6827 1838 0
6833 1842 0
6842 1847 0
6852 1852 0
6861 1858 0
6870 1864 0
6878 1869 0
6889 1874 0
.PEN_UP
.PEN_DOWN
6816 1675 0
6813 1674 0
6817 1678 0
6824 1682 0
6835 1684 0
6851 1685 0
6875 1685 0
6907 1684 0
6942 1682 0
6969 1681 0
6991 1679 0
7010 1678 0
7022 1678 0
7028 1678 0
7028 1681 0
7025 1684 0
.PEN_UP
