.VERSION 1.0 
.HIERARCHY CHARACTER
.COORD X Y T
.SEGMENT CHARACTER 0-1 OK "37"
.H_LINE 2999 3874
.V_LINE 3500 4250
.X_DIM 750
.Y_DIM 874
.X_POINTS_PER_INCH 1000
.Y_POINTS_PER_INCH 1000
.POINTS_PER_SECOND 125
.COMMENT CALIB X: 39 Y: -48

.WRITER_INFO
 Name: SAI SHANKAR KUMAR MOHANTY
 WriterId: 23
 Hand: right
 EducationLevel: high school
 Gender: male
 Profession: student
 Region: srikakulam
 Age: 20
 DeviceType: digimemo a402
 SkillDevice: good
 Language: hindi
 Script: indic
 Native: false
 Style: discrete
 UsageFreq: rarely
 Proficiency: good
 Date: 2007-6-14
 WritingInProfession: no

.PEN_DOWN
3680 3372 0
3677 3372 0
3673 3371 0
3674 3368 0
3676 3365 0
3684 3362 0
3693 3360 0
3703 3358 0
3712 3358 0
3720 3359 0
3727 3361 0
3732 3365 0
3736 3370 0
3738 3376 0
3737 3383 0
3734 3394 0
3730 3406 0
3725 3419 0
3719 3433 0
3712 3448 0
3703 3464 0
3694 3479 0
3688 3494 0
3685 3505 0
3684 3513 0
3686 3518 0
3689 3521 0
3693 3521 0
3700 3518 0
3711 3512 0
3725 3500 0
3741 3487 0
3756 3471 0
3769 3455 0
3781 3437 0
3791 3417 0
3801 3397 0
3809 3376 0
3815 3360 0
3818 3349 0
3819 3341 0
3819 3335 0
3818 3332 0
3816 3336 0
3815 3342 0
3815 3351 0
3814 3361 0
3812 3372 0
3811 3384 0
3809 3398 0
3808 3414 0
3807 3431 0
3806 3447 0
3804 3465 0
3803 3479 0
3802 3490 0
3801 3498 0
3801 3502 0
3805 3499 0
.PEN_UP
.PEN_DOWN
3624 3360 0
3611 3360 0
3601 3358 0
3595 3357 0
3598 3356 0
3608 3355 0
3624 3353 0
3651 3350 0
3687 3346 0
3723 3341 0
3761 3335 0
3799 3329 0
3834 3325 0
3864 3322 0
3887 3319 0
3902 3318 0
3910 3317 0
3914 3317 0
3913 3323 0
3909 3322 0
.PEN_UP
