.VERSION 1.0 
.HIERARCHY CHARACTER
.COORD X Y T
.SEGMENT CHARACTER 0-2 OK "44"
.H_LINE 4624 5499
.V_LINE 6500 7250
.X_DIM 750
.Y_DIM 874
.X_POINTS_PER_INCH 1000
.Y_POINTS_PER_INCH 1000
.POINTS_PER_SECOND 125
.COMMENT CALIB X: 98 Y: -35

.WRITER_INFO
 Name: SAI SHANKAR KUMAR MOHANTY
 WriterId: 23
 Hand: right
 EducationLevel: high school
 Gender: male
 Profession: student
 Region: srikakulam
 Age: 20
 DeviceType: digimemo a402
 SkillDevice: good
 Language: hindi
 Script: indic
 Native: false
 Style: discrete
 UsageFreq: rarely
 Proficiency: good
 Date: 2007-6-14
 WritingInProfession: no

.PEN_DOWN
6832 5032 0
6833 5021 0
6835 5012 0
6837 5006 0
6839 5001 0
6841 4998 0
6843 5005 0
6845 5017 0
6846 5028 0
6848 5041 0
6850 5054 0
6852 5067 0
6854 5079 0
6856 5090 0
6859 5099 0
6861 5106 0
6863 5111 0
6864 5114 0
6862 5110 0
6860 5105 0
6857 5099 0
6854 5093 0
6850 5088 0
6844 5084 0
6837 5081 0
6828 5079 0
6817 5078 0
6807 5077 0
6797 5078 0
6787 5082 0
6777 5086 0
6770 5091 0
6765 5098 0
6761 5106 0
6759 5114 0
6758 5121 0
6758 5127 0
6760 5133 0
6763 5138 0
6766 5141 0
6769 5143 0
6773 5144 0
6778 5146 0
6784 5147 0
6789 5147 0
6794 5147 0
6799 5147 0
6803 5147 0
6807 5147 0
6811 5146 0
6814 5146 0
6817 5146 0
6820 5146 0
6823 5146 0
6826 5147 0
6829 5147 0
6833 5146 0
6839 5146 0
6845 5146 0
6850 5146 0
6853 5146 0
6857 5146 0
6860 5147 0
6863 5147 0
6866 5148 0
6870 5151 0
6873 5155 0
6876 5160 0
6878 5164 0
6879 5168 0
6880 5173 0
6881 5179 0
6881 5185 0
6880 5190 0
6879 5195 0
6877 5200 0
6874 5204 0
6871 5207 0
6868 5209 0
6863 5210 0
6858 5211 0
6853 5212 0
6848 5212 0
6848 5212 0
.PEN_UP
.PEN_DOWN
6781 5146 0
6776 5146 0
6769 5146 0
6762 5148 0
6753 5151 0
6743 5156 0
6733 5163 0
6724 5171 0
6716 5181 0
6709 5192 0
6702 5202 0
6699 5212 0
6697 5223 0
6697 5233 0
6700 5241 0
6705 5247 0
6713 5253 0
6725 5255 0
6743 5254 0
6764 5251 0
6786 5246 0
6808 5240 0
6828 5234 0
.PEN_UP
.PEN_DOWN
6711 5001 0
6707 5002 0
6710 5002 0
6717 5002 0
6732 5002 0
6753 5002 0
6778 5002 0
6805 5002 0
6831 5002 0
6855 5002 0
6878 5002 0
6897 5002 0
6910 5001 0
6917 5000 0
6920 5000 0
6920 5000 0
.PEN_UP
