.VERSION 1.0 
.HIERARCHY CHARACTER
.COORD X Y T
.SEGMENT CHARACTER 0-3 OK "99"
.H_LINE 2999 3874
.V_LINE 6500 7250
.X_DIM 750
.Y_DIM 874
.X_POINTS_PER_INCH 1000
.Y_POINTS_PER_INCH 1000
.POINTS_PER_SECOND 125
.COMMENT CALIB X: 72 Y: -40

.WRITER_INFO
 Name: SAI SHANKAR KUMAR MOHANTY
 WriterId: 23
 Hand: right
 EducationLevel: high school
 Gender: male
 Profession: student
 Region: srikakulam
 Age: 20
 DeviceType: digimemo a402
 SkillDevice: good
 Language: hindi
 Script: indic
 Native: false
 Style: discrete
 UsageFreq: rarely
 Proficiency: good
 Date: 2007-6-14
 WritingInProfession: no

.PEN_DOWN
6702 3344 0
6699 3344 0
6694 3347 0
6689 3349 0
6685 3350 0
6690 3352 0
6700 3353 0
6715 3353 0
6733 3351 0
6754 3349 0
6778 3346 0
6802 3344 0
6822 3341 0
6841 3338 0
6857 3337 0
6868 3336 0
6875 3335 0
6878 3335 0
6875 3337 0
6872 3339 0
6866 3340 0
.PEN_UP
.PEN_DOWN
6820 3359 0
6819 3355 0
6827 3357 0
.PEN_UP
.PEN_DOWN
6812 3353 0
6815 3351 0
6817 3354 0
6818 3359 0
6819 3366 0
6820 3373 0
6822 3380 0
6823 3387 0
6824 3395 0
6825 3404 0
6826 3414 0
6827 3424 0
6828 3433 0
6828 3443 0
6828 3451 0
6828 3455 0
6828 3458 0
6828 3455 0
6827 3451 0
6826 3447 0
6825 3443 0
6823 3440 0
6820 3437 0
6816 3435 0
6810 3433 0
6804 3431 0
6796 3431 0
6787 3432 0
6777 3434 0
6768 3436 0
6757 3441 0
6745 3448 0
6735 3456 0
6727 3465 0
6719 3475 0
6712 3485 0
6707 3496 0
6705 3506 0
6704 3515 0
6705 3524 0
6708 3531 0
6712 3536 0
6717 3540 0
6722 3543 0
6729 3545 0
6741 3546 0
6756 3545 0
6774 3544 0
6790 3542 0
6804 3540 0
6815 3539 0
6823 3537 0
6828 3536 0
6831 3535 0
6833 3545 0
6836 3536 0
.PEN_UP
.PEN_DOWN
6841 3527 0
6838 3528 0
6834 3529 0
6831 3530 0
6828 3531 0
6825 3532 0
6821 3533 0
6817 3536 0
6811 3539 0
6804 3543 0
6796 3547 0
6788 3552 0
6781 3557 0
6774 3564 0
6768 3573 0
6762 3582 0
6758 3590 0
6756 3598 0
6756 3604 0
6757 3610 0
6759 3616 0
6762 3622 0
6767 3627 0
6773 3632 0
6783 3636 0
6794 3639 0
6806 3640 0
6819 3640 0
6831 3638 0
6842 3634 0
6855 3629 0
6865 3625 0
6872 3619 0
6876 3613 0
6878 3608 0
6877 3605 0
6876 3602 0
6873 3600 0
6868 3600 0
6861 3602 0
6854 3606 0
6848 3612 0
6841 3620 0
6835 3630 0
6830 3638 0
6826 3648 0
6823 3658 0
6820 3669 0
6817 3682 0
6815 3692 0
6813 3702 0
6811 3711 0
6808 3718 0
6808 3723 0
.PEN_UP
