.VERSION 1.0 
.HIERARCHY CHARACTER
.COORD X Y T
.SEGMENT CHARACTER 0-4 OK "105"
.H_LINE 6249 7124
.V_LINE 499 1250
.X_DIM 750
.Y_DIM 875
.X_POINTS_PER_INCH 1000
.Y_POINTS_PER_INCH 1000
.POINTS_PER_SECOND 125
.COMMENT CALIB X: 5 Y: -91

.WRITER_INFO
 Name: SAI SHANKAR KUMAR MOHANTY
 WriterId: 23
 Hand: right
 EducationLevel: high school
 Gender: male
 Profession: student
 Region: srikakulam
 Age: 20
 DeviceType: digimemo a402
 SkillDevice: good
 Language: hindi
 Script: indic
 Native: false
 Style: discrete
 UsageFreq: rarely
 Proficiency: good
 Date: 2007-6-14
 WritingInProfession: no

.PEN_DOWN
719 6538 0
722 6538 0
725 6538 0
728 6542 0
731 6549 0
734 6556 0
737 6564 0
739 6572 0
741 6581 0
743 6591 0
744 6603 0
746 6613 0
748 6623 0
750 6634 0
752 6644 0
754 6652 0
755 6659 0
756 6664 0
757 6667 0
756 6664 0
755 6661 0
754 6658 0
753 6655 0
751 6652 0
749 6649 0
747 6646 0
743 6642 0
739 6639 0
735 6636 0
730 6633 0
725 6630 0
721 6628 0
718 6626 0
714 6625 0
709 6625 0
703 6626 0
696 6629 0
688 6633 0
679 6638 0
669 6643 0
661 6649 0
653 6655 0
646 6662 0
640 6669 0
636 6677 0
634 6685 0
633 6693 0
633 6702 0
634 6711 0
638 6720 0
643 6728 0
650 6735 0
656 6741 0
662 6746 0
669 6750 0
677 6753 0
684 6755 0
691 6756 0
698 6757 0
706 6756 0
714 6755 0
723 6754 0
730 6753 0
736 6752 0
741 6752 0
745 6753 0
749 6754 0
752 6754 0
755 6755 0
758 6755 0
761 6753 0
764 6751 0
767 6749 0
770 6748 0
773 6746 0
777 6743 0
780 6741 0
783 6739 0
785 6743 0
785 6743 0
.PEN_UP
.PEN_DOWN
792 6746 0
788 6744 0
785 6743 0
780 6746 0
772 6751 0
764 6755 0
758 6759 0
753 6766 0
747 6774 0
741 6782 0
736 6790 0
732 6798 0
729 6805 0
727 6812 0
726 6817 0
727 6821 0
729 6824 0
733 6826 0
737 6827 0
744 6827 0
753 6827 0
764 6824 0
776 6821 0
790 6817 0
804 6814 0
817 6811 0
828 6807 0
836 6804 0
842 6802 0
846 6801 0
848 6795 0
.PEN_UP
.PEN_DOWN
829 6580 0
829 6580 0
.PEN_UP
.PEN_DOWN
830 6557 0
830 6560 0
829 6565 0
830 6573 0
831 6584 0
832 6597 0
831 6612 0
829 6629 0
827 6647 0
824 6666 0
819 6686 0
814 6702 0
809 6717 0
802 6730 0
795 6738 0
789 6743 0
786 6745 0
785 6741 0
785 6734 0
787 6726 0
792 6715 0
800 6705 0
810 6698 0
820 6692 0
833 6687 0
849 6684 0
865 6683 0
880 6683 0
893 6683 0
905 6684 0
917 6684 0
927 6682 0
935 6679 0
942 6674 0
947 6668 0
952 6660 0
955 6650 0
957 6638 0
958 6625 0
958 6611 0
957 6599 0
954 6587 0
952 6579 0
950 6573 0
948 6570 0
948 6574 0
948 6582 0
949 6591 0
950 6601 0
952 6613 0
954 6627 0
957 6644 0
960 6662 0
963 6678 0
966 6694 0
968 6709 0
969 6721 0
970 6730 0
971 6737 0
975 6741 0
.PEN_UP
.PEN_DOWN
641 6558 0
637 6557 0
633 6557 0
630 6556 0
637 6556 0
650 6557 0
673 6559 0
703 6559 0
733 6560 0
765 6560 0
804 6560 0
849 6559 0
897 6557 0
938 6556 0
969 6554 0
992 6552 0
1007 6551 0
1017 6550 0
1023 6549 0
1027 6549 0
1030 6552 0
1033 6551 0
.PEN_UP
