.VERSION 1.0 
.HIERARCHY CHARACTER
.COORD X Y T
.SEGMENT CHARACTER 0-2 OK "4"
.H_LINE 1374 2249
.V_LINE 6500 7250
.X_DIM 750
.Y_DIM 874
.X_POINTS_PER_INCH 1000
.Y_POINTS_PER_INCH 1000
.POINTS_PER_SECOND 125
.COMMENT CALIB X: -30 Y: -99

.WRITER_INFO
 Name: V CHANDRASEKHARAN
 WriterId: 45
 Hand: right
 EducationLevel: post graduate
 Gender: male
 Profession: professor
 Region: puttaparthi
 Age: 53
 DeviceType: digimemo a402
 SkillDevice: average
 Language: hindi
 Script: indic
 Native: false
 Style: discrete
 UsageFreq: rarely
 Proficiency: average
 Date: 2007-6-20
 WritingInProfession: no

.PEN_DOWN
6672 1801 0
6668 1799 0
6664 1798 0
6661 1797 0
6670 1796 0
6686 1795 0
6708 1795 0
6736 1795 0
6772 1796 0
6815 1797 0
6862 1797 0
6906 1798 0
6943 1798 0
6974 1798 0
6998 1799 0
7016 1800 0
7026 1801 0
7030 1801 0
7027 1802 0
7020 1804 0
7008 1805 0
.PEN_UP
.PEN_DOWN
6865 1780 0
6868 1782 0
6870 1787 0
6873 1793 0
6875 1799 0
6877 1807 0
6878 1816 0
6879 1826 0
6879 1838 0
6878 1851 0
6878 1864 0
6878 1877 0
6878 1890 0
6877 1902 0
6877 1910 0
6877 1915 0
6877 1919 0
6876 1915 0
6876 1910 0
6874 1904 0
6871 1900 0
6866 1896 0
6859 1893 0
6848 1890 0
6834 1889 0
6818 1888 0
6801 1887 0
6785 1887 0
6771 1889 0
6760 1892 0
6751 1896 0
6744 1902 0
6738 1911 0
6733 1921 0
6731 1930 0
6730 1940 0
6730 1951 0
6730 1960 0
6732 1968 0
6736 1977 0
6741 1983 0
6747 1988 0
6755 1992 0
6764 1994 0
6775 1995 0
6789 1995 0
6806 1995 0
6826 1994 0
6849 1994 0
6870 1995 0
6888 1996 0
6905 1997 0
6919 1999 0
6930 2001 0
6937 2004 0
6942 2008 0
6945 2012 0
6947 2016 0
6948 2021 0
6947 2028 0
6943 2035 0
6937 2044 0
6928 2053 0
6915 2062 0
6899 2071 0
6876 2078 0
6853 2086 0
6830 2091 0
6811 2094 0
6795 2095 0
6782 2093 0
6773 2090 0
6766 2084 0
6761 2076 0
6758 2069 0
6758 2064 0
6759 2060 0
6762 2057 0
6766 2055 0
6772 2055 0
6780 2057 0
6790 2060 0
6801 2065 0
6813 2071 0
6827 2079 0
6839 2088 0
6850 2099 0
6860 2111 0
6867 2123 0
6873 2135 0
6879 2144 0
6884 2150 0
6888 2154 0
6892 2156 0
6896 2157 0
6899 2157 0
6903 2157 0
6907 2154 0
6912 2149 0
6917 2135 0
6919 2122 0
.PEN_UP
.PEN_DOWN
6860 1741 0
6857 1745 0
6854 1750 0
6852 1755 0
6850 1758 0
6847 1758 0
6844 1752 0
6841 1743 0
6838 1729 0
6837 1709 0
6840 1686 0
6851 1664 0
6866 1645 0
6884 1632 0
6905 1624 0
6930 1621 0
6952 1621 0
6969 1626 0
6984 1632 0
6996 1639 0
7006 1645 0
7013 1650 0
7017 1653 0
7017 1656 0
7012 1659 0
.PEN_UP
