.VERSION 1.0 
.HIERARCHY CHARACTER
.COORD X Y T
.SEGMENT CHARACTER 0-4 OK "10"
.H_LINE 4624 5499
.V_LINE 499 1250
.X_DIM 750
.Y_DIM 874
.X_POINTS_PER_INCH 1000
.Y_POINTS_PER_INCH 1000
.POINTS_PER_SECOND 125
.COMMENT CALIB X: -69 Y: -40

.WRITER_INFO
 Name: V CHANDRASEKHARAN
 WriterId: 45
 Hand: right
 EducationLevel: post graduate
 Gender: male
 Profession: professor
 Region: puttaparthi
 Age: 53
 DeviceType: digimemo a402
 SkillDevice: average
 Language: hindi
 Script: indic
 Native: false
 Style: discrete
 UsageFreq: rarely
 Proficiency: average
 Date: 2007-6-20
 WritingInProfession: no

.PEN_DOWN
587 4958 0
586 4955 0
588 4952 0
593 4947 0
603 4943 0
615 4939 0
628 4936 0
644 4933 0
662 4932 0
676 4932 0
688 4934 0
698 4938 0
706 4943 0
712 4950 0
718 4958 0
720 4967 0
720 4978 0
718 4988 0
713 5000 0
705 5012 0
691 5025 0
675 5037 0
657 5045 0
640 5050 0
627 5052 0
619 5052 0
615 5051 0
620 5048 0
630 5045 0
643 5043 0
658 5042 0
673 5043 0
686 5048 0
697 5055 0
708 5065 0
719 5075 0
728 5086 0
736 5096 0
741 5105 0
743 5114 0
743 5122 0
739 5130 0
732 5137 0
723 5144 0
713 5149 0
697 5155 0
679 5158 0
661 5158 0
644 5156 0
630 5154 0
619 5151 0
611 5148 0
606 5146 0
603 5144 0
604 5140 0
608 5134 0
610 5128 0
.PEN_UP
.PEN_DOWN
676 5081 0
679 5081 0
683 5081 0
688 5081 0
696 5080 0
705 5078 0
717 5076 0
727 5074 0
739 5069 0
754 5063 0
769 5056 0
782 5046 0
794 5034 0
804 5021 0
811 5010 0
814 5001 0
815 4993 0
814 4987 0
812 4982 0
811 4979 0
811 4987 0
811 5001 0
810 5015 0
810 5031 0
810 5049 0
810 5070 0
810 5090 0
811 5109 0
812 5127 0
814 5146 0
815 5166 0
816 5182 0
816 5195 0
816 5202 0
816 5206 0
816 5200 0
816 5190 0
817 5175 0
819 5157 0
823 5129 0
.PEN_UP
.PEN_DOWN
912 4977 0
912 4980 0
913 4986 0
913 4997 0
911 5013 0
909 5034 0
908 5057 0
908 5080 0
908 5102 0
907 5121 0
906 5137 0
905 5152 0
904 5162 0
904 5168 0
904 5171 0
903 5164 0
902 5151 0
.PEN_UP
.PEN_DOWN
739 4981 0
736 4981 0
733 4982 0
730 4982 0
734 4982 0
743 4981 0
759 4979 0
784 4977 0
815 4974 0
850 4971 0
883 4967 0
913 4964 0
938 4962 0
960 4960 0
981 4959 0
997 4958 0
1006 4958 0
1011 4958 0
1008 4955 0
1001 4950 0
990 4942 0
.PEN_UP
.PEN_DOWN
726 4797 0
729 4800 0
733 4805 0
741 4813 0
752 4825 0
766 4838 0
780 4852 0
795 4866 0
813 4882 0
833 4899 0
851 4915 0
866 4930 0
879 4945 0
891 4956 0
899 4963 0
904 4966 0
905 4962 0
905 4957 0
905 4948 0
.PEN_UP
