.VERSION 1.0 
.HIERARCHY CHARACTER
.COORD X Y T
.SEGMENT CHARACTER 0-1 OK "82"
.H_LINE 7874 8750
.V_LINE 3500 4250
.X_DIM 750
.Y_DIM 875
.X_POINTS_PER_INCH 1000
.Y_POINTS_PER_INCH 1000
.POINTS_PER_SECOND 125
.COMMENT CALIB X: -139 Y: -75

.WRITER_INFO
 Name: V CHANDRASEKHARAN
 WriterId: 45
 Hand: right
 EducationLevel: post graduate
 Gender: male
 Profession: professor
 Region: puttaparthi
 Age: 53
 DeviceType: digimemo a402
 SkillDevice: average
 Language: hindi
 Script: indic
 Native: false
 Style: discrete
 UsageFreq: rarely
 Proficiency: average
 Date: 2007-6-20
 WritingInProfession: no

.PEN_DOWN
3651 8117 0
3655 8120 0
3661 8122 0
3672 8122 0
3690 8122 0
3713 8121 0
3743 8119 0
3778 8117 0
3811 8114 0
3841 8112 0
3865 8110 0
3890 8109 0
3916 8108 0
3938 8107 0
3954 8106 0
3964 8106 0
3969 8106 0
3965 8106 0
3956 8109 0
.PEN_UP
.PEN_DOWN
3736 8285 0
3739 8284 0
3742 8284 0
3745 8286 0
3748 8290 0
3750 8294 0
3750 8298 0
3750 8303 0
3748 8308 0
3744 8312 0
3739 8316 0
3733 8319 0
3726 8321 0
3719 8322 0
3713 8320 0
3706 8316 0
3699 8310 0
3692 8301 0
3686 8292 0
3682 8283 0
3680 8276 0
3679 8270 0
3680 8264 0
3682 8260 0
3685 8256 0
3690 8253 0
3699 8249 0
3712 8245 0
3725 8242 0
3738 8241 0
3751 8240 0
3762 8241 0
3772 8241 0
3778 8242 0
3783 8244 0
3787 8245 0
3789 8248 0
3791 8251 0
3793 8255 0
3795 8258 0
3796 8261 0
3797 8265 0
3798 8268 0
3799 8271 0
3800 8274 0
3801 8278 0
3801 8282 0
3802 8288 0
3802 8294 0
3802 8300 0
3803 8306 0
3803 8311 0
3804 8315 0
3804 8318 0
3804 8321 0
3804 8324 0
3804 8327 0
3804 8330 0
3803 8334 0
3802 8339 0
3800 8343 0
3799 8348 0
3798 8352 0
3797 8355 0
3795 8358 0
3794 8362 0
3793 8365 0
3791 8368 0
3789 8371 0
3785 8374 0
3781 8376 0
3775 8378 0
3769 8381 0
3760 8383 0
3750 8384 0
3743 8385 0
3737 8385 0
3731 8385 0
3725 8384 0
3721 8383 0
3718 8383 0
3723 8381 0
3731 8380 0
3742 8379 0
3754 8378 0
3768 8377 0
3781 8377 0
3793 8378 0
3805 8380 0
3819 8381 0
3831 8383 0
3841 8383 0
3850 8384 0
3858 8384 0
3863 8383 0
3868 8383 0
3871 8384 0
3874 8383 0
3871 8383 0
.PEN_UP
