.VERSION 1.0 
.HIERARCHY CHARACTER
.COORD X Y T
.SEGMENT CHARACTER 0-3 OK "96"
.H_LINE 2999 3874
.V_LINE 1999 2749
.X_DIM 749
.Y_DIM 874
.X_POINTS_PER_INCH 1000
.Y_POINTS_PER_INCH 1000
.POINTS_PER_SECOND 125
.COMMENT CALIB X: -50 Y: -86

.WRITER_INFO
 Name: V CHANDRASEKHARAN
 WriterId: 45
 Hand: right
 EducationLevel: post graduate
 Gender: male
 Profession: professor
 Region: puttaparthi
 Age: 53
 DeviceType: digimemo a402
 SkillDevice: average
 Language: hindi
 Script: indic
 Native: false
 Style: discrete
 UsageFreq: rarely
 Proficiency: average
 Date: 2007-6-20
 WritingInProfession: no

.PEN_DOWN
2225 3252 0
2222 3252 0
2224 3255 0
2228 3257 0
2238 3258 0
2251 3258 0
2269 3257 0
2293 3256 0
2318 3255 0
2346 3254 0
2373 3252 0
2398 3251 0
2419 3249 0
2438 3248 0
2453 3246 0
2464 3245 0
2471 3244 0
2475 3243 0
2475 3246 0
2472 3254 0
.PEN_UP
.PEN_DOWN
2365 3273 0
2365 3270 0
2365 3275 0
2366 3282 0
2367 3292 0
2369 3302 0
2371 3315 0
2372 3328 0
2373 3341 0
2374 3357 0
2375 3376 0
2376 3397 0
2377 3421 0
2377 3444 0
2378 3467 0
2377 3488 0
2377 3503 0
2377 3518 0
2376 3529 0
2375 3536 0
2375 3541 0
2374 3537 0
2375 3531 0
2375 3524 0
2376 3519 0
2375 3516 0
.PEN_UP
.PEN_DOWN
2228 3538 0
2230 3541 0
2231 3537 0
2230 3531 0
2229 3524 0
2228 3516 0
2229 3506 0
2229 3496 0
2230 3486 0
2229 3473 0
2231 3460 0
2234 3448 0
2238 3438 0
2241 3429 0
2244 3422 0
2247 3416 0
2250 3411 0
2253 3407 0
2258 3403 0
2263 3401 0
2269 3399 0
2275 3398 0
2283 3396 0
2292 3396 0
2303 3397 0
2314 3397 0
2325 3398 0
2335 3401 0
2344 3404 0
2352 3407 0
2362 3411 0
2371 3416 0
2377 3421 0
2381 3426 0
2383 3430 0
2385 3435 0
2386 3441 0
2387 3447 0
2387 3454 0
2387 3460 0
2386 3467 0
2385 3473 0
2384 3479 0
2383 3484 0
2382 3487 0
2381 3484 0
2381 3479 0
2383 3469 0
2384 3460 0
2385 3453 0
2386 3445 0
2388 3436 0
2390 3427 0
2395 3418 0
2406 3408 0
2417 3402 0
2425 3398 0
2432 3395 0
2439 3394 0
2445 3395 0
2451 3397 0
2456 3399 0
2460 3401 0
2463 3405 0
2465 3410 0
2467 3416 0
2469 3425 0
2471 3434 0
2472 3443 0
2473 3454 0
2474 3466 0
2475 3476 0
2476 3486 0
2477 3495 0
2477 3505 0
2477 3511 0
2478 3516 0
2478 3519 0
2477 3516 0
2475 3511 0
2470 3502 0
.PEN_UP
.PEN_DOWN
2378 3408 0
2375 3406 0
2371 3405 0
2364 3405 0
2349 3405 0
2327 3404 0
2305 3403 0
2282 3403 0
2261 3404 0
2243 3404 0
2220 3403 0
2199 3402 0
2182 3401 0
2170 3400 0
2163 3399 0
2158 3399 0
2161 3399 0
2165 3400 0
.PEN_UP
