.VERSION 1.0 
.HIERARCHY CHARACTER
.COORD X Y T
.SEGMENT CHARACTER 0-1 OK "99"
.H_LINE 2999 3874
.V_LINE 6500 7250
.X_DIM 750
.Y_DIM 874
.X_POINTS_PER_INCH 1000
.Y_POINTS_PER_INCH 1000
.POINTS_PER_SECOND 125
.COMMENT CALIB X: -27 Y: -117

.WRITER_INFO
 Name: V CHANDRASEKHARAN
 WriterId: 45
 Hand: right
 EducationLevel: post graduate
 Gender: male
 Profession: professor
 Region: puttaparthi
 Age: 53
 DeviceType: digimemo a402
 SkillDevice: average
 Language: hindi
 Script: indic
 Native: false
 Style: discrete
 UsageFreq: rarely
 Proficiency: average
 Date: 2007-6-20
 WritingInProfession: no

.PEN_DOWN
6646 3282 0
6644 3279 0
6648 3278 0
6656 3277 0
6672 3276 0
6694 3275 0
6717 3273 0
6740 3271 0
6767 3269 0
6797 3267 0
6828 3266 0
6856 3266 0
6879 3265 0
6895 3265 0
6904 3265 0
6908 3265 0
6901 3265 0
6890 3266 0
6876 3267 0
.PEN_UP
.PEN_DOWN
6808 3258 0
6811 3260 0
6814 3262 0
6817 3266 0
6819 3270 0
6820 3275 0
6821 3282 0
6821 3288 0
6822 3294 0
6823 3301 0
6824 3306 0
6824 3311 0
6824 3315 0
6825 3320 0
6825 3324 0
6822 3321 0
6817 3318 0
6809 3316 0
6797 3314 0
6784 3313 0
6773 3314 0
6762 3314 0
6755 3315 0
6749 3318 0
6742 3324 0
6736 3329 0
6731 3335 0
6728 3340 0
6727 3345 0
6726 3351 0
6726 3356 0
6726 3361 0
6727 3366 0
6728 3370 0
6730 3374 0
6734 3380 0
6740 3384 0
6748 3388 0
6758 3391 0
6766 3393 0
6774 3394 0
6780 3395 0
6787 3395 0
6798 3394 0
6809 3393 0
6819 3391 0
6829 3389 0
6836 3388 0
6839 3387 0
6836 3387 0
6833 3387 0
6827 3388 0
6819 3390 0
6809 3392 0
6801 3394 0
6791 3396 0
6782 3398 0
6775 3400 0
6770 3402 0
6765 3406 0
6762 3410 0
6760 3414 0
6758 3418 0
6757 3424 0
6755 3432 0
6754 3440 0
6752 3448 0
6751 3456 0
6751 3463 0
6751 3470 0
6752 3476 0
6754 3480 0
6756 3483 0
6759 3486 0
6762 3488 0
6766 3490 0
6773 3491 0
6783 3492 0
6795 3492 0
6805 3492 0
6813 3492 0
6821 3491 0
6828 3490 0
6835 3489 0
6840 3488 0
6843 3487 0
6846 3487 0
6849 3486 0
6852 3484 0
6856 3482 0
6859 3478 0
6862 3475 0
6865 3471 0
6868 3468 0
6870 3465 0
6870 3462 0
6870 3459 0
6866 3456 0
6863 3455 0
6859 3455 0
6854 3457 0
6848 3460 0
6842 3464 0
6835 3469 0
6828 3475 0
6824 3482 0
6821 3489 0
6819 3495 0
6819 3500 0
6821 3508 0
6825 3516 0
6833 3526 0
6841 3535 0
6849 3543 0
6857 3549 0
6865 3555 0
6873 3561 0
6880 3568 0
6885 3573 0
6889 3578 0
6893 3583 0
6896 3586 0
6896 3580 0
6891 3580 0
.PEN_UP
