179.0,81.0
182.0,81.0
185.0,81.0
191.0,81.0
194.0,81.0
199.0,81.0
203.0,81.0
210.0,84.0
213.0,85.0
217.0,88.0
220.0,89.0
222.0,92.0
223.0,94.0
223.0,97.0
223.0,98.0
223.0,101.0
223.0,105.0
222.0,109.0
219.0,113.0
213.0,119.0
210.0,121.0
208.0,124.0
205.0,125.0
202.0,127.0
196.0,128.0
192.0,129.0
188.0,131.0
184.0,132.0
178.0,132.0
175.0,133.0
171.0,133.0
168.0,133.0
165.0,133.0
164.0,133.0
163.0,133.0
161.0,133.0
160.0,133.0
161.0,133.0
165.0,133.0
171.0,133.0
177.0,133.0
181.0,133.0
189.0,135.0
195.0,136.0
206.0,139.0
212.0,141.0
222.0,143.0
227.0,145.0
236.0,147.0
240.0,149.0
247.0,153.0
253.0,155.0
260.0,158.0
267.0,159.0
274.0,162.0
280.0,164.0
284.0,165.0
286.0,165.0
288.0,166.0
289.0,166.0
291.0,166.0
-1.0,-1.0
306.0,92.0
303.0,93.0
301.0,95.0
298.0,95.0
295.0,96.0
291.0,97.0
284.0,99.0
279.0,101.0
275.0,103.0
274.0,103.0
271.0,104.0
271.0,105.0
271.0,106.0
270.0,106.0
270.0,108.0
268.0,110.0
268.0,112.0
267.0,116.0
267.0,118.0
265.0,120.0
265.0,122.0
265.0,124.0
265.0,126.0
265.0,128.0
265.0,129.0
265.0,130.0
265.0,132.0
268.0,133.0
271.0,135.0
275.0,135.0
279.0,135.0
285.0,135.0
289.0,135.0
294.0,132.0
296.0,131.0
299.0,129.0
302.0,128.0
305.0,125.0
306.0,124.0
309.0,122.0
310.0,119.0
312.0,118.0
313.0,116.0
315.0,113.0
315.0,111.0
316.0,109.0
316.0,108.0
317.0,106.0
317.0,104.0
317.0,103.0
317.0,101.0
319.0,99.0
319.0,98.0
319.0,97.0
319.0,96.0
319.0,95.0
319.0,93.0
319.0,92.0
319.0,91.0
319.0,90.0
319.0,89.0
319.0,88.0
319.0,86.0
319.0,85.0
319.0,84.0
319.0,86.0
319.0,89.0
319.0,93.0
319.0,97.0
319.0,101.0
319.0,104.0
319.0,108.0
319.0,116.0
319.0,120.0
319.0,125.0
319.0,128.0
319.0,130.0
319.0,132.0
319.0,135.0
320.0,137.0
320.0,139.0
320.0,140.0
320.0,142.0
320.0,143.0
320.0,144.0
-1.0,-1.0
165.0,70.0
168.0,70.0
174.0,70.0
176.0,70.0
183.0,69.0
189.0,69.0
199.0,69.0
205.0,69.0
221.0,67.0
238.0,67.0
265.0,67.0
273.0,67.0
278.0,67.0
281.0,67.0
285.0,67.0
288.0,67.0
293.0,67.0
294.0,67.0
297.0,67.0
300.0,67.0
302.0,67.0
305.0,67.0
309.0,67.0
311.0,67.0
314.0,67.0
315.0,67.0
318.0,67.0
319.0,67.0
322.0,67.0
323.0,67.0
325.0,67.0
326.0,67.0
328.0,67.0
329.0,67.0
331.0,67.0
332.0,67.0
333.0,67.0
335.0,67.0
336.0,67.0
338.0,67.0
-1.0,-1.0
 
