292.0,59.0
292.0,60.0
290.0,62.0
290.0,64.0
289.0,68.0
289.0,72.0
287.0,76.0
287.0,79.0
287.0,85.0
287.0,88.0
287.0,95.0
287.0,99.0
287.0,105.0
287.0,108.0
287.0,113.0
289.0,115.0
290.0,119.0
292.0,120.0
294.0,122.0
294.0,123.0
296.0,125.0
297.0,126.0
299.0,127.0
300.0,129.0
301.0,130.0
304.0,132.0
306.0,133.0
307.0,135.0
309.0,135.0
309.0,136.0
310.0,136.0
310.0,137.0
311.0,137.0
-1.0,-1.0
354.0,79.0
353.0,79.0
351.0,79.0
348.0,79.0
346.0,79.0
344.0,79.0
341.0,79.0
339.0,79.0
337.0,79.0
334.0,79.0
333.0,79.0
332.0,79.0
330.0,79.0
329.0,79.0
327.0,79.0
326.0,80.0
326.0,83.0
325.0,83.0
323.0,85.0
322.0,86.0
322.0,87.0
320.0,88.0
320.0,90.0
319.0,90.0
319.0,91.0
319.0,92.0
319.0,93.0
319.0,94.0
319.0,95.0
317.0,97.0
317.0,98.0
317.0,99.0
317.0,101.0
317.0,103.0
319.0,104.0
319.0,105.0
320.0,106.0
322.0,106.0
322.0,107.0
323.0,107.0
325.0,108.0
326.0,108.0
327.0,108.0
329.0,108.0
332.0,108.0
333.0,108.0
336.0,108.0
339.0,108.0
341.0,108.0
343.0,108.0
346.0,107.0
348.0,106.0
350.0,105.0
351.0,103.0
354.0,100.0
354.0,99.0
355.0,97.0
357.0,95.0
357.0,94.0
358.0,92.0
360.0,91.0
360.0,90.0
360.0,88.0
361.0,87.0
361.0,85.0
363.0,85.0
363.0,83.0
363.0,81.0
363.0,80.0
363.0,79.0
363.0,78.0
363.0,77.0
363.0,76.0
363.0,74.0
363.0,73.0
363.0,72.0
363.0,71.0
363.0,70.0
363.0,69.0
363.0,67.0
363.0,70.0
363.0,71.0
363.0,74.0
364.0,79.0
364.0,83.0
364.0,85.0
365.0,87.0
365.0,88.0
365.0,91.0
365.0,93.0
367.0,94.0
367.0,95.0
367.0,97.0
367.0,98.0
367.0,99.0
367.0,100.0
367.0,101.0
367.0,103.0
368.0,104.0
368.0,105.0
368.0,106.0
368.0,107.0
-1.0,-1.0
284.0,55.0
286.0,55.0
288.0,55.0
291.0,55.0
295.0,55.0
302.0,55.0
308.0,55.0
315.0,54.0
317.0,54.0
322.0,54.0
326.0,54.0
330.0,54.0
334.0,54.0
338.0,54.0
340.0,54.0
344.0,54.0
346.0,54.0
348.0,54.0
351.0,54.0
353.0,54.0
354.0,54.0
355.0,54.0
358.0,54.0
360.0,54.0
361.0,54.0
362.0,54.0
364.0,54.0
365.0,54.0
367.0,54.0
368.0,54.0
-1.0,-1.0
 
