210.0,111.0
211.0,111.0
214.0,111.0
215.0,112.0
218.0,114.0
221.0,115.0
224.0,118.0
226.0,119.0
229.0,121.0
231.0,122.0
234.0,126.0
235.0,127.0
236.0,130.0
238.0,133.0
239.0,135.0
241.0,136.0
241.0,139.0
242.0,140.0
242.0,141.0
242.0,143.0
242.0,146.0
242.0,148.0
242.0,153.0
242.0,156.0
242.0,163.0
242.0,167.0
241.0,172.0
239.0,174.0
238.0,177.0
236.0,180.0
234.0,183.0
232.0,184.0
228.0,187.0
226.0,189.0
222.0,190.0
219.0,191.0
217.0,193.0
215.0,194.0
211.0,194.0
203.0,195.0
197.0,195.0
190.0,195.0
188.0,195.0
187.0,195.0
184.0,194.0
180.0,193.0
174.0,189.0
170.0,187.0
166.0,184.0
165.0,183.0
165.0,181.0
163.0,179.0
163.0,176.0
163.0,175.0
163.0,172.0
163.0,170.0
163.0,168.0
165.0,166.0
166.0,163.0
167.0,163.0
167.0,162.0
169.0,162.0
170.0,161.0
173.0,161.0
174.0,161.0
176.0,161.0
177.0,161.0
180.0,161.0
183.0,161.0
186.0,161.0
188.0,161.0
190.0,162.0
193.0,163.0
196.0,166.0
200.0,168.0
203.0,170.0
207.0,174.0
210.0,175.0
212.0,179.0
214.0,181.0
215.0,184.0
217.0,188.0
218.0,191.0
219.0,194.0
221.0,197.0
222.0,200.0
224.0,203.0
225.0,206.0
228.0,209.0
229.0,211.0
231.0,213.0
232.0,215.0
235.0,217.0
238.0,220.0
239.0,221.0
243.0,222.0
245.0,223.0
248.0,224.0
250.0,224.0
253.0,224.0
255.0,224.0
256.0,224.0
257.0,224.0
259.0,224.0
260.0,224.0
262.0,224.0
263.0,224.0
-1.0,-1.0
314.0,109.0
314.0,112.0
316.0,118.0
316.0,121.0
316.0,125.0
316.0,129.0
316.0,134.0
317.0,136.0
317.0,138.0
317.0,141.0
317.0,144.0
317.0,145.0
317.0,148.0
317.0,149.0
318.0,150.0
318.0,151.0
318.0,152.0
318.0,154.0
318.0,156.0
318.0,157.0
318.0,159.0
318.0,161.0
318.0,162.0
318.0,163.0
318.0,164.0
320.0,164.0
320.0,166.0
320.0,169.0
320.0,171.0
320.0,173.0
321.0,176.0
321.0,178.0
321.0,181.0
321.0,182.0
321.0,183.0
321.0,184.0
321.0,185.0
321.0,186.0
323.0,186.0
323.0,189.0
323.0,190.0
323.0,191.0
323.0,192.0
323.0,190.0
323.0,188.0
323.0,183.0
323.0,179.0
323.0,173.0
321.0,169.0
321.0,165.0
321.0,164.0
321.0,162.0
320.0,161.0
320.0,159.0
318.0,158.0
317.0,157.0
316.0,156.0
313.0,155.0
310.0,154.0
307.0,152.0
304.0,151.0
303.0,151.0
301.0,151.0
300.0,151.0
299.0,151.0
297.0,151.0
296.0,151.0
294.0,151.0
293.0,151.0
292.0,151.0
290.0,151.0
287.0,152.0
285.0,152.0
282.0,155.0
280.0,156.0
279.0,157.0
278.0,157.0
276.0,158.0
275.0,159.0
273.0,161.0
273.0,162.0
272.0,163.0
270.0,164.0
270.0,165.0
270.0,166.0
269.0,170.0
269.0,173.0
268.0,176.0
268.0,178.0
268.0,179.0
268.0,181.0
268.0,182.0
268.0,183.0
268.0,184.0
268.0,186.0
269.0,188.0
269.0,189.0
270.0,190.0
272.0,190.0
273.0,191.0
275.0,191.0
275.0,192.0
276.0,192.0
278.0,192.0
279.0,193.0
280.0,193.0
282.0,193.0
283.0,193.0
285.0,193.0
286.0,193.0
287.0,193.0
289.0,193.0
290.0,193.0
292.0,193.0
293.0,193.0
294.0,193.0
296.0,193.0
299.0,193.0
300.0,192.0
301.0,191.0
303.0,191.0
304.0,190.0
304.0,189.0
306.0,189.0
306.0,188.0
307.0,186.0
309.0,185.0
310.0,185.0
310.0,184.0
311.0,184.0
311.0,183.0
313.0,183.0
314.0,182.0
314.0,181.0
316.0,179.0
317.0,178.0
317.0,177.0
318.0,177.0
318.0,176.0
320.0,176.0
320.0,175.0
320.0,173.0
-1.0,-1.0
179.0,112.0
182.0,112.0
187.0,112.0
192.0,112.0
200.0,112.0
204.0,112.0
211.0,112.0
216.0,112.0
221.0,112.0
224.0,112.0
227.0,112.0
228.0,112.0
231.0,111.0
235.0,111.0
240.0,111.0
244.0,111.0
248.0,111.0
251.0,109.0
254.0,109.0
258.0,109.0
263.0,109.0
268.0,109.0
271.0,109.0
273.0,109.0
278.0,109.0
282.0,109.0
285.0,108.0
289.0,108.0
292.0,108.0
294.0,108.0
297.0,108.0
300.0,108.0
303.0,108.0
306.0,108.0
309.0,108.0
310.0,108.0
311.0,108.0
314.0,108.0
316.0,108.0
317.0,108.0
318.0,108.0
320.0,108.0
321.0,108.0
323.0,108.0
325.0,108.0
327.0,108.0
328.0,108.0
330.0,108.0
331.0,108.0
332.0,108.0
334.0,108.0
335.0,108.0
337.0,108.0
338.0,108.0
339.0,108.0
341.0,108.0
342.0,108.0
344.0,108.0
-1.0,-1.0
 
