273.0,45.0
273.0,47.0
273.0,54.0
275.0,59.0
277.0,82.0
277.0,104.0
280.0,133.0
280.0,143.0
280.0,152.0
280.0,155.0
280.0,160.0
280.0,161.0
280.0,164.0
280.0,166.0
278.0,167.0
277.0,168.0
275.0,170.0
274.0,170.0
274.0,171.0
273.0,171.0
275.0,171.0
277.0,171.0
280.0,171.0
282.0,172.0
287.0,173.0
290.0,174.0
295.0,175.0
299.0,178.0
308.0,180.0
312.0,182.0
315.0,184.0
319.0,185.0
323.0,186.0
330.0,189.0
335.0,191.0
339.0,193.0
342.0,194.0
346.0,197.0
349.0,198.0
351.0,199.0
-1.0,-1.0
375.0,95.0
370.0,94.0
366.0,93.0
361.0,91.0
358.0,91.0
353.0,90.0
351.0,90.0
346.0,90.0
344.0,90.0
341.0,90.0
339.0,90.0
335.0,90.0
334.0,90.0
331.0,93.0
328.0,94.0
325.0,97.0
324.0,100.0
321.0,103.0
320.0,106.0
318.0,108.0
318.0,110.0
317.0,111.0
317.0,114.0
317.0,116.0
317.0,118.0
317.0,120.0
317.0,121.0
317.0,123.0
317.0,125.0
317.0,129.0
317.0,131.0
318.0,134.0
321.0,136.0
323.0,137.0
324.0,138.0
325.0,140.0
328.0,141.0
330.0,141.0
332.0,142.0
334.0,142.0
335.0,142.0
337.0,142.0
339.0,142.0
341.0,142.0
344.0,142.0
345.0,142.0
349.0,142.0
352.0,140.0
356.0,137.0
358.0,135.0
362.0,131.0
365.0,128.0
369.0,124.0
370.0,122.0
373.0,118.0
376.0,115.0
379.0,111.0
379.0,110.0
380.0,107.0
382.0,106.0
383.0,102.0
384.0,98.0
384.0,97.0
386.0,96.0
386.0,94.0
386.0,91.0
386.0,90.0
386.0,88.0
386.0,87.0
386.0,83.0
386.0,82.0
386.0,79.0
386.0,76.0
386.0,75.0
386.0,73.0
386.0,71.0
386.0,69.0
386.0,68.0
386.0,67.0
386.0,66.0
386.0,64.0
386.0,63.0
384.0,62.0
384.0,61.0
384.0,60.0
383.0,59.0
383.0,57.0
383.0,56.0
383.0,59.0
383.0,61.0
383.0,66.0
383.0,70.0
383.0,77.0
383.0,81.0
384.0,88.0
384.0,91.0
386.0,98.0
386.0,103.0
387.0,111.0
387.0,115.0
389.0,122.0
389.0,125.0
389.0,130.0
389.0,133.0
390.0,135.0
390.0,137.0
390.0,138.0
390.0,140.0
390.0,141.0
390.0,143.0
390.0,145.0
390.0,148.0
390.0,149.0
390.0,151.0
390.0,152.0
391.0,152.0
391.0,154.0
391.0,155.0
391.0,157.0
391.0,158.0
391.0,160.0
391.0,161.0
391.0,162.0
391.0,163.0
391.0,164.0
391.0,165.0
391.0,167.0
391.0,168.0
391.0,169.0
391.0,170.0
391.0,171.0
391.0,172.0
391.0,174.0
391.0,175.0
391.0,176.0
393.0,177.0
393.0,178.0
393.0,179.0
393.0,181.0
393.0,182.0
394.0,183.0
394.0,184.0
394.0,185.0
394.0,186.0
394.0,188.0
396.0,189.0
-1.0,-1.0
238.0,42.0
239.0,42.0
242.0,42.0
246.0,42.0
253.0,42.0
260.0,43.0
270.0,43.0
274.0,43.0
280.0,43.0
283.0,43.0
288.0,44.0
290.0,44.0
294.0,44.0
297.0,44.0
301.0,45.0
304.0,45.0
305.0,45.0
307.0,46.0
310.0,46.0
314.0,46.0
317.0,47.0
321.0,47.0
322.0,47.0
326.0,49.0
329.0,49.0
333.0,49.0
336.0,49.0
340.0,49.0
342.0,49.0
345.0,50.0
348.0,50.0
350.0,50.0
352.0,50.0
355.0,50.0
356.0,50.0
357.0,50.0
360.0,51.0
363.0,51.0
367.0,51.0
369.0,51.0
371.0,51.0
374.0,51.0
377.0,52.0
378.0,52.0
381.0,52.0
383.0,52.0
384.0,52.0
386.0,52.0
387.0,52.0
388.0,52.0
390.0,52.0
391.0,52.0
393.0,52.0
394.0,52.0
395.0,52.0
397.0,52.0
400.0,52.0
401.0,52.0
402.0,52.0
404.0,52.0
405.0,52.0
407.0,52.0
408.0,52.0
-1.0,-1.0
 
