.VERSION 1.0 
.HIERARCHY CHARACTER
.COORD X Y T
.SEGMENT CHARACTER 0-2 OK "20"
.H_LINE 7874 8750
.V_LINE 499 1250
.X_DIM 750
.Y_DIM 875
.X_POINTS_PER_INCH 1000
.Y_POINTS_PER_INCH 1000
.POINTS_PER_SECOND 125
.COMMENT CALIB X: -29 Y: -144

.WRITER_INFO
 Name: AKSHAY
 WriterId: 77
 Hand: right
 EducationLevel: college graduate
 Gender: male
 Profession: student
 Region: chennai
 Age: 21
 DeviceType: digimemo a402
 SkillDevice: average
 Language: hindi
 Script: indic
 Native: false
 Style: discrete
 UsageFreq: once a month
 Proficiency: average
 Date: 2007-6-30
 WritingInProfession: no

.PEN_DOWN
734 8064 0
735 8067 0
738 8070 0
743 8075 0
751 8079 0
759 8083 0
765 8086 0
764 8089 0
759 8091 0
751 8092 0
739 8093 0
726 8097 0
709 8102 0
690 8109 0
672 8117 0
656 8126 0
645 8136 0
639 8149 0
640 8162 0
647 8175 0
660 8186 0
678 8194 0
696 8199 0
712 8203 0
723 8205 0
730 8208 0
733 8214 0
731 8223 0
727 8232 0
722 8242 0
714 8251 0
706 8259 0
697 8264 0
689 8267 0
682 8269 0
676 8269 0
671 8267 0
668 8263 0
669 8258 0
672 8253 0
677 8248 0
685 8245 0
694 8246 0
705 8248 0
716 8253 0
727 8261 0
737 8268 0
747 8275 0
757 8279 0
767 8281 0
.PEN_UP
.PEN_DOWN
747 8169 0
750 8168 0
757 8167 0
770 8167 0
787 8167 0
807 8166 0
827 8163 0
844 8158 0
859 8150 0
872 8141 0
882 8130 0
888 8119 0
890 8109 0
891 8098 0
891 8087 0
890 8077 0
889 8071 0
888 8068 0
888 8076 0
888 8093 0
887 8118 0
884 8146 0
882 8176 0
880 8201 0
878 8222 0
878 8237 0
879 8246 0
881 8250 0
884 8251 0
889 8247 0
898 8237 0
908 8223 0
.PEN_UP
.PEN_DOWN
711 8047 0
708 8046 0
712 8045 0
721 8045 0
738 8045 0
768 8044 0
816 8042 0
872 8041 0
925 8040 0
968 8039 0
1004 8040 0
1031 8040 0
1047 8041 0
1054 8042 0
1049 8044 0
1046 8045 0
.PEN_UP
