.VERSION 1.0 
.HIERARCHY CHARACTER
.COORD X Y T
.SEGMENT CHARACTER 0-2 OK "102"
.H_LINE 4624 5499
.V_LINE 3500 4250
.X_DIM 750
.Y_DIM 874
.X_POINTS_PER_INCH 1000
.Y_POINTS_PER_INCH 1000
.POINTS_PER_SECOND 125
.COMMENT CALIB X: -31 Y: -176

.WRITER_INFO
 Name: AKSHAY
 WriterId: 77
 Hand: right
 EducationLevel: college graduate
 Gender: male
 Profession: student
 Region: chennai
 Age: 21
 DeviceType: digimemo a402
 SkillDevice: average
 Language: hindi
 Script: indic
 Native: false
 Style: discrete
 UsageFreq: once a month
 Proficiency: average
 Date: 2007-6-30
 WritingInProfession: no

.PEN_DOWN
3770 4826 0
3772 4832 0
3775 4844 0
3779 4860 0
3783 4879 0
3786 4897 0
3790 4912 0
3793 4924 0
3795 4931 0
3796 4935 0
3791 4934 0
3784 4931 0
3775 4928 0
3764 4925 0
3753 4924 0
3741 4929 0
3731 4938 0
3723 4949 0
3718 4961 0
3717 4974 0
3719 4985 0
3724 4993 0
3734 4998 0
3747 5000 0
3762 5000 0
3778 4998 0
3793 4996 0
3803 4995 0
3808 4993 0
3811 4992 0
3808 4996 0
3803 5001 0
3799 5010 0
3796 5024 0
3793 5040 0
3792 5057 0
3792 5073 0
3795 5085 0
3800 5093 0
3807 5098 0
3815 5095 0
.PEN_UP
.PEN_DOWN
3696 5043 0
3702 5040 0
3710 5035 0
3719 5029 0
3727 5023 0
3733 5019 0
3736 5016 0
3733 5013 0
3726 5013 0
3716 5016 0
3704 5023 0
3690 5031 0
3676 5042 0
3664 5054 0
3654 5064 0
3649 5073 0
3649 5081 0
3653 5086 0
3663 5090 0
3678 5089 0
3695 5086 0
3711 5081 0
3723 5076 0
3729 5073 0
3732 5072 0
3729 5075 0
3724 5081 0
3718 5089 0
3713 5099 0
3708 5111 0
3706 5121 0
3708 5129 0
3712 5135 0
3719 5138 0
3729 5137 0
3741 5131 0
3756 5121 0
3774 5110 0
3793 5094 0
.PEN_UP
.PEN_DOWN
3608 4820 0
3603 4821 0
3600 4822 0
3604 4825 0
3616 4827 0
3640 4828 0
3672 4825 0
3707 4821 0
3747 4817 0
3791 4814 0
3833 4814 0
3868 4816 0
.PEN_UP
