.VERSION 1.0 
.HIERARCHY CHARACTER
.COORD X Y T
.SEGMENT CHARACTER 0-3 OK "2"
.H_LINE 1374 2249
.V_LINE 3500 4250
.X_DIM 750
.Y_DIM 874
.X_POINTS_PER_INCH 1000
.Y_POINTS_PER_INCH 1000
.POINTS_PER_SECOND 125
.COMMENT CALIB X: -28 Y: -36

.WRITER_INFO
 Name: RAJESH BABU
 WriterId: 89
 Hand: right
 EducationLevel: post graduate
 Gender: male
 Profession: research scholar
 Region: hyderabad
 Age: 27
 DeviceType: digimemo a402
 SkillDevice: average
 Language: hindi
 Script: indic
 Native: false
 Style: discrete
 UsageFreq: once a month
 Proficiency: average
 Date: 2007-8-5
 WritingInProfession: no

.PEN_DOWN
3743 1854 0
3742 1851 0
3742 1848 0
3742 1845 0
3743 1841 0
3748 1836 0
3757 1831 0
3770 1827 0
3783 1825 0
3795 1827 0
3808 1831 0
3822 1838 0
3833 1844 0
3842 1852 0
3849 1862 0
3853 1872 0
3854 1881 0
3851 1890 0
3845 1899 0
3836 1908 0
3826 1915 0
3815 1920 0
3806 1923 0
3800 1925 0
3796 1926 0
3796 1922 0
3800 1917 0
3805 1912 0
3815 1908 0
3828 1904 0
3842 1901 0
3854 1900 0
3866 1900 0
3877 1902 0
3888 1906 0
3897 1912 0
3904 1918 0
3909 1926 0
3911 1935 0
3912 1946 0
3910 1958 0
3906 1970 0
3899 1981 0
3889 1991 0
3875 1999 0
3860 2006 0
3843 2011 0
3826 2014 0
3809 2013 0
3794 2009 0
3781 2005 0
3769 1999 0
3760 1994 0
3753 1989 0
3748 1984 0
3745 1980 0
3743 1974 0
3743 1970 0
.PEN_UP
.PEN_DOWN
3815 1900 0
3819 1901 0
3826 1902 0
3837 1902 0
3850 1901 0
3865 1900 0
3885 1899 0
3903 1898 0
3921 1896 0
3937 1893 0
3949 1889 0
3959 1885 0
3966 1881 0
3969 1876 0
3971 1869 0
3971 1862 0
3969 1854 0
3966 1845 0
3963 1837 0
3959 1830 0
3956 1824 0
3954 1820 0
3951 1820 0
3950 1823 0
3950 1828 0
3950 1837 0
3951 1848 0
3952 1861 0
3955 1873 0
3958 1886 0
3960 1899 0
3964 1913 0
3967 1927 0
3969 1939 0
3970 1947 0
3971 1953 0
3972 1957 0
3971 1951 0
.PEN_UP
.PEN_DOWN
3992 1845 0
3992 1842 0
3992 1838 0
3992 1835 0
3991 1839 0
3991 1843 0
3991 1849 0
3992 1858 0
3994 1868 0
3996 1877 0
3997 1889 0
4000 1904 0
4003 1917 0
4006 1930 0
4008 1943 0
4010 1954 0
4012 1963 0
4013 1970 0
4013 1975 0
4013 1979 0
4013 1982 0
4013 1982 0
.PEN_UP
.PEN_DOWN
3908 1813 0
3911 1814 0
3918 1814 0
3931 1812 0
3947 1810 0
3965 1807 0
3987 1803 0
4013 1798 0
4042 1793 0
4068 1789 0
4088 1787 0
4100 1785 0
4106 1784 0
4106 1784 0
.PEN_UP
