.VERSION 1.0 
.HIERARCHY CHARACTER
.COORD X Y T
.SEGMENT CHARACTER 0-1 OK "39"
.H_LINE 2999 3874
.V_LINE 6500 7250
.X_DIM 750
.Y_DIM 874
.X_POINTS_PER_INCH 1000
.Y_POINTS_PER_INCH 1000
.POINTS_PER_SECOND 125
.COMMENT CALIB X: -33 Y: -136

.WRITER_INFO
 Name: RAJESH BABU
 WriterId: 89
 Hand: right
 EducationLevel: post graduate
 Gender: male
 Profession: research scholar
 Region: hyderabad
 Age: 27
 DeviceType: digimemo a402
 SkillDevice: average
 Language: hindi
 Script: indic
 Native: false
 Style: discrete
 UsageFreq: once a month
 Proficiency: average
 Date: 2007-8-5
 WritingInProfession: no

.PEN_DOWN
7004 3396 0
7003 3393 0
7002 3389 0
7001 3385 0
7001 3381 0
7001 3378 0
7001 3375 0
7001 3380 0
7002 3389 0
7004 3406 0
7007 3424 0
7010 3440 0
7013 3453 0
7017 3466 0
7020 3476 0
7022 3483 0
7024 3488 0
7025 3491 0
7025 3485 0
7023 3474 0
7020 3460 0
7016 3445 0
7011 3432 0
7005 3420 0
7000 3411 0
6993 3406 0
6983 3404 0
6973 3407 0
6962 3415 0
6952 3426 0
6944 3440 0
6938 3454 0
6935 3468 0
6934 3481 0
6935 3491 0
6938 3498 0
6942 3503 0
6945 3504 0
6948 3501 0
6950 3496 0
6951 3489 0
6952 3476 0
6952 3461 0
6949 3445 0
6944 3432 0
6938 3421 0
6932 3413 0
6923 3407 0
6912 3405 0
6898 3407 0
6884 3413 0
6868 3420 0
6856 3431 0
6847 3445 0
6840 3460 0
6836 3477 0
6835 3493 0
6837 3506 0
6841 3517 0
6849 3526 0
6858 3533 0
6868 3538 0
6878 3541 0
6890 3541 0
6901 3540 0
.PEN_UP
.PEN_DOWN
6840 3339 0
6843 3339 0
6848 3339 0
6859 3340 0
6872 3341 0
6887 3342 0
6907 3344 0
6933 3345 0
6961 3345 0
6992 3343 0
7028 3341 0
7065 3338 0
7098 3335 0
7120 3331 0
.PEN_UP
