.VERSION 1.0 
.HIERARCHY CHARACTER
.COORD X Y T
.SEGMENT CHARACTER 0-2 OK "41"
.H_LINE 4624 5499
.V_LINE 1999 2749
.X_DIM 749
.Y_DIM 874
.X_POINTS_PER_INCH 1000
.Y_POINTS_PER_INCH 1000
.POINTS_PER_SECOND 125
.COMMENT CALIB X: -73 Y: -54

.WRITER_INFO
 Name: RAJESH BABU
 WriterId: 89
 Hand: right
 EducationLevel: post graduate
 Gender: male
 Profession: research scholar
 Region: hyderabad
 Age: 27
 DeviceType: digimemo a402
 SkillDevice: average
 Language: hindi
 Script: indic
 Native: false
 Style: discrete
 UsageFreq: once a month
 Proficiency: average
 Date: 2007-8-5
 WritingInProfession: no

.PEN_DOWN
2393 5080 0
2391 5084 0
2388 5089 0
2383 5096 0
2376 5102 0
2367 5107 0
2358 5111 0
2347 5115 0
2337 5118 0
2324 5120 0
2312 5121 0
2302 5119 0
2291 5116 0
2282 5112 0
2276 5106 0
2271 5100 0
2270 5093 0
2271 5086 0
2274 5077 0
2282 5067 0
2295 5057 0
2311 5049 0
2327 5043 0
2340 5040 0
2351 5040 0
2361 5043 0
2371 5049 0
2380 5056 0
2387 5064 0
2393 5075 0
2397 5086 0
2399 5097 0
2400 5109 0
2397 5120 0
2392 5132 0
2384 5145 0
2373 5157 0
2359 5169 0
2343 5180 0
2325 5188 0
2309 5195 0
2294 5199 0
2281 5200 0
2271 5197 0
2263 5192 0
2256 5186 0
2252 5180 0
2250 5174 0
2250 5169 0
2251 5164 0
2253 5161 0
2256 5157 0
2259 5155 0
2262 5154 0
2265 5155 0
2267 5158 0
2269 5161 0
2271 5164 0
2273 5167 0
2275 5171 0
2278 5175 0
2282 5180 0
2286 5186 0
2292 5191 0
2297 5197 0
2305 5205 0
2316 5213 0
2328 5221 0
2343 5229 0
2359 5237 0
2377 5244 0
2395 5250 0
2413 5254 0
2428 5255 0
.PEN_UP
.PEN_DOWN
2464 5067 0
2463 5059 0
2462 5054 0
2461 5051 0
2460 5048 0
2460 5045 0
2459 5042 0
2458 5047 0
2458 5055 0
2460 5066 0
2462 5080 0
2465 5096 0
2469 5110 0
2472 5124 0
2475 5138 0
2478 5151 0
2480 5165 0
2482 5176 0
2484 5185 0
2485 5192 0
2486 5196 0
2486 5196 0
.PEN_UP
.PEN_DOWN
2417 5026 0
2417 5023 0
2413 5022 0
2410 5022 0
2407 5024 0
2404 5026 0
2408 5028 0
2415 5029 0
2428 5027 0
2447 5024 0
2475 5019 0
2512 5013 0
2553 5005 0
.PEN_UP
