.VERSION 1.0 
.HIERARCHY CHARACTER
.COORD X Y T
.SEGMENT CHARACTER 0-1 OK "82"
.H_LINE 7874 8750
.V_LINE 3500 4250
.X_DIM 750
.Y_DIM 875
.X_POINTS_PER_INCH 1000
.Y_POINTS_PER_INCH 1000
.POINTS_PER_SECOND 125
.COMMENT CALIB X: -190 Y: -97

.WRITER_INFO
 Name: RAJESH BABU
 WriterId: 89
 Hand: right
 EducationLevel: post graduate
 Gender: male
 Profession: research scholar
 Region: hyderabad
 Age: 27
 DeviceType: digimemo a402
 SkillDevice: average
 Language: hindi
 Script: indic
 Native: false
 Style: discrete
 UsageFreq: once a month
 Proficiency: average
 Date: 2007-8-5
 WritingInProfession: no

.PEN_DOWN
3723 8302 0
3719 8305 0
3714 8308 0
3707 8310 0
3700 8312 0
3695 8313 0
3689 8315 0
3683 8317 0
3677 8318 0
3672 8318 0
3667 8318 0
3663 8317 0
3660 8315 0
3657 8312 0
3655 8309 0
3655 8305 0
3655 8301 0
3657 8298 0
3659 8295 0
3661 8292 0
3666 8288 0
3674 8285 0
3681 8283 0
3690 8281 0
3699 8280 0
3706 8280 0
3713 8280 0
3719 8281 0
3725 8283 0
3730 8285 0
3734 8288 0
3737 8294 0
3740 8303 0
3743 8312 0
3745 8322 0
3746 8333 0
3747 8346 0
3746 8360 0
3743 8373 0
3739 8385 0
3733 8396 0
3727 8406 0
3719 8414 0
3711 8420 0
3705 8423 0
3700 8425 0
3694 8425 0
3689 8423 0
3683 8421 0
3677 8417 0
3672 8412 0
3667 8406 0
3663 8400 0
3660 8395 0
3658 8389 0
3658 8384 0
3658 8381 0
3658 8378 0
3662 8377 0
3667 8376 0
3673 8376 0
3680 8376 0
3687 8377 0
3695 8379 0
3705 8381 0
3717 8384 0
3727 8386 0
3735 8388 0
3742 8389 0
3749 8390 0
3756 8391 0
3764 8392 0
3775 8392 0
3786 8392 0
3795 8393 0
3801 8393 0
3806 8394 0
3809 8394 0
3812 8393 0
3813 8390 0
.PEN_UP
.PEN_DOWN
3659 8230 0
3656 8230 0
3651 8229 0
3646 8228 0
3642 8228 0
3639 8228 0
3643 8226 0
3650 8225 0
3663 8223 0
3681 8220 0
3709 8216 0
3740 8212 0
3773 8205 0
3802 8195 0
.PEN_UP
