.VERSION 1.0 
.HIERARCHY CHARACTER
.COORD X Y T
.SEGMENT CHARACTER 0-3 OK "108"
.H_LINE 6249 7124
.V_LINE 5000 5750
.X_DIM 750
.Y_DIM 875
.X_POINTS_PER_INCH 1000
.Y_POINTS_PER_INCH 1000
.POINTS_PER_SECOND 125
.COMMENT CALIB X: -28 Y: -132

.WRITER_INFO
 Name: RAJESH BABU
 WriterId: 89
 Hand: right
 EducationLevel: post graduate
 Gender: male
 Profession: research scholar
 Region: hyderabad
 Age: 27
 DeviceType: digimemo a402
 SkillDevice: average
 Language: hindi
 Script: indic
 Native: false
 Style: discrete
 UsageFreq: once a month
 Proficiency: average
 Date: 2007-8-5
 WritingInProfession: no

.PEN_DOWN
5436 6526 0
5435 6523 0
5435 6519 0
5434 6516 0
5434 6513 0
5438 6518 0
5441 6524 0
5444 6530 0
5447 6535 0
5450 6539 0
5452 6542 0
5455 6544 0
5454 6541 0
5451 6538 0
5447 6534 0
5443 6531 0
5437 6528 0
5429 6526 0
5419 6527 0
5406 6529 0
5393 6532 0
5381 6535 0
5370 6539 0
5364 6542 0
5362 6546 0
5362 6550 0
5364 6556 0
5368 6561 0
5373 6567 0
5380 6572 0
5390 6577 0
5401 6580 0
5412 6582 0
5427 6582 0
5442 6582 0
5455 6582 0
5466 6583 0
5475 6585 0
5482 6588 0
5488 6591 0
5492 6594 0
5495 6599 0
5497 6605 0
5499 6610 0
5500 6616 0
5501 6622 0
5501 6628 0
5500 6633 0
5499 6637 0
5497 6642 0
5492 6647 0
5484 6652 0
5476 6657 0
5468 6661 0
5461 6663 0
5457 6663 0
5454 6662 0
5452 6658 0
5452 6655 0
5455 6653 0
.PEN_UP
.PEN_DOWN
5442 6602 0
5442 6599 0
5442 6596 0
5442 6593 0
5434 6591 0
5429 6590 0
5424 6589 0
5419 6589 0
5414 6589 0
5408 6590 0
5401 6592 0
5392 6596 0
5383 6603 0
5372 6612 0
5361 6624 0
5353 6639 0
5347 6657 0
5344 6676 0
5344 6695 0
5346 6712 0
5351 6727 0
5361 6740 0
5374 6751 0
5390 6760 0
5408 6766 0
5428 6768 0
5449 6768 0
5469 6766 0
.PEN_UP
.PEN_DOWN
5485 6656 0
5482 6655 0
5478 6655 0
5472 6658 0
5464 6663 0
5457 6669 0
5451 6676 0
5446 6685 0
5442 6694 0
5441 6703 0
5442 6711 0
5445 6719 0
5451 6726 0
5462 6730 0
5477 6731 0
5494 6729 0
5516 6726 0
5538 6718 0
.PEN_UP
.PEN_DOWN
5306 6511 0
5303 6511 0
5300 6511 0
5305 6512 0
5314 6513 0
5329 6514 0
5352 6513 0
5380 6512 0
5411 6510 0
5440 6508 0
5464 6505 0
5484 6503 0
5501 6501 0
5513 6499 0
5520 6498 0
5523 6497 0
5523 6497 0
.PEN_UP
