.VERSION 1.0 
.HIERARCHY CHARACTER
.COORD X Y T
.SEGMENT CHARACTER 0-1 OK "23"
.H_LINE 7874 8750
.V_LINE 5000 5750
.X_DIM 750
.Y_DIM 875
.X_POINTS_PER_INCH 1000
.Y_POINTS_PER_INCH 1000
.POINTS_PER_SECOND 125
.COMMENT CALIB X: -5 Y: -173

.WRITER_INFO
 Name: SAI GUNARANJAN
 WriterId: 104
 Hand: right
 EducationLevel: college graduate
 Gender: male
 Profession: student
 Region: kerala
 Age: 22
 DeviceType: digimemo a402
 SkillDevice: average
 Language: hindi
 Script: indic
 Native: false
 Style: discrete
 UsageFreq: rarely
 Proficiency: average
 Date: 2007-9-20
 WritingInProfession: no

.PEN_DOWN
5247 8187 0
5248 8183 0
5249 8188 0
5250 8195 0
5250 8205 0
5250 8217 0
5251 8230 0
5252 8242 0
5252 8256 0
5253 8270 0
5253 8286 0
5253 8301 0
5253 8313 0
5253 8325 0
5254 8337 0
5255 8346 0
5256 8352 0
5257 8355 0
5257 8351 0
5257 8346 0
5257 8340 0
5256 8333 0
5254 8326 0
5253 8321 0
5251 8318 0
5248 8317 0
5243 8317 0
5238 8319 0
5233 8323 0
5226 8329 0
5220 8339 0
5214 8351 0
5210 8365 0
5207 8380 0
5205 8394 0
5205 8407 0
5206 8418 0
5207 8428 0
5209 8437 0
5212 8445 0
5215 8451 0
5220 8456 0
5225 8460 0
5232 8463 0
5238 8463 0
5244 8464 0
5251 8464 0
5258 8462 0
5264 8459 0
5271 8454 0
5279 8447 0
5286 8439 0
5293 8430 0
5299 8422 0
5303 8413 0
5306 8403 0
5308 8393 0
5308 8383 0
5307 8373 0
5305 8364 0
5303 8356 0
5300 8350 0
5296 8346 0
5289 8343 0
5280 8342 0
5267 8342 0
5258 8343 0
5250 8345 0
5243 8343 0
.PEN_UP
.PEN_DOWN
5184 8181 0
5189 8181 0
5198 8181 0
5209 8177 0
5222 8173 0
5236 8170 0
5249 8165 0
5261 8160 0
5272 8156 0
5283 8152 0
5296 8149 0
5310 8147 0
5322 8146 0
5335 8147 0
5348 8150 0
5360 8154 0
5378 8156 0
.PEN_UP
