.VERSION 1.0 
.HIERARCHY CHARACTER
.COORD X Y T
.SEGMENT CHARACTER 0-2 OK "97"
.H_LINE 2999 3874
.V_LINE 3500 4250
.X_DIM 750
.Y_DIM 874
.X_POINTS_PER_INCH 1000
.Y_POINTS_PER_INCH 1000
.POINTS_PER_SECOND 125
.COMMENT CALIB X: -52 Y: -176

.WRITER_INFO
 Name: SAI GUNARANJAN
 WriterId: 104
 Hand: right
 EducationLevel: college graduate
 Gender: male
 Profession: student
 Region: kerala
 Age: 22
 DeviceType: digimemo a402
 SkillDevice: average
 Language: hindi
 Script: indic
 Native: false
 Style: discrete
 UsageFreq: rarely
 Proficiency: average
 Date: 2007-9-20
 WritingInProfession: no

.PEN_DOWN
3745 3346 0
3745 3342 0
3746 3336 0
3747 3333 0
3748 3341 0
3749 3352 0
3751 3370 0
3754 3390 0
3756 3410 0
3758 3429 0
3760 3446 0
3762 3459 0
3762 3470 0
3762 3478 0
3762 3482 0
3760 3479 0
3758 3476 0
3755 3473 0
3752 3471 0
3748 3470 0
3744 3471 0
3739 3472 0
3733 3474 0
3729 3478 0
3724 3483 0
3719 3489 0
3713 3498 0
3710 3505 0
3709 3511 0
3709 3516 0
3710 3521 0
3712 3525 0
3715 3528 0
3718 3530 0
3722 3532 0
3728 3534 0
3734 3534 0
3740 3535 0
3744 3535 0
3748 3535 0
3751 3535 0
3751 3535 0
.PEN_UP
.PEN_DOWN
3735 3535 0
3735 3539 0
3734 3544 0
3734 3551 0
3735 3559 0
3736 3568 0
3737 3577 0
3738 3586 0
3739 3593 0
3740 3599 0
3741 3603 0
3740 3600 0
3739 3596 0
3738 3591 0
3736 3587 0
3733 3585 0
3729 3584 0
3724 3586 0
3716 3591 0
3710 3598 0
3704 3608 0
3699 3620 0
3695 3631 0
3693 3643 0
3693 3654 0
3694 3664 0
3697 3672 0
3701 3678 0
3706 3681 0
3712 3682 0
3719 3681 0
3726 3679 0
3734 3676 0
3740 3673 0
3745 3668 0
3749 3662 0
.PEN_UP
.PEN_DOWN
3608 3310 0
3613 3309 0
3624 3307 0
3640 3304 0
3660 3300 0
3683 3297 0
3707 3292 0
3736 3289 0
3771 3287 0
3812 3286 0
3852 3288 0
3887 3292 0
.PEN_UP
