313.0,77.0
313.0,79.0
313.0,85.0
313.0,90.0
313.0,96.0
313.0,99.0
313.0,101.0
313.0,104.0
313.0,106.0
313.0,107.0
313.0,108.0
313.0,110.0
313.0,111.0
313.0,112.0
313.0,113.0
313.0,114.0
313.0,115.0
313.0,117.0
313.0,118.0
313.0,120.0
313.0,122.0
312.0,122.0
312.0,124.0
310.0,125.0
310.0,126.0
309.0,127.0
307.0,128.0
306.0,130.0
303.0,132.0
302.0,134.0
297.0,138.0
296.0,140.0
293.0,144.0
290.0,145.0
289.0,148.0
286.0,149.0
285.0,152.0
283.0,154.0
282.0,157.0
281.0,158.0
279.0,161.0
279.0,162.0
278.0,166.0
278.0,168.0
278.0,171.0
278.0,173.0
278.0,176.0
278.0,178.0
278.0,182.0
278.0,185.0
281.0,189.0
283.0,192.0
286.0,195.0
289.0,198.0
293.0,201.0
296.0,202.0
299.0,205.0
302.0,206.0
306.0,207.0
309.0,207.0
313.0,208.0
316.0,208.0
321.0,208.0
326.0,207.0
333.0,205.0
335.0,203.0
341.0,200.0
344.0,199.0
348.0,196.0
350.0,194.0
352.0,192.0
355.0,188.0
358.0,185.0
359.0,181.0
361.0,176.0
362.0,174.0
362.0,171.0
362.0,169.0
362.0,167.0
362.0,165.0
362.0,162.0
361.0,158.0
359.0,155.0
358.0,152.0
355.0,149.0
352.0,146.0
351.0,144.0
348.0,141.0
347.0,140.0
344.0,138.0
341.0,137.0
338.0,135.0
337.0,134.0
334.0,133.0
333.0,132.0
330.0,131.0
328.0,131.0
326.0,130.0
324.0,128.0
323.0,128.0
321.0,127.0
319.0,127.0
317.0,127.0
316.0,126.0
314.0,126.0
314.0,125.0
313.0,125.0
-1.0,-1.0
274.0,86.0
274.0,85.0
275.0,84.0
276.0,81.0
279.0,79.0
282.0,77.0
288.0,74.0
292.0,72.0
300.0,69.0
305.0,67.0
312.0,65.0
316.0,64.0
319.0,64.0
323.0,63.0
329.0,63.0
336.0,63.0
339.0,63.0
343.0,63.0
346.0,63.0
-1.0,-1.0
 
