370.0,38.0
370.0,39.0
372.0,40.0
372.0,43.0
373.0,44.0
373.0,46.0
373.0,47.0
373.0,48.0
375.0,52.0
375.0,53.0
376.0,56.0
376.0,57.0
376.0,58.0
376.0,59.0
376.0,60.0
375.0,61.0
373.0,63.0
372.0,63.0
369.0,65.0
366.0,66.0
356.0,72.0
345.0,78.0
327.0,89.0
321.0,96.0
312.0,102.0
309.0,105.0
305.0,110.0
302.0,112.0
299.0,117.0
299.0,121.0
297.0,124.0
295.0,127.0
295.0,128.0
295.0,129.0
294.0,132.0
294.0,135.0
294.0,137.0
294.0,141.0
294.0,142.0
294.0,144.0
294.0,146.0
294.0,149.0
294.0,150.0
297.0,154.0
300.0,156.0
302.0,159.0
305.0,161.0
312.0,163.0
316.0,164.0
325.0,167.0
329.0,167.0
336.0,167.0
343.0,167.0
351.0,167.0
360.0,164.0
371.0,158.0
378.0,154.0
384.0,152.0
387.0,151.0
390.0,147.0
392.0,146.0
397.0,142.0
399.0,139.0
404.0,134.0
407.0,131.0
409.0,127.0
411.0,125.0
412.0,123.0
414.0,120.0
415.0,118.0
415.0,117.0
416.0,114.0
416.0,113.0
416.0,112.0
416.0,111.0
416.0,110.0
416.0,107.0
416.0,105.0
416.0,101.0
416.0,100.0
415.0,99.0
414.0,97.0
411.0,93.0
409.0,91.0
407.0,87.0
404.0,85.0
399.0,83.0
398.0,80.0
395.0,79.0
394.0,78.0
391.0,77.0
387.0,74.0
384.0,72.0
380.0,70.0
378.0,67.0
376.0,66.0
374.0,66.0
373.0,65.0
370.0,63.0
367.0,63.0
366.0,61.0
-1.0,-1.0
314.0,39.0
318.0,38.0
322.0,36.0
326.0,36.0
331.0,35.0
336.0,33.0
364.0,29.0
395.0,23.0
433.0,21.0
443.0,21.0
455.0,19.0
465.0,19.0
475.0,19.0
478.0,19.0
482.0,19.0
485.0,19.0
488.0,19.0
489.0,19.0
492.0,19.0
492.0,20.0
-1.0,-1.0
 
