281.0,68.0
280.0,71.0
280.0,74.0
280.0,77.0
280.0,80.0
280.0,82.0
280.0,86.0
280.0,87.0
280.0,91.0
280.0,93.0
280.0,95.0
280.0,98.0
280.0,99.0
280.0,100.0
280.0,101.0
280.0,104.0
280.0,106.0
280.0,107.0
280.0,109.0
280.0,111.0
280.0,113.0
280.0,115.0
280.0,118.0
280.0,119.0
278.0,121.0
277.0,122.0
276.0,124.0
274.0,125.0
271.0,127.0
270.0,128.0
267.0,131.0
264.0,132.0
261.0,135.0
259.0,138.0
256.0,140.0
253.0,142.0
252.0,145.0
250.0,147.0
247.0,151.0
246.0,152.0
246.0,154.0
246.0,155.0
245.0,156.0
243.0,161.0
243.0,163.0
243.0,168.0
243.0,170.0
243.0,174.0
243.0,178.0
245.0,181.0
246.0,183.0
250.0,187.0
253.0,188.0
254.0,189.0
257.0,190.0
260.0,192.0
266.0,194.0
271.0,194.0
278.0,195.0
283.0,195.0
288.0,195.0
291.0,194.0
297.0,192.0
301.0,190.0
305.0,187.0
308.0,186.0
312.0,182.0
314.0,181.0
315.0,180.0
316.0,178.0
318.0,175.0
319.0,173.0
319.0,170.0
321.0,168.0
321.0,166.0
321.0,162.0
321.0,161.0
321.0,159.0
321.0,158.0
319.0,154.0
318.0,151.0
315.0,147.0
312.0,142.0
309.0,140.0
308.0,138.0
307.0,135.0
304.0,133.0
301.0,129.0
298.0,127.0
295.0,125.0
292.0,122.0
288.0,121.0
287.0,120.0
284.0,119.0
283.0,118.0
280.0,118.0
278.0,118.0
277.0,118.0
276.0,118.0
-1.0,-1.0
245.0,73.0
247.0,72.0
250.0,70.0
256.0,67.0
260.0,66.0
267.0,64.0
273.0,61.0
277.0,60.0
280.0,60.0
285.0,59.0
298.0,58.0
313.0,58.0
326.0,58.0
333.0,58.0
340.0,58.0
-1.0,-1.0
 
265.0,96.0
268.0,96.0
271.0,96.0
275.0,96.0
278.0,97.0
281.0,97.0
282.0,99.0
284.0,101.0
287.0,103.0
288.0,104.0
289.0,107.0
291.0,108.0
291.0,109.0
291.0,110.0
291.0,112.0
291.0,113.0
291.0,114.0
291.0,115.0
291.0,117.0
289.0,120.0
289.0,121.0
288.0,122.0
287.0,124.0
284.0,129.0
280.0,134.0
275.0,141.0
271.0,145.0
268.0,149.0
267.0,152.0
264.0,156.0
263.0,158.0
261.0,162.0
261.0,164.0
260.0,166.0
260.0,168.0
258.0,170.0
258.0,172.0
257.0,173.0
257.0,175.0
257.0,176.0
257.0,177.0
257.0,178.0
257.0,179.0
257.0,181.0
258.0,182.0
260.0,183.0
263.0,184.0
264.0,185.0
265.0,185.0
268.0,185.0
274.0,185.0
278.0,185.0
285.0,185.0
289.0,184.0
298.0,181.0
302.0,178.0
312.0,170.0
321.0,164.0
335.0,148.0
341.0,141.0
347.0,132.0
350.0,127.0
350.0,123.0
350.0,120.0
350.0,117.0
350.0,116.0
350.0,113.0
350.0,111.0
348.0,110.0
347.0,107.0
345.0,106.0
344.0,105.0
341.0,103.0
340.0,102.0
337.0,100.0
336.0,98.0
333.0,97.0
330.0,96.0
327.0,95.0
326.0,95.0
323.0,93.0
321.0,93.0
320.0,93.0
319.0,93.0
317.0,93.0
316.0,93.0
314.0,93.0
313.0,95.0
312.0,97.0
309.0,98.0
307.0,99.0
305.0,100.0
303.0,103.0
302.0,103.0
300.0,104.0
299.0,104.0
298.0,105.0
296.0,106.0
295.0,106.0
295.0,107.0
293.0,109.0
292.0,109.0
292.0,110.0
-1.0,-1.0
236.0,95.0
237.0,95.0
241.0,93.0
244.0,92.0
250.0,91.0
254.0,91.0
260.0,90.0
264.0,90.0
267.0,90.0
268.0,90.0
271.0,89.0
275.0,89.0
278.0,89.0
281.0,89.0
282.0,89.0
285.0,89.0
286.0,89.0
288.0,89.0
289.0,89.0
289.0,88.0
290.0,88.0
292.0,88.0
293.0,88.0
295.0,88.0
-1.0,-1.0
 
