378.0,37.0
380.0,41.0
382.0,45.0
385.0,53.0
386.0,58.0
389.0,66.0
390.0,69.0
392.0,75.0
393.0,78.0
393.0,81.0
394.0,84.0
394.0,87.0
394.0,88.0
394.0,89.0
394.0,91.0
393.0,91.0
390.0,91.0
387.0,91.0
385.0,91.0
380.0,92.0
376.0,92.0
371.0,93.0
366.0,94.0
361.0,95.0
356.0,96.0
351.0,99.0
349.0,99.0
347.0,101.0
344.0,102.0
342.0,104.0
342.0,105.0
341.0,105.0
341.0,106.0
341.0,107.0
341.0,111.0
341.0,113.0
341.0,119.0
341.0,121.0
341.0,126.0
341.0,129.0
342.0,135.0
344.0,139.0
349.0,146.0
354.0,149.0
361.0,155.0
366.0,160.0
374.0,163.0
379.0,166.0
385.0,167.0
389.0,168.0
392.0,168.0
396.0,168.0
400.0,168.0
410.0,168.0
416.0,168.0
425.0,168.0
431.0,166.0
439.0,162.0
444.0,160.0
454.0,154.0
458.0,151.0
463.0,144.0
465.0,143.0
465.0,141.0
467.0,138.0
467.0,136.0
467.0,134.0
465.0,130.0
464.0,129.0
461.0,126.0
458.0,123.0
455.0,121.0
452.0,118.0
448.0,116.0
447.0,115.0
443.0,113.0
440.0,111.0
437.0,110.0
434.0,109.0
430.0,108.0
427.0,107.0
423.0,107.0
421.0,106.0
419.0,106.0
417.0,106.0
414.0,106.0
413.0,106.0
412.0,106.0
410.0,106.0
407.0,106.0
406.0,106.0
405.0,106.0
403.0,106.0
402.0,106.0
400.0,106.0
399.0,106.0
398.0,106.0
396.0,106.0
395.0,106.0
393.0,106.0
392.0,106.0
390.0,104.0
389.0,104.0
388.0,104.0
386.0,103.0
385.0,103.0
383.0,103.0
383.0,102.0
382.0,102.0
381.0,102.0
-1.0,-1.0
341.0,47.0
344.0,47.0
347.0,47.0
352.0,46.0
357.0,46.0
364.0,45.0
368.0,45.0
376.0,45.0
381.0,43.0
386.0,43.0
390.0,43.0
396.0,43.0
400.0,43.0
402.0,42.0
405.0,42.0
407.0,42.0
412.0,42.0
414.0,42.0
417.0,42.0
-1.0,-1.0
 
