322.0,45.0
320.0,47.0
318.0,51.0
316.0,53.0
315.0,58.0
313.0,60.0
312.0,64.0
310.0,66.0
309.0,70.0
309.0,72.0
308.0,75.0
308.0,78.0
308.0,80.0
308.0,82.0
308.0,85.0
308.0,86.0
308.0,88.0
308.0,89.0
309.0,92.0
312.0,93.0
313.0,94.0
315.0,95.0
318.0,96.0
323.0,99.0
329.0,101.0
337.0,105.0
341.0,107.0
350.0,112.0
354.0,114.0
363.0,119.0
367.0,122.0
372.0,127.0
375.0,128.0
378.0,132.0
381.0,133.0
382.0,134.0
382.0,135.0
384.0,138.0
385.0,140.0
385.0,142.0
386.0,145.0
386.0,147.0
386.0,149.0
386.0,152.0
386.0,154.0
385.0,156.0
382.0,159.0
381.0,160.0
378.0,162.0
377.0,165.0
372.0,168.0
370.0,169.0
365.0,173.0
361.0,176.0
354.0,181.0
350.0,183.0
344.0,187.0
340.0,188.0
334.0,190.0
332.0,190.0
326.0,192.0
322.0,192.0
316.0,192.0
313.0,192.0
308.0,192.0
305.0,190.0
301.0,188.0
298.0,186.0
295.0,184.0
294.0,181.0
288.0,176.0
276.0,157.0
267.0,145.0
259.0,130.0
257.0,123.0
255.0,117.0
255.0,114.0
255.0,111.0
255.0,107.0
255.0,105.0
255.0,103.0
255.0,100.0
255.0,94.0
255.0,89.0
256.0,84.0
256.0,82.0
259.0,79.0
259.0,78.0
262.0,77.0
263.0,76.0
266.0,74.0
268.0,74.0
269.0,72.0
270.0,72.0
273.0,72.0
276.0,71.0
277.0,71.0
280.0,71.0
283.0,70.0
284.0,70.0
287.0,70.0
290.0,70.0
291.0,70.0
294.0,70.0
296.0,70.0
298.0,71.0
300.0,71.0
301.0,72.0
303.0,74.0
-1.0,-1.0
273.0,47.0
277.0,47.0
283.0,45.0
290.0,44.0
296.0,44.0
304.0,44.0
308.0,43.0
318.0,43.0
324.0,43.0
334.0,43.0
339.0,43.0
346.0,43.0
349.0,43.0
353.0,43.0
356.0,43.0
359.0,43.0
360.0,43.0
362.0,43.0
363.0,43.0
365.0,43.0
366.0,43.0
-1.0,-1.0
 
