.VERSION 1.0 
.HIERARCHY CHARACTER
.COORD X Y T
.SEGMENT CHARACTER 0-1 OK "93"
.H_LINE 1374 2249
.V_LINE 5000 5750
.X_DIM 750
.Y_DIM 874
.X_POINTS_PER_INCH 1000
.Y_POINTS_PER_INCH 1000
.POINTS_PER_SECOND 125
.COMMENT CALIB X: 144 Y: -47

.WRITER_INFO
 Name: L PRASHANT
 WriterId: 56
 Hand: right
 EducationLevel: post graduate
 Gender: male
 Profession: employee
 Region: visakhapatnam
 Age: 24
 DeviceType: digimemo a402
 SkillDevice: good
 Language: hindi
 Script: indic
 Native: false
 Style: discrete
 UsageFreq: rarely
 Proficiency: average
 Date: 2007-6-23
 WritingInProfession: no

.PEN_DOWN
5414 1573 0
5416 1567 0
5419 1566 0
5422 1567 0
5425 1571 0
5427 1577 0
5430 1584 0
5433 1592 0
5436 1599 0
5439 1606 0
5441 1611 0
5442 1615 0
5444 1618 0
5445 1621 0
5442 1618 0
5438 1615 0
5435 1614 0
5431 1613 0
5425 1614 0
5419 1615 0
5414 1616 0
5410 1618 0
5406 1620 0
5403 1622 0
5400 1625 0
5397 1627 0
5395 1630 0
5392 1634 0
5390 1638 0
5388 1643 0
5388 1646 0
5388 1650 0
5389 1653 0
5391 1657 0
5395 1663 0
5401 1668 0
5409 1672 0
5417 1675 0
5427 1677 0
5436 1679 0
5444 1680 0
5452 1680 0
5459 1680 0
5465 1680 0
5469 1680 0
5472 1680 0
5469 1678 0
5466 1677 0
5463 1676 0
5460 1675 0
5457 1674 0
5452 1674 0
5446 1674 0
5440 1674 0
5433 1674 0
5428 1674 0
5422 1674 0
5417 1675 0
5410 1676 0
5405 1678 0
5401 1681 0
5397 1684 0
5393 1689 0
5390 1693 0
5387 1698 0
5384 1704 0
5382 1710 0
5381 1716 0
5381 1723 0
5382 1730 0
5384 1737 0
5386 1744 0
5389 1751 0
5393 1758 0
5398 1763 0
5402 1767 0
5406 1770 0
5410 1772 0
5415 1773 0
5424 1774 0
5436 1774 0
5447 1775 0
5457 1776 0
5467 1777 0
5475 1777 0
5483 1777 0
5491 1777 0
5497 1777 0
5501 1777 0
5504 1777 0
5504 1781 0
5504 1781 0
.PEN_UP
.PEN_DOWN
5333 1541 0
5336 1539 0
5342 1538 0
5352 1537 0
5365 1537 0
5381 1537 0
5397 1537 0
5413 1538 0
5430 1538 0
5448 1537 0
5465 1536 0
5475 1537 0
5481 1537 0
5484 1537 0
5484 1537 0
.PEN_UP
