.VERSION 1.0 
.HIERARCHY CHARACTER
.COORD X Y T
.SEGMENT CHARACTER 0-3 OK "107"
.H_LINE 6249 7124
.V_LINE 3500 4250
.X_DIM 750
.Y_DIM 875
.X_POINTS_PER_INCH 1000
.Y_POINTS_PER_INCH 1000
.POINTS_PER_SECOND 125
.COMMENT CALIB X: 22 Y: -132

.WRITER_INFO
 Name: L PRASHANT
 WriterId: 56
 Hand: right
 EducationLevel: post graduate
 Gender: male
 Profession: employee
 Region: visakhapatnam
 Age: 24
 DeviceType: digimemo a402
 SkillDevice: good
 Language: hindi
 Script: indic
 Native: false
 Style: discrete
 UsageFreq: rarely
 Proficiency: average
 Date: 2007-6-23
 WritingInProfession: no

.PEN_DOWN
3798 6463 0
3798 6466 0
3798 6471 0
3799 6476 0
3800 6483 0
3800 6492 0
3801 6501 0
3802 6509 0
3802 6516 0
3802 6521 0
3802 6524 0
3801 6520 0
3800 6516 0
3799 6512 0
3797 6509 0
3794 6506 0
3789 6504 0
3784 6503 0
3778 6503 0
3772 6504 0
3766 6506 0
3760 6508 0
3755 6510 0
3750 6514 0
3746 6518 0
3742 6522 0
3739 6526 0
3739 6529 0
3741 6532 0
3745 6534 0
3750 6535 0
3756 6536 0
3762 6537 0
3768 6538 0
3774 6539 0
3779 6540 0
3784 6542 0
3788 6543 0
3792 6543 0
3796 6544 0
3800 6545 0
3804 6546 0
3808 6546 0
3811 6546 0
3814 6547 0
3816 6551 0
3817 6554 0
3819 6557 0
3820 6560 0
3820 6565 0
3821 6569 0
3820 6573 0
3819 6577 0
3818 6581 0
3816 6585 0
3813 6588 0
3810 6591 0
3806 6593 0
3802 6595 0
3797 6596 0
3790 6597 0
.PEN_UP
.PEN_DOWN
3760 6544 0
3756 6544 0
3752 6545 0
3747 6546 0
3741 6548 0
3734 6551 0
3728 6555 0
3721 6561 0
3714 6567 0
3709 6574 0
3706 6581 0
3704 6590 0
3705 6600 0
3709 6610 0
3715 6619 0
3723 6629 0
3731 6637 0
3741 6643 0
3750 6647 0
3758 6649 0
3765 6649 0
3770 6647 0
3775 6642 0
.PEN_UP
.PEN_DOWN
3783 6546 0
3780 6549 0
3777 6555 0
3771 6565 0
3764 6579 0
3754 6595 0
3742 6612 0
3731 6629 0
3721 6645 0
3712 6659 0
3706 6670 0
3702 6677 0
3700 6681 0
3700 6681 0
.PEN_UP
.PEN_DOWN
3746 6472 0
3743 6472 0
3740 6472 0
3737 6472 0
3740 6471 0
3748 6470 0
3760 6470 0
3774 6469 0
3790 6468 0
3805 6468 0
3820 6468 0
3834 6468 0
3846 6468 0
3854 6468 0
3859 6468 0
3862 6468 0
3862 6468 0
.PEN_UP
