.VERSION 1.0 
.HIERARCHY CHARACTER
.COORD X Y T
.SEGMENT CHARACTER 0-3 OK "108"
.H_LINE 6249 7124
.V_LINE 5000 5750
.X_DIM 750
.Y_DIM 875
.X_POINTS_PER_INCH 1000
.Y_POINTS_PER_INCH 1000
.POINTS_PER_SECOND 125
.COMMENT CALIB X: 53 Y: -134

.WRITER_INFO
 Name: L PRASHANT
 WriterId: 56
 Hand: right
 EducationLevel: post graduate
 Gender: male
 Profession: employee
 Region: visakhapatnam
 Age: 24
 DeviceType: digimemo a402
 SkillDevice: good
 Language: hindi
 Script: indic
 Native: false
 Style: discrete
 UsageFreq: rarely
 Proficiency: average
 Date: 2007-6-23
 WritingInProfession: no

.PEN_DOWN
5330 6413 0
5330 6418 0
5330 6424 0
5331 6432 0
5332 6442 0
5334 6452 0
5335 6460 0
5336 6468 0
5337 6475 0
5338 6480 0
5339 6483 0
5338 6480 0
5336 6477 0
5334 6473 0
5332 6470 0
5329 6468 0
5326 6466 0
5322 6464 0
5316 6464 0
5310 6465 0
5305 6466 0
5300 6466 0
5294 6468 0
5289 6470 0
5285 6471 0
5282 6472 0
5280 6475 0
5279 6478 0
5278 6481 0
5276 6484 0
5274 6488 0
5273 6493 0
5271 6497 0
5269 6501 0
5268 6504 0
5268 6507 0
5269 6510 0
5270 6514 0
5272 6517 0
5274 6520 0
5276 6523 0
5279 6525 0
5282 6527 0
5285 6530 0
5288 6532 0
5291 6534 0
5291 6534 0
.PEN_UP
.PEN_DOWN
5350 6546 0
5349 6542 0
5347 6539 0
5343 6536 0
5340 6534 0
5337 6532 0
5334 6530 0
5331 6528 0
5328 6527 0
5324 6526 0
5321 6525 0
5316 6525 0
5312 6525 0
5307 6526 0
5302 6527 0
5296 6528 0
5291 6528 0
5288 6529 0
5285 6531 0
5282 6533 0
5279 6536 0
5277 6539 0
5275 6542 0
5273 6545 0
5271 6548 0
5269 6551 0
5268 6554 0
5267 6558 0
5267 6563 0
5267 6569 0
5267 6576 0
5268 6584 0
5270 6592 0
5273 6602 0
5277 6612 0
5282 6622 0
5287 6630 0
5292 6636 0
5298 6641 0
5302 6643 0
5307 6645 0
5311 6647 0
5315 6648 0
5318 6648 0
.PEN_UP
.PEN_DOWN
5338 6552 0
5342 6551 0
5345 6550 0
5348 6550 0
5351 6552 0
5350 6556 0
5349 6559 0
5346 6562 0
5343 6565 0
5339 6568 0
5335 6572 0
5332 6575 0
5330 6578 0
5329 6582 0
5329 6587 0
5330 6592 0
5331 6597 0
5334 6603 0
5338 6607 0
5343 6611 0
5350 6613 0
5360 6614 0
5371 6613 0
5384 6609 0
5398 6603 0
5412 6594 0
.PEN_UP
.PEN_DOWN
5285 6393 0
5289 6393 0
5294 6393 0
5300 6393 0
5306 6393 0
5314 6392 0
5324 6392 0
5337 6391 0
5354 6390 0
5375 6391 0
5399 6392 0
5422 6390 0
5441 6391 0
.PEN_UP
