.VERSION 1.0 
.HIERARCHY CHARACTER
.COORD X Y T
.SEGMENT CHARACTER 0-3 OK "1"
.H_LINE 1374 2249
.V_LINE 1999 2749
.X_DIM 749
.Y_DIM 874
.X_POINTS_PER_INCH 1000
.Y_POINTS_PER_INCH 1000
.POINTS_PER_SECOND 125
.COMMENT CALIB X: -70 Y: -88

.WRITER_INFO
 Name: ANUJ SHUKLA
 WriterId: 78
 Hand: right
 EducationLevel: college graduate
 Gender: male
 Profession: student
 Region: bhopal
 Age: 21
 DeviceType: digimemo a402
 SkillDevice: average
 Language: hindi
 Script: indic
 Native: true
 Style: discrete
 UsageFreq: once a month
 Proficiency: average
 Date: 2007-6-30
 WritingInProfession: no

.PEN_DOWN
2112 1786 0
2112 1783 0
2112 1780 0
2112 1777 0
2114 1774 0
2118 1772 0
2122 1771 0
2129 1770 0
2136 1769 0
2144 1770 0
2153 1770 0
2162 1771 0
2170 1772 0
2177 1773 0
2182 1775 0
2185 1777 0
2187 1782 0
2188 1787 0
2189 1793 0
2189 1799 0
2189 1805 0
2189 1811 0
2188 1817 0
2185 1824 0
2180 1830 0
2174 1836 0
2165 1842 0
2156 1847 0
2147 1851 0
2139 1854 0
2133 1857 0
2129 1859 0
2126 1860 0
2129 1860 0
2137 1858 0
.PEN_UP
.PEN_DOWN
2130 1854 0
2133 1853 0
2136 1852 0
2139 1851 0
2143 1850 0
2148 1848 0
2153 1847 0
2158 1847 0
2162 1847 0
2168 1847 0
2172 1847 0
2175 1847 0
2178 1848 0
2181 1849 0
2185 1852 0
2188 1855 0
2192 1860 0
2196 1864 0
2199 1867 0
2202 1870 0
2205 1874 0
2208 1877 0
2211 1879 0
2213 1883 0
2215 1886 0
2216 1890 0
2218 1894 0
2220 1900 0
2222 1906 0
2223 1914 0
2223 1921 0
2223 1929 0
2222 1938 0
2219 1946 0
2216 1954 0
2213 1962 0
2209 1968 0
2205 1973 0
2202 1976 0
2195 1977 0
2185 1976 0
2172 1971 0
2156 1964 0
2138 1956 0
2118 1948 0
2101 1940 0
2085 1933 0
2071 1927 0
2062 1921 0
2059 1913 0
.PEN_UP
.PEN_DOWN
2202 1854 0
2206 1852 0
2215 1851 0
2226 1850 0
2240 1848 0
2255 1847 0
2269 1845 0
2281 1843 0
2289 1841 0
2293 1837 0
2293 1833 0
2290 1830 0
2286 1827 0
2282 1823 0
2279 1820 0
2277 1815 0
2276 1811 0
2276 1807 0
2276 1803 0
2276 1799 0
2276 1796 0
2274 1793 0
2274 1798 0
2275 1803 0
2276 1811 0
2277 1821 0
2279 1834 0
2281 1849 0
2282 1865 0
2284 1884 0
2285 1902 0
2286 1920 0
2287 1934 0
2288 1943 0
2288 1947 0
2285 1943 0
.PEN_UP
.PEN_DOWN
2209 1782 0
2205 1782 0
2212 1783 0
2223 1783 0
2245 1782 0
2274 1780 0
2310 1777 0
2344 1775 0
2373 1773 0
2393 1772 0
2406 1772 0
2412 1772 0
2416 1772 0
.PEN_UP
