.VERSION 1.0 
.HIERARCHY CHARACTER
.COORD X Y T
.SEGMENT CHARACTER 0-2 OK "6"
.H_LINE 2999 3874
.V_LINE 1999 2749
.X_DIM 749
.Y_DIM 874
.X_POINTS_PER_INCH 1000
.Y_POINTS_PER_INCH 1000
.POINTS_PER_SECOND 125
.COMMENT CALIB X: -26 Y: -134

.WRITER_INFO
 Name: ANUJ SHUKLA
 WriterId: 78
 Hand: right
 EducationLevel: college graduate
 Gender: male
 Profession: student
 Region: bhopal
 Age: 21
 DeviceType: digimemo a402
 SkillDevice: average
 Language: hindi
 Script: indic
 Native: true
 Style: discrete
 UsageFreq: once a month
 Proficiency: average
 Date: 2007-6-30
 WritingInProfession: no

.PEN_DOWN
2188 3309 0
2184 3309 0
2180 3308 0
2177 3307 0
2181 3308 0
2192 3308 0
2212 3308 0
2236 3307 0
2265 3306 0
2299 3305 0
2336 3303 0
2370 3302 0
2395 3300 0
2411 3299 0
2420 3299 0
2423 3298 0
2420 3297 0
2416 3297 0
2409 3298 0
2402 3299 0
.PEN_UP
.PEN_DOWN
2228 3325 0
2230 3322 0
2233 3318 0
2239 3315 0
2245 3312 0
2252 3310 0
2261 3310 0
2269 3312 0
2277 3315 0
2284 3320 0
2290 3325 0
2293 3331 0
2295 3339 0
2295 3348 0
2293 3358 0
2289 3367 0
2283 3377 0
2276 3386 0
2268 3394 0
2260 3399 0
2253 3403 0
2247 3407 0
2241 3410 0
2237 3412 0
2238 3409 0
2241 3406 0
2244 3404 0
2247 3403 0
2252 3401 0
2257 3400 0
2261 3399 0
2266 3399 0
2272 3399 0
2278 3400 0
2284 3402 0
2290 3407 0
2297 3414 0
2304 3422 0
2310 3432 0
2314 3442 0
2316 3453 0
2316 3463 0
2313 3473 0
2308 3483 0
2299 3491 0
2288 3499 0
2275 3503 0
2263 3504 0
2251 3502 0
2234 3494 0
2218 3484 0
2204 3474 0
2193 3463 0
2189 3452 0
.PEN_UP
.PEN_DOWN
2303 3425 0
2304 3422 0
2306 3419 0
2308 3416 0
2312 3412 0
2318 3408 0
2325 3405 0
2334 3404 0
2343 3404 0
2352 3406 0
2363 3410 0
2371 3416 0
2379 3424 0
2385 3432 0
2390 3442 0
2395 3452 0
2400 3462 0
2406 3471 0
2411 3479 0
2416 3485 0
2423 3488 0
2431 3487 0
2442 3480 0
.PEN_UP
