.VERSION 1.0 
.HIERARCHY CHARACTER
.COORD X Y T
.SEGMENT CHARACTER 0-4 OK "7"
.H_LINE 2999 3874
.V_LINE 3500 4250
.X_DIM 750
.Y_DIM 874
.X_POINTS_PER_INCH 1000
.Y_POINTS_PER_INCH 1000
.POINTS_PER_SECOND 125
.COMMENT CALIB X: -43 Y: -134

.WRITER_INFO
 Name: ANUJ SHUKLA
 WriterId: 78
 Hand: right
 EducationLevel: college graduate
 Gender: male
 Profession: student
 Region: bhopal
 Age: 21
 DeviceType: digimemo a402
 SkillDevice: average
 Language: hindi
 Script: indic
 Native: true
 Style: discrete
 UsageFreq: once a month
 Proficiency: average
 Date: 2007-6-30
 WritingInProfession: no

.PEN_DOWN
3641 3272 0
3638 3272 0
3635 3272 0
3640 3273 0
3653 3272 0
3676 3270 0
3705 3266 0
3744 3261 0
3793 3258 0
3845 3255 0
3888 3253 0
3918 3252 0
3935 3251 0
3943 3250 0
3933 3249 0
3916 3250 0
3893 3248 0
3868 3253 0
.PEN_UP
.PEN_DOWN
3754 3278 0
3753 3283 0
3753 3292 0
3754 3306 0
3755 3324 0
3756 3345 0
3757 3368 0
3757 3387 0
3757 3408 0
3757 3426 0
3756 3438 0
3755 3446 0
3755 3450 0
3754 3439 0
.PEN_UP
.PEN_DOWN
3646 3330 0
3654 3328 0
3668 3327 0
3685 3326 0
3701 3326 0
3716 3329 0
3728 3333 0
3737 3338 0
3744 3343 0
3749 3347 0
3751 3350 0
3750 3353 0
3747 3357 0
3742 3361 0
3736 3368 0
3730 3379 0
3717 3398 0
3701 3418 0
3680 3438 0
.PEN_UP
.PEN_DOWN
3759 3337 0
3762 3336 0
3769 3335 0
3781 3333 0
3796 3331 0
3811 3328 0
3827 3325 0
3843 3323 0
3855 3321 0
3861 3319 0
.PEN_UP
.PEN_DOWN
3872 3312 0
3872 3309 0
3872 3306 0
3872 3303 0
3863 3302 0
3858 3302 0
3855 3302 0
3852 3303 0
3849 3306 0
3846 3310 0
3842 3315 0
3839 3320 0
3838 3326 0
3837 3332 0
3837 3338 0
3838 3345 0
3840 3351 0
3843 3357 0
3848 3362 0
3853 3368 0
3859 3372 0
3864 3375 0
3869 3377 0
3872 3379 0
3871 3382 0
3871 3385 0
3873 3388 0
3870 3387 0
3867 3387 0
3864 3388 0
3861 3391 0
3857 3395 0
3852 3399 0
3846 3404 0
3840 3412 0
3835 3420 0
3831 3430 0
3827 3442 0
3825 3452 0
3826 3461 0
3829 3471 0
3836 3478 0
3848 3482 0
3864 3483 0
3886 3479 0
3911 3470 0
3935 3453 0
.PEN_UP
