.VERSION 1.0 
.HIERARCHY CHARACTER
.COORD X Y T
.SEGMENT CHARACTER 0-1 OK "28"
.H_LINE 9500 10374
.V_LINE 5000 5750
.X_DIM 750
.Y_DIM 874
.X_POINTS_PER_INCH 1000
.Y_POINTS_PER_INCH 1000
.POINTS_PER_SECOND 125
.COMMENT CALIB X: -36 Y: -143

.WRITER_INFO
 Name: ANUJ SHUKLA
 WriterId: 78
 Hand: right
 EducationLevel: college graduate
 Gender: male
 Profession: student
 Region: bhopal
 Age: 21
 DeviceType: digimemo a402
 SkillDevice: average
 Language: hindi
 Script: indic
 Native: true
 Style: discrete
 UsageFreq: once a month
 Proficiency: average
 Date: 2007-6-30
 WritingInProfession: no

.PEN_DOWN
5349 9732 0
5346 9731 0
5342 9729 0
5336 9727 0
5328 9725 0
5321 9722 0
5312 9718 0
5304 9713 0
5297 9707 0
5293 9702 0
5291 9696 0
5291 9691 0
5292 9687 0
5295 9683 0
5302 9679 0
5315 9676 0
5329 9675 0
5346 9677 0
5359 9682 0
5369 9689 0
5377 9697 0
5382 9706 0
5384 9717 0
5383 9728 0
5379 9738 0
5371 9749 0
5358 9759 0
5345 9766 0
5331 9771 0
5317 9774 0
5306 9775 0
5295 9775 0
5287 9775 0
5281 9774 0
5278 9773 0
5281 9771 0
5284 9771 0
5287 9771 0
5290 9774 0
5293 9776 0
5296 9777 0
5300 9781 0
5305 9784 0
5311 9787 0
5319 9791 0
5329 9796 0
5342 9802 0
5358 9807 0
5377 9809 0
5394 9810 0
5411 9808 0
5426 9803 0
5440 9797 0
5451 9786 0
5460 9775 0
5465 9763 0
5468 9752 0
5470 9741 0
5471 9733 0
5471 9727 0
5470 9722 0
5469 9717 0
5468 9713 0
5467 9716 0
5467 9721 0
5467 9728 0
5468 9737 0
5468 9749 0
5469 9762 0
5469 9778 0
5469 9797 0
5470 9820 0
5470 9843 0
5470 9862 0
5470 9877 0
5470 9884 0
5470 9887 0
5467 9876 0
.PEN_UP
.PEN_DOWN
5443 9692 0
5440 9692 0
5444 9691 0
5452 9690 0
5464 9688 0
5479 9686 0
5498 9684 0
5520 9684 0
5544 9682 0
5566 9681 0
.PEN_UP
