.VERSION 1.0 
.HIERARCHY CHARACTER
.COORD X Y T
.SEGMENT CHARACTER 0-3 OK "47"
.H_LINE 6249 7124
.V_LINE 3500 4250
.X_DIM 750
.Y_DIM 875
.X_POINTS_PER_INCH 1000
.Y_POINTS_PER_INCH 1000
.POINTS_PER_SECOND 125
.COMMENT CALIB X: -31 Y: -147

.WRITER_INFO
 Name: ANUJ SHUKLA
 WriterId: 78
 Hand: right
 EducationLevel: college graduate
 Gender: male
 Profession: student
 Region: bhopal
 Age: 21
 DeviceType: digimemo a402
 SkillDevice: average
 Language: hindi
 Script: indic
 Native: true
 Style: discrete
 UsageFreq: once a month
 Proficiency: average
 Date: 2007-6-30
 WritingInProfession: no

.PEN_DOWN
3956 6476 0
3955 6481 0
3956 6490 0
3957 6504 0
3958 6518 0
3959 6533 0
3959 6549 0
3958 6565 0
3957 6580 0
3957 6592 0
3957 6601 0
3958 6608 0
3958 6611 0
3958 6603 0
.PEN_UP
.PEN_DOWN
3826 6521 0
3833 6521 0
3846 6521 0
3864 6520 0
3887 6518 0
3910 6517 0
3929 6517 0
3944 6517 0
3953 6509 0
3957 6505 0
.PEN_UP
.PEN_DOWN
3876 6533 0
3880 6534 0
3883 6537 0
3886 6541 0
3889 6546 0
3890 6554 0
3889 6561 0
3887 6569 0
3883 6578 0
3876 6588 0
3863 6598 0
3849 6606 0
3834 6611 0
3819 6613 0
3805 6611 0
3792 6606 0
3782 6598 0
3775 6589 0
3770 6580 0
3767 6572 0
3765 6566 0
3765 6563 0
3768 6561 0
3771 6561 0
3774 6561 0
3779 6562 0
3784 6563 0
3788 6563 0
3791 6564 0
3794 6564 0
3797 6565 0
3800 6566 0
3802 6569 0
3803 6574 0
3805 6580 0
3807 6585 0
3810 6592 0
3813 6600 0
3815 6607 0
3817 6614 0
3818 6623 0
3818 6631 0
3818 6640 0
3817 6651 0
3816 6660 0
3816 6668 0
3817 6675 0
3821 6680 0
3830 6682 0
3848 6680 0
3869 6673 0
.PEN_UP
.PEN_DOWN
3886 6450 0
3877 6451 0
3868 6451 0
3863 6451 0
3866 6451 0
3876 6452 0
3898 6452 0
3927 6451 0
3956 6449 0
3982 6448 0
4004 6447 0
4022 6450 0
4022 6450 0
.PEN_UP
