.VERSION 1.0 
.HIERARCHY CHARACTER
.COORD X Y T
.SEGMENT CHARACTER 0-3 OK "102"
.H_LINE 4624 5499
.V_LINE 3500 4250
.X_DIM 750
.Y_DIM 874
.X_POINTS_PER_INCH 1000
.Y_POINTS_PER_INCH 1000
.POINTS_PER_SECOND 125
.COMMENT CALIB X: -27 Y: -144

.WRITER_INFO
 Name: ANUJ SHUKLA
 WriterId: 78
 Hand: right
 EducationLevel: college graduate
 Gender: male
 Profession: student
 Region: bhopal
 Age: 21
 DeviceType: digimemo a402
 SkillDevice: average
 Language: hindi
 Script: indic
 Native: true
 Style: discrete
 UsageFreq: once a month
 Proficiency: average
 Date: 2007-6-30
 WritingInProfession: no

.PEN_DOWN
3732 4891 0
3729 4891 0
3726 4891 0
3733 4895 0
3747 4897 0
3772 4897 0
3807 4896 0
3847 4894 0
3884 4891 0
3913 4888 0
3933 4885 0
3943 4883 0
3937 4888 0
3922 4892 0
.PEN_UP
.PEN_DOWN
3834 4904 0
3833 4907 0
3834 4912 0
3836 4920 0
3841 4931 0
3847 4943 0
3855 4953 0
3862 4962 0
3867 4970 0
3870 4976 0
3871 4980 0
3867 4979 0
3861 4978 0
3852 4980 0
3838 4984 0
3824 4989 0
3811 4995 0
3801 5003 0
3793 5012 0
3786 5022 0
3781 5031 0
3779 5039 0
3780 5048 0
3783 5057 0
3789 5064 0
3800 5071 0
3814 5076 0
3833 5079 0
3856 5080 0
3879 5079 0
3898 5076 0
3914 5072 0
3924 5068 0
3928 5063 0
3928 5057 0
3925 5051 0
3920 5046 0
3914 5042 0
3908 5040 0
3903 5039 0
3898 5039 0
3895 5041 0
3891 5045 0
3887 5053 0
3883 5065 0
3879 5080 0
3876 5098 0
3874 5120 0
3873 5143 0
3873 5162 0
3871 5178 0
3866 5189 0
3858 5198 0
3842 5192 0
.PEN_UP
.PEN_DOWN
3763 5054 0
3759 5055 0
3756 5057 0
3752 5061 0
3748 5067 0
3744 5076 0
3738 5089 0
3734 5101 0
3731 5112 0
3730 5122 0
3731 5130 0
3733 5136 0
3739 5140 0
3746 5140 0
3755 5138 0
3764 5133 0
3772 5128 0
3777 5123 0
3780 5119 0
3777 5121 0
3773 5124 0
3769 5126 0
3766 5129 0
3763 5133 0
3761 5137 0
3758 5141 0
3756 5147 0
3754 5156 0
3754 5165 0
3755 5175 0
3758 5185 0
3764 5193 0
3774 5198 0
3788 5200 0
3806 5196 0
3826 5187 0
3848 5173 0
3866 5155 0
3875 5136 0
.PEN_UP
.PEN_DOWN
3766 5066 0
3769 5070 0
3769 5074 0
3768 5080 0
3764 5085 0
3758 5090 0
.PEN_UP
