.VERSION 1.0 
.HIERARCHY CHARACTER
.COORD X Y T
.SEGMENT CHARACTER 0-1 OK "73"
.H_LINE 4624 5499
.V_LINE 5000 5750
.X_DIM 750
.Y_DIM 874
.X_POINTS_PER_INCH 1000
.Y_POINTS_PER_INCH 1000
.POINTS_PER_SECOND 125
.COMMENT CALIB X: 82 Y: -109

.WRITER_INFO
 Name: ANURAG
 WriterId: 35
 Hand: right
 EducationLevel: primary school
 Gender: male
 Profession: student
 Region: sikkim
 Age: 14
 DeviceType: digimemo a402
 SkillDevice: good
 Language: hindi
 Script: indic
 Native: false
 Style: discrete
 UsageFreq: every day
 Proficiency: average
 Date: 2007-6-16
 WritingInProfession: yes, but limited

.PEN_DOWN
5215 4960 0
5215 4969 0
5215 4977 0
5215 4985 0
5206 4993 0
5201 5001 0
5199 5008 0
5198 5014 0
5198 5019 0
5200 5024 0
5202 5029 0
5204 5033 0
5206 5038 0
5209 5043 0
5212 5045 0
5215 5047 0
5218 5049 0
5223 5052 0
5228 5055 0
5235 5058 0
5241 5060 0
5246 5062 0
5251 5064 0
5257 5065 0
5262 5066 0
5267 5067 0
5272 5067 0
5278 5069 0
5283 5066 0
5287 5063 0
5291 5061 0
5295 5059 0
5299 5057 0
5303 5054 0
5307 5051 0
5310 5049 0
5312 5046 0
5314 5043 0
5317 5039 0
5320 5035 0
5322 5031 0
5324 5028 0
5326 5025 0
5327 5021 0
5328 5018 0
5329 5015 0
5330 5010 0
5331 5004 0
5330 4998 0
5330 4991 0
5330 4985 0
5330 4979 0
5330 4973 0
5329 4967 0
5328 4963 0
5328 4959 0
5328 4959 0
.PEN_UP
.PEN_DOWN
5078 4960 0
5083 4960 0
5087 4962 0
5093 4963 0
5099 4964 0
5108 4965 0
5120 4965 0
5133 4964 0
5150 4963 0
5173 4963 0
5199 4962 0
5223 4962 0
5245 4962 0
5266 4962 0
5285 4961 0
5299 4959 0
5310 4958 0
5321 4956 0
5330 4954 0
5337 4953 0
5342 4953 0
5346 4953 0
5350 4952 0
5354 4951 0
5357 4951 0
5360 4952 0
.PEN_UP
