.VERSION 1.0 
.HIERARCHY CHARACTER
.COORD X Y T
.SEGMENT CHARACTER 0-1 OK "90"
.H_LINE 1374 2249
.V_LINE 499 1250
.X_DIM 750
.Y_DIM 874
.X_POINTS_PER_INCH 1000
.Y_POINTS_PER_INCH 1000
.POINTS_PER_SECOND 125
.COMMENT CALIB X: 44 Y: -109

.WRITER_INFO
 Name: ANURAG
 WriterId: 35
 Hand: right
 EducationLevel: primary school
 Gender: male
 Profession: student
 Region: sikkim
 Age: 14
 DeviceType: digimemo a402
 SkillDevice: good
 Language: hindi
 Script: indic
 Native: false
 Style: discrete
 UsageFreq: every day
 Proficiency: average
 Date: 2007-6-16
 WritingInProfession: yes, but limited

.PEN_DOWN
871 1627 0
856 1627 0
847 1626 0
840 1626 0
835 1624 0
831 1622 0
828 1620 0
826 1617 0
824 1613 0
824 1610 0
823 1607 0
822 1604 0
823 1600 0
826 1597 0
829 1595 0
833 1593 0
838 1593 0
843 1594 0
848 1595 0
854 1598 0
858 1602 0
863 1607 0
868 1614 0
873 1620 0
877 1627 0
880 1635 0
882 1643 0
883 1652 0
883 1661 0
882 1669 0
880 1678 0
877 1686 0
874 1693 0
869 1698 0
864 1703 0
857 1708 0
849 1713 0
842 1717 0
835 1720 0
827 1722 0
820 1723 0
815 1723 0
809 1722 0
804 1719 0
800 1716 0
796 1712 0
792 1708 0
789 1704 0
788 1699 0
786 1692 0
785 1685 0
786 1680 0
787 1676 0
791 1674 0
794 1674 0
798 1676 0
802 1681 0
807 1688 0
812 1696 0
817 1703 0
822 1712 0
829 1721 0
835 1730 0
840 1738 0
847 1746 0
855 1755 0
866 1763 0
878 1769 0
890 1772 0
901 1775 0
911 1776 0
921 1775 0
929 1772 0
937 1767 0
942 1762 0
945 1757 0
950 1753 0
.PEN_UP
.PEN_DOWN
780 1599 0
775 1599 0
771 1598 0
768 1599 0
765 1598 0
771 1597 0
779 1597 0
790 1597 0
801 1597 0
815 1596 0
831 1596 0
845 1596 0
859 1597 0
873 1597 0
888 1599 0
901 1599 0
912 1599 0
921 1599 0
929 1599 0
936 1599 0
940 1599 0
940 1599 0
.PEN_UP
