.VERSION 1.0 
.HIERARCHY CHARACTER
.COORD X Y T
.SEGMENT CHARACTER 0-2 OK "92"
.H_LINE 1374 2249
.V_LINE 3500 4250
.X_DIM 750
.Y_DIM 874
.X_POINTS_PER_INCH 1000
.Y_POINTS_PER_INCH 1000
.POINTS_PER_SECOND 125
.COMMENT CALIB X: 111 Y: -167

.WRITER_INFO
 Name: ANURAG
 WriterId: 35
 Hand: right
 EducationLevel: primary school
 Gender: male
 Profession: student
 Region: sikkim
 Age: 14
 DeviceType: digimemo a402
 SkillDevice: good
 Language: hindi
 Script: indic
 Native: false
 Style: discrete
 UsageFreq: every day
 Proficiency: average
 Date: 2007-6-16
 WritingInProfession: yes, but limited

.PEN_DOWN
3828 1590 0
3830 1587 0
3833 1585 0
3836 1583 0
3839 1583 0
3842 1582 0
3845 1583 0
3847 1586 0
3851 1590 0
3855 1595 0
3858 1601 0
3861 1609 0
3863 1617 0
3865 1628 0
3866 1638 0
3867 1650 0
3866 1664 0
3864 1675 0
3862 1685 0
3860 1694 0
3857 1703 0
3855 1711 0
3851 1718 0
3847 1722 0
3843 1725 0
3838 1728 0
3832 1730 0
3825 1731 0
3819 1731 0
3813 1730 0
3808 1729 0
3805 1727 0
3801 1725 0
3798 1722 0
3796 1719 0
3795 1715 0
3795 1712 0
3796 1709 0
3799 1706 0
3803 1706 0
3807 1708 0
3810 1711 0
3814 1716 0
3818 1720 0
3823 1724 0
3828 1729 0
3833 1734 0
3838 1740 0
3843 1746 0
3848 1751 0
3854 1756 0
3860 1760 0
3868 1763 0
3874 1765 0
3880 1766 0
3885 1765 0
3890 1763 0
3895 1760 0
.PEN_UP
.PEN_DOWN
3850 1723 0
3852 1726 0
3858 1728 0
3867 1729 0
3876 1728 0
3885 1727 0
3895 1725 0
3905 1723 0
3913 1721 0
3919 1719 0
3923 1718 0
3927 1716 0
.PEN_UP
.PEN_DOWN
3775 1590 0
3772 1590 0
3779 1591 0
3792 1592 0
3813 1593 0
3834 1593 0
3854 1591 0
3873 1587 0
3892 1584 0
3907 1582 0
3917 1581 0
3924 1580 0
3929 1580 0
3932 1580 0
.PEN_UP
