.VERSION 1.0 
.HIERARCHY CHARACTER
.COORD X Y T
.SEGMENT CHARACTER 0-3 OK "94"
.H_LINE 1374 2249
.V_LINE 6500 7250
.X_DIM 750
.Y_DIM 874
.X_POINTS_PER_INCH 1000
.Y_POINTS_PER_INCH 1000
.POINTS_PER_SECOND 125
.COMMENT CALIB X: 144 Y: -177

.WRITER_INFO
 Name: ANURAG
 WriterId: 35
 Hand: right
 EducationLevel: primary school
 Gender: male
 Profession: student
 Region: sikkim
 Age: 14
 DeviceType: digimemo a402
 SkillDevice: good
 Language: hindi
 Script: indic
 Native: false
 Style: discrete
 UsageFreq: every day
 Proficiency: average
 Date: 2007-6-16
 WritingInProfession: yes, but limited

.PEN_DOWN
6891 1717 0
6888 1718 0
6885 1721 0
6881 1725 0
6878 1730 0
6875 1732 0
6874 1735 0
6871 1737 0
6868 1738 0
6865 1739 0
6860 1740 0
6856 1740 0
6853 1739 0
6849 1738 0
6843 1733 0
6837 1730 0
6830 1725 0
6822 1719 0
6812 1713 0
6803 1707 0
6794 1701 0
6787 1696 0
6781 1690 0
6777 1685 0
6775 1681 0
6775 1677 0
6775 1674 0
6778 1671 0
6781 1668 0
6787 1666 0
6794 1664 0
6801 1663 0
6808 1664 0
6816 1666 0
6823 1669 0
6829 1673 0
6833 1678 0
6836 1683 0
6838 1689 0
6839 1695 0
6840 1702 0
6840 1708 0
6840 1714 0
6839 1721 0
6837 1728 0
6835 1732 0
6833 1735 0
6831 1739 0
6828 1743 0
6825 1747 0
6822 1750 0
6818 1754 0
6814 1758 0
6810 1761 0
6807 1764 0
6804 1767 0
6801 1769 0
6798 1771 0
6796 1774 0
6793 1778 0
6790 1781 0
6788 1784 0
6786 1787 0
6784 1790 0
6783 1793 0
6782 1796 0
6781 1799 0
6780 1802 0
6780 1805 0
6781 1808 0
6782 1812 0
6784 1815 0
6788 1817 0
6792 1819 0
6796 1819 0
6801 1819 0
6806 1819 0
6811 1818 0
6815 1816 0
6819 1814 0
6824 1812 0
6828 1809 0
6831 1806 0
6834 1803 0
6837 1800 0
6839 1797 0
6841 1794 0
6843 1791 0
6841 1795 0
6839 1799 0
6838 1804 0
6837 1810 0
6838 1817 0
6839 1823 0
6840 1830 0
6843 1835 0
6847 1841 0
6851 1845 0
6854 1849 0
6856 1852 0
6857 1849 0
.PEN_UP
.PEN_DOWN
6746 1611 0
6738 1611 0
6733 1611 0
6730 1611 0
6727 1611 0
6732 1610 0
6739 1609 0
6751 1609 0
6771 1609 0
6796 1608 0
6821 1607 0
6844 1606 0
6866 1604 0
6883 1602 0
6895 1600 0
6903 1598 0
6909 1598 0
6913 1598 0
6913 1598 0
.PEN_UP
.PEN_DOWN
6886 1654 0
6883 1654 0
6882 1659 0
.PEN_UP
.PEN_DOWN
6878 1660 0
6875 1660 0
6872 1660 0
6871 1667 0
6871 1671 0
6874 1672 0
6877 1672 0
6879 1669 0
6880 1666 0
6880 1666 0
.PEN_UP
