.VERSION 1.0 
.HIERARCHY CHARACTER
.COORD X Y T
.SEGMENT CHARACTER 0-2 OK "97"
.H_LINE 2999 3874
.V_LINE 3500 4250
.X_DIM 750
.Y_DIM 874
.X_POINTS_PER_INCH 1000
.Y_POINTS_PER_INCH 1000
.POINTS_PER_SECOND 125
.COMMENT CALIB X: 97 Y: -142

.WRITER_INFO
 Name: ANURAG
 WriterId: 35
 Hand: right
 EducationLevel: primary school
 Gender: male
 Profession: student
 Region: sikkim
 Age: 14
 DeviceType: digimemo a402
 SkillDevice: good
 Language: hindi
 Script: indic
 Native: false
 Style: discrete
 UsageFreq: every day
 Proficiency: average
 Date: 2007-6-16
 WritingInProfession: yes, but limited

.PEN_DOWN
3881 3277 0
3880 3280 0
3880 3283 0
3881 3288 0
3882 3293 0
3884 3298 0
3887 3304 0
3890 3311 0
3892 3318 0
3894 3326 0
3896 3332 0
3898 3336 0
3899 3339 0
3896 3337 0
3891 3336 0
3886 3337 0
3880 3339 0
3874 3342 0
3869 3348 0
3862 3355 0
3856 3362 0
3851 3369 0
3846 3377 0
3842 3385 0
3838 3393 0
3835 3401 0
3835 3408 0
3835 3413 0
3837 3417 0
3839 3421 0
3843 3424 0
3848 3426 0
3853 3427 0
3861 3425 0
3870 3423 0
3881 3420 0
3891 3417 0
3900 3414 0
3908 3412 0
3915 3411 0
3996 3410 0
.PEN_UP
.PEN_DOWN
3899 3421 0
3897 3429 0
3897 3435 0
3898 3440 0
3898 3444 0
3898 3447 0
3899 3450 0
3896 3451 0
3893 3453 0
3888 3455 0
3883 3458 0
3879 3461 0
3875 3465 0
3871 3470 0
3867 3474 0
3865 3477 0
3864 3480 0
3863 3485 0
3864 3489 0
3865 3492 0
3870 3495 0
3877 3495 0
3885 3494 0
3896 3493 0
.PEN_UP
.PEN_DOWN
3760 3246 0
3757 3247 0
3753 3248 0
3750 3250 0
3750 3254 0
3752 3257 0
3757 3260 0
3767 3264 0
3783 3268 0
3803 3270 0
3826 3271 0
3851 3270 0
3880 3269 0
3911 3267 0
3940 3266 0
3963 3265 0
3981 3263 0
3994 3262 0
4002 3260 0
4006 3259 0
4009 3259 0
4009 3259 0
.PEN_UP
