.VERSION 1.0 
.HIERARCHY CHARACTER
.COORD X Y T
.SEGMENT CHARACTER 0-1 OK "101"
.H_LINE 4624 5499
.V_LINE 1999 2749
.X_DIM 749
.Y_DIM 874
.X_POINTS_PER_INCH 1000
.Y_POINTS_PER_INCH 1000
.POINTS_PER_SECOND 125
.COMMENT CALIB X: 46 Y: -89

.WRITER_INFO
 Name: ANURAG
 WriterId: 35
 Hand: right
 EducationLevel: primary school
 Gender: male
 Profession: student
 Region: sikkim
 Age: 14
 DeviceType: digimemo a402
 SkillDevice: good
 Language: hindi
 Script: indic
 Native: false
 Style: discrete
 UsageFreq: every day
 Proficiency: average
 Date: 2007-6-16
 WritingInProfession: yes, but limited

.PEN_DOWN
2308 4911 0
2307 4908 0
2307 4912 0
2307 4917 0
2308 4923 0
2308 4929 0
2310 4935 0
2311 4940 0
2312 4944 0
2313 4950 0
2315 4955 0
2316 4961 0
2317 4965 0
2318 4969 0
2319 4972 0
2316 4975 0
2309 4979 0
2303 4984 0
2297 4990 0
2292 4995 0
2287 5000 0
2282 5005 0
2278 5009 0
2276 5013 0
2274 5017 0
2273 5020 0
2272 5023 0
2273 5027 0
2275 5030 0
2278 5032 0
2282 5033 0
2287 5034 0
2293 5035 0
2299 5034 0
2305 5034 0
2310 5033 0
2314 5032 0
2318 5032 0
2321 5032 0
2317 5036 0
2313 5040 0
2309 5045 0
2305 5049 0
2302 5053 0
2299 5056 0
2297 5060 0
2295 5065 0
2294 5069 0
2293 5073 0
2292 5077 0
2292 5082 0
2293 5086 0
2294 5089 0
2299 5092 0
2304 5094 0
2310 5094 0
2317 5094 0
2325 5092 0
2335 5089 0
2345 5083 0
2356 5078 0
2366 5073 0
2374 5068 0
2381 5062 0
2386 5055 0
2392 5047 0
2398 5038 0
2404 5029 0
2408 5021 0
2412 5015 0
2414 5009 0
2416 5004 0
2416 4998 0
2416 4992 0
2417 4985 0
2417 4977 0
2418 4967 0
2419 4956 0
2420 4947 0
2422 4940 0
2423 4935 0
2423 4932 0
2422 4929 0
2421 4934 0
2420 4940 0
2419 4950 0
2418 4961 0
2417 4972 0
2417 4983 0
2416 4994 0
2416 5003 0
2415 5013 0
2415 5021 0
2416 5028 0
2416 5035 0
2417 5042 0
2418 5049 0
2418 5056 0
2418 5063 0
2418 5068 0
2418 5072 0
2418 5075 0
2418 5078 0
2418 5082 0
2419 5085 0
2431 5084 0
.PEN_UP
.PEN_DOWN
2266 4921 0
2270 4920 0
2276 4919 0
2286 4919 0
2299 4919 0
2313 4918 0
2332 4918 0
2355 4917 0
2379 4917 0
2402 4917 0
2423 4917 0
2439 4917 0
2453 4917 0
2463 4917 0
2468 4917 0
2472 4917 0
2474 4921 0
.PEN_UP
