.VERSION 1.0 
.HIERARCHY CHARACTER
.COORD X Y T
.SEGMENT CHARACTER 0-2 OK "1"
.H_LINE 1374 2249
.V_LINE 1999 2749
.X_DIM 749
.Y_DIM 874
.X_POINTS_PER_INCH 1000
.Y_POINTS_PER_INCH 1000
.POINTS_PER_SECOND 125
.COMMENT CALIB X: 28 Y: -94

.WRITER_INFO
 Name: KALYAN
 WriterId: 0
 Hand: right
 EducationLevel: post graduate
 Gender: male
 Profession: student
 Region: puttaparthi
 Age: 23
 DeviceType: digimemo a402
 SkillDevice: average
 Language: hindi
 Script: indic
 Native: false
 Style: discrete
 UsageFreq: rarely
 Proficiency: poor
 Date: 2006-6-6
 WritingInProfession: no

.PEN_DOWN
2102 1812 0
2104 1809 0
2109 1807 0
2120 1804 0
2135 1801 0
2155 1798 0
2176 1795 0
2199 1792 0
2219 1792 0
2236 1793 0
2249 1796 0
2256 1801 0
2259 1807 0
2260 1814 0
2257 1823 0
2248 1832 0
2233 1843 0
2216 1855 0
2197 1865 0
2179 1874 0
2164 1880 0
2155 1883 0
2151 1885 0
2154 1884 0
2161 1885 0
2172 1886 0
2184 1887 0
2197 1889 0
2209 1892 0
2220 1896 0
2229 1902 0
2236 1911 0
2241 1922 0
2244 1934 0
2242 1947 0
2239 1958 0
2232 1970 0
2222 1982 0
2207 1994 0
2189 2004 0
2168 2013 0
2147 2020 0
2130 2023 0
2117 2023 0
2107 2021 0
2101 2014 0
2100 2001 0
2113 1981 0
.PEN_UP
.PEN_DOWN
2215 1869 0
2215 1873 0
2215 1878 0
2222 1881 0
2233 1882 0
2247 1880 0
2263 1875 0
2280 1868 0
2297 1859 0
2311 1851 0
2325 1843 0
2337 1831 0
2347 1819 0
2355 1807 0
2359 1796 0
2362 1785 0
2363 1777 0
2364 1772 0
2365 1769 0
2364 1773 0
2362 1780 0
2359 1791 0
2356 1803 0
2352 1817 0
2346 1834 0
2341 1852 0
2335 1875 0
2330 1897 0
2326 1918 0
2322 1935 0
2319 1950 0
2316 1963 0
2314 1973 0
2313 1980 0
2312 1985 0
2311 1988 0
2311 1983 0
2311 1972 0
.PEN_UP
.PEN_DOWN
2174 1734 0
2170 1734 0
2176 1734 0
2192 1734 0
2218 1733 0
2250 1731 0
2284 1728 0
2323 1725 0
2366 1719 0
2411 1713 0
2448 1709 0
2473 1706 0
2487 1705 0
2493 1705 0
2490 1705 0
.PEN_UP
