.VERSION 1.0 
.HIERARCHY CHARACTER
.COORD X Y T
.SEGMENT CHARACTER 0-2 OK "4"
.H_LINE 1374 2249
.V_LINE 6500 7250
.X_DIM 750
.Y_DIM 874
.X_POINTS_PER_INCH 1000
.Y_POINTS_PER_INCH 1000
.POINTS_PER_SECOND 125
.COMMENT CALIB X: 67 Y: -88

.WRITER_INFO
 Name: KALYAN
 WriterId: 0
 Hand: right
 EducationLevel: post graduate
 Gender: male
 Profession: student
 Region: puttaparthi
 Age: 23
 DeviceType: digimemo a402
 SkillDevice: average
 Language: hindi
 Script: indic
 Native: false
 Style: discrete
 UsageFreq: rarely
 Proficiency: poor
 Date: 2006-6-6
 WritingInProfession: no

.PEN_DOWN
6795 1797 0
6794 1805 0
6793 1815 0
6790 1827 0
6788 1839 0
6786 1851 0
6785 1861 0
6785 1868 0
6785 1873 0
6785 1876 0
6782 1875 0
6777 1873 0
6767 1869 0
6752 1866 0
6736 1864 0
6719 1864 0
6704 1865 0
6694 1870 0
6687 1878 0
6682 1888 0
6681 1899 0
6686 1911 0
6695 1923 0
6710 1933 0
6728 1945 0
6743 1959 0
6754 1974 0
6760 1989 0
6763 2003 0
6762 2017 0
6759 2030 0
6753 2039 0
6744 2046 0
6734 2051 0
6720 2054 0
6704 2055 0
6690 2052 0
6678 2047 0
6669 2039 0
6664 2029 0
6662 2023 0
6662 2020 0
6663 2017 0
6667 2018 0
6675 2020 0
6687 2024 0
6701 2030 0
6717 2037 0
6733 2041 0
6748 2043 0
6763 2043 0
6778 2039 0
6790 2032 0
6799 2023 0
6807 2019 0
.PEN_UP
.PEN_DOWN
6741 1788 0
6746 1785 0
6757 1784 0
6775 1781 0
6795 1780 0
6814 1781 0
6832 1782 0
6845 1785 0
6853 1786 0
.PEN_UP
.PEN_DOWN
6802 1810 0
6799 1809 0
6795 1809 0
6791 1806 0
6790 1803 0
6788 1799 0
6787 1795 0
6787 1787 0
6787 1778 0
6787 1768 0
6790 1755 0
6794 1739 0
6799 1725 0
6806 1713 0
6813 1704 0
6819 1699 0
6824 1697 0
6830 1698 0
6837 1704 0
6843 1711 0
6848 1717 0
6850 1722 0
6852 1727 0
6859 1730 0
.PEN_UP
