.VERSION 1.0 
.HIERARCHY CHARACTER
.COORD X Y T
.SEGMENT CHARACTER 0-1 OK "43"
.H_LINE 4624 5499
.V_LINE 5000 5750
.X_DIM 750
.Y_DIM 874
.X_POINTS_PER_INCH 1000
.Y_POINTS_PER_INCH 1000
.POINTS_PER_SECOND 125
.COMMENT CALIB X: 7 Y: -138

.WRITER_INFO
 Name: KALYAN
 WriterId: 0
 Hand: right
 EducationLevel: post graduate
 Gender: male
 Profession: student
 Region: puttaparthi
 Age: 23
 DeviceType: digimemo a402
 SkillDevice: average
 Language: hindi
 Script: indic
 Native: false
 Style: discrete
 UsageFreq: rarely
 Proficiency: poor
 Date: 2006-6-6
 WritingInProfession: no

.PEN_DOWN
5199 5023 0
5202 5020 0
5208 5016 0
5216 5012 0
5225 5010 0
5233 5011 0
5241 5016 0
5247 5023 0
5251 5033 0
5252 5046 0
5249 5059 0
5243 5074 0
5230 5093 0
5209 5111 0
5184 5126 0
5159 5137 0
5141 5142 0
5131 5144 0
5125 5143 0
5126 5138 0
5129 5135 0
5137 5134 0
5150 5134 0
5167 5140 0
5184 5147 0
5200 5156 0
5213 5164 0
5224 5170 0
5232 5172 0
5237 5171 0
5244 5165 0
5250 5156 0
5254 5146 0
5256 5134 0
5256 5121 0
5255 5107 0
5253 5093 0
5251 5081 0
5249 5074 0
5254 5077 0
5259 5080 0
5266 5079 0
5274 5076 0
5286 5068 0
5299 5058 0
5312 5050 0
5322 5043 0
5328 5031 0
5335 5017 0
5339 5006 0
5341 4998 0
5342 4994 0
5339 5001 0
5335 5014 0
5329 5030 0
5320 5049 0
5312 5072 0
5305 5099 0
5298 5126 0
5292 5148 0
5288 5163 0
5286 5171 0
5285 5176 0
5283 5170 0
5281 5158 0
.PEN_UP
.PEN_DOWN
5191 4981 0
5194 4980 0
5202 4981 0
5221 4980 0
5245 4980 0
5271 4978 0
5304 4974 0
5340 4970 0
5371 4968 0
5392 4968 0
5403 4968 0
.PEN_UP
