.VERSION 1.0 
.HIERARCHY CHARACTER
.COORD X Y T
.SEGMENT CHARACTER 0-1 OK "15"
.H_LINE 6249 7124
.V_LINE 499 1250
.X_DIM 750
.Y_DIM 875
.X_POINTS_PER_INCH 1000
.Y_POINTS_PER_INCH 1000
.POINTS_PER_SECOND 125
.COMMENT CALIB X: -25 Y: -87

.WRITER_INFO
 Name: ABHISHEK SHARMA
 WriterId: 44
 Hand: right
 EducationLevel: post graduate
 Gender: male
 Profession: student
 Region: mumbai
 Age: 22
 DeviceType: digimemo a402
 SkillDevice: good
 Language: hindi
 Script: indic
 Native: false
 Style: discrete
 UsageFreq: once a month
 Proficiency: good
 Date: 2007-6-19
 WritingInProfession: no

.PEN_DOWN
779 6611 0
776 6611 0
773 6611 0
768 6612 0
762 6613 0
754 6616 0
744 6619 0
734 6624 0
722 6630 0
709 6638 0
694 6645 0
679 6653 0
666 6660 0
655 6667 0
647 6673 0
642 6679 0
640 6685 0
641 6691 0
644 6698 0
650 6705 0
658 6713 0
669 6720 0
681 6725 0
693 6729 0
701 6732 0
707 6734 0
710 6736 0
710 6739 0
706 6741 0
701 6743 0
694 6746 0
685 6748 0
674 6751 0
660 6755 0
646 6758 0
636 6761 0
628 6764 0
621 6767 0
615 6769 0
612 6772 0
612 6775 0
613 6778 0
616 6781 0
621 6785 0
628 6788 0
639 6792 0
654 6795 0
673 6796 0
694 6796 0
716 6795 0
740 6792 0
766 6787 0
794 6781 0
821 6773 0
845 6765 0
863 6756 0
875 6745 0
887 6730 0
897 6712 0
907 6691 0
917 6671 0
924 6656 0
928 6644 0
931 6635 0
932 6630 0
931 6634 0
929 6638 0
928 6642 0
928 6646 0
927 6651 0
925 6657 0
923 6665 0
920 6677 0
916 6690 0
910 6707 0
904 6723 0
899 6738 0
895 6751 0
893 6763 0
893 6773 0
896 6782 0
900 6789 0
904 6794 0
909 6798 0
915 6800 0
927 6799 0
942 6797 0
.PEN_UP
.PEN_DOWN
713 6597 0
717 6597 0
723 6597 0
732 6597 0
743 6597 0
761 6598 0
787 6598 0
825 6598 0
871 6598 0
917 6598 0
956 6598 0
983 6598 0
1005 6598 0
1023 6595 0
.PEN_UP
