.VERSION 1.0 
.HIERARCHY CHARACTER
.COORD X Y T
.SEGMENT CHARACTER 0-1 OK "19"
.H_LINE 6249 7124
.V_LINE 6500 7250
.X_DIM 750
.Y_DIM 875
.X_POINTS_PER_INCH 1000
.Y_POINTS_PER_INCH 1000
.POINTS_PER_SECOND 125
.COMMENT CALIB X: 4 Y: -75

.WRITER_INFO
 Name: ABHISHEK SHARMA
 WriterId: 44
 Hand: right
 EducationLevel: post graduate
 Gender: male
 Profession: student
 Region: mumbai
 Age: 22
 DeviceType: digimemo a402
 SkillDevice: good
 Language: hindi
 Script: indic
 Native: false
 Style: discrete
 UsageFreq: once a month
 Proficiency: good
 Date: 2007-6-19
 WritingInProfession: no

.PEN_DOWN
6739 6661 0
6737 6664 0
6736 6667 0
6736 6670 0
6736 6675 0
6736 6682 0
6736 6691 0
6736 6701 0
6737 6712 0
6737 6727 0
6739 6743 0
6742 6758 0
6746 6774 0
6752 6788 0
6759 6801 0
6767 6811 0
6775 6819 0
6785 6824 0
6795 6826 0
6804 6825 0
6812 6822 0
6819 6816 0
6826 6806 0
6834 6791 0
6842 6771 0
6848 6750 0
6849 6728 0
6848 6708 0
6846 6692 0
6844 6680 0
6841 6670 0
6837 6663 0
6833 6658 0
6829 6655 0
6826 6654 0
6829 6657 0
6833 6661 0
6840 6666 0
6851 6670 0
6862 6673 0
6876 6676 0
6895 6679 0
6919 6682 0
6942 6683 0
6963 6683 0
6979 6681 0
6991 6678 0
6998 6674 0
7002 6668 0
7004 6662 0
7006 6654 0
7008 6644 0
7009 6632 0
7011 6620 0
7013 6611 0
7015 6600 0
7016 6592 0
7017 6587 0
7015 6594 0
7013 6603 0
7011 6616 0
7008 6633 0
7005 6652 0
7002 6671 0
6999 6691 0
6996 6712 0
6994 6731 0
6992 6749 0
6991 6763 0
6990 6775 0
6991 6785 0
6992 6792 0
6994 6797 0
6997 6799 0
7000 6798 0
7005 6791 0
.PEN_UP
.PEN_DOWN
6809 6560 0
6815 6561 0
6826 6562 0
6838 6564 0
6858 6565 0
6888 6567 0
6923 6568 0
6957 6569 0
6987 6570 0
7011 6570 0
7030 6570 0
7040 6570 0
.PEN_UP
