.VERSION 1.0 
.HIERARCHY CHARACTER
.COORD X Y T
.SEGMENT CHARACTER 0-2 OK "23"
.H_LINE 7874 8750
.V_LINE 5000 5750
.X_DIM 750
.Y_DIM 875
.X_POINTS_PER_INCH 1000
.Y_POINTS_PER_INCH 1000
.POINTS_PER_SECOND 125
.COMMENT CALIB X: -28 Y: -58

.WRITER_INFO
 Name: ABHISHEK SHARMA
 WriterId: 44
 Hand: right
 EducationLevel: post graduate
 Gender: male
 Profession: student
 Region: mumbai
 Age: 22
 DeviceType: digimemo a402
 SkillDevice: good
 Language: hindi
 Script: indic
 Native: false
 Style: discrete
 UsageFreq: once a month
 Proficiency: good
 Date: 2007-6-19
 WritingInProfession: no

.PEN_DOWN
5324 8194 0
5324 8197 0
5323 8200 0
5321 8204 0
5320 8210 0
5318 8219 0
5316 8231 0
5314 8245 0
5312 8260 0
5311 8276 0
5310 8292 0
5309 8310 0
5308 8324 0
5308 8337 0
5308 8346 0
5308 8352 0
5308 8356 0
5308 8353 0
5307 8349 0
5306 8344 0
5304 8339 0
5301 8335 0
5296 8332 0
5288 8328 0
5277 8326 0
5264 8325 0
5251 8326 0
5238 8329 0
5227 8333 0
5217 8339 0
5208 8346 0
5200 8353 0
5194 8361 0
5188 8370 0
5184 8379 0
5182 8388 0
5183 8397 0
5185 8407 0
5189 8418 0
5195 8428 0
5204 8436 0
5214 8443 0
5227 8449 0
5246 8452 0
5270 8453 0
5296 8451 0
5322 8447 0
5347 8440 0
5365 8432 0
5380 8422 0
5388 8412 0
5390 8402 0
5388 8392 0
5383 8383 0
5373 8376 0
5358 8368 0
5337 8362 0
5318 8358 0
5298 8356 0
5280 8356 0
5265 8358 0
5255 8360 0
5249 8362 0
5246 8365 0
5259 8367 0
.PEN_UP
.PEN_DOWN
5205 8190 0
5208 8190 0
5212 8190 0
5216 8191 0
5221 8192 0
5231 8193 0
5243 8194 0
5262 8195 0
5294 8195 0
5336 8196 0
5382 8197 0
5426 8198 0
5461 8201 0
5487 8199 0
.PEN_UP
.PEN_DOWN
5291 8346 0
5296 8347 0
5299 8348 0
5302 8349 0
5304 8352 0
5306 8355 0
5308 8358 0
5311 8361 0
5314 8362 0
5311 8360 0
5307 8358 0
5304 8355 0
5301 8352 0
5297 8350 0
5292 8348 0
5285 8347 0
5277 8348 0
5269 8349 0
5259 8351 0
.PEN_UP
