.VERSION 1.0 
.HIERARCHY CHARACTER
.COORD X Y T
.SEGMENT CHARACTER 0-1 OK "28"
.H_LINE 9500 10374
.V_LINE 5000 5750
.X_DIM 750
.Y_DIM 874
.X_POINTS_PER_INCH 1000
.Y_POINTS_PER_INCH 1000
.POINTS_PER_SECOND 125
.COMMENT CALIB X: -67 Y: -41

.WRITER_INFO
 Name: ABHISHEK SHARMA
 WriterId: 44
 Hand: right
 EducationLevel: post graduate
 Gender: male
 Profession: student
 Region: mumbai
 Age: 22
 DeviceType: digimemo a402
 SkillDevice: good
 Language: hindi
 Script: indic
 Native: false
 Style: discrete
 UsageFreq: once a month
 Proficiency: good
 Date: 2007-6-19
 WritingInProfession: no

.PEN_DOWN
5162 9927 0
5159 9929 0
5154 9933 0
5146 9938 0
5136 9945 0
5124 9951 0
5110 9956 0
5097 9960 0
5085 9962 0
5074 9961 0
5065 9958 0
5059 9953 0
5054 9947 0
5051 9940 0
5050 9932 0
5051 9924 0
5056 9917 0
5063 9912 0
5074 9907 0
5087 9904 0
5105 9902 0
5126 9902 0
5146 9904 0
5162 9908 0
5173 9913 0
5181 9919 0
5185 9927 0
5187 9936 0
5187 9946 0
5184 9958 0
5178 9970 0
5169 9982 0
5156 9995 0
5139 10007 0
5119 10017 0
5100 10025 0
5079 10032 0
5061 10036 0
5047 10039 0
5038 10041 0
5033 10042 0
5030 10042 0
5035 10045 0
5041 10048 0
5050 10052 0
5063 10057 0
5077 10062 0
5090 10066 0
5104 10071 0
5120 10075 0
5135 10078 0
5150 10080 0
5167 10081 0
5183 10079 0
5197 10075 0
5213 10069 0
5228 10062 0
5243 10053 0
5257 10041 0
5269 10029 0
5280 10013 0
5289 9996 0
5298 9978 0
5303 9961 0
5306 9947 0
5307 9936 0
5307 9930 0
5307 9926 0
5305 9931 0
5303 9939 0
5300 9949 0
5297 9960 0
5295 9972 0
5293 9985 0
5289 10001 0
5285 10016 0
5280 10029 0
5276 10042 0
5273 10055 0
5271 10067 0
5271 10077 0
5272 10085 0
5273 10091 0
5274 10096 0
5275 10099 0
5279 10101 0
5284 10097 0
5292 10092 0
.PEN_UP
.PEN_DOWN
5213 9911 0
5212 9908 0
5216 9908 0
5223 9909 0
5235 9910 0
5253 9910 0
5278 9909 0
5305 9908 0
5329 9906 0
5353 9904 0
5378 9901 0
5398 9899 0
5413 9898 0
5424 9897 0
.PEN_UP
