.VERSION 1.0 
.HIERARCHY CHARACTER
.COORD X Y T
.SEGMENT CHARACTER 0-2 OK "71"
.H_LINE 4624 5499
.V_LINE 1999 2749
.X_DIM 749
.Y_DIM 874
.X_POINTS_PER_INCH 1000
.Y_POINTS_PER_INCH 1000
.POINTS_PER_SECOND 125
.COMMENT CALIB X: -35 Y: -65

.WRITER_INFO
 Name: ABHISHEK SHARMA
 WriterId: 44
 Hand: right
 EducationLevel: post graduate
 Gender: male
 Profession: student
 Region: mumbai
 Age: 22
 DeviceType: digimemo a402
 SkillDevice: good
 Language: hindi
 Script: indic
 Native: false
 Style: discrete
 UsageFreq: once a month
 Proficiency: good
 Date: 2007-6-19
 WritingInProfession: no

.PEN_DOWN
2360 4997 0
2360 4994 0
2357 4996 0
2356 5000 0
2354 5006 0
2352 5014 0
2350 5024 0
2347 5035 0
2345 5047 0
2344 5059 0
2343 5070 0
2343 5080 0
2343 5089 0
2344 5096 0
2344 5101 0
2345 5105 0
2343 5101 0
2341 5098 0
2336 5095 0
2328 5093 0
2318 5092 0
2306 5093 0
2292 5095 0
2277 5098 0
2265 5101 0
2254 5104 0
2246 5108 0
2239 5112 0
2235 5117 0
2233 5121 0
2232 5126 0
2232 5130 0
2233 5133 0
2236 5136 0
2240 5139 0
2246 5141 0
2253 5143 0
2262 5144 0
2272 5145 0
2283 5146 0
2292 5147 0
2300 5148 0
2307 5149 0
2314 5151 0
2321 5153 0
2328 5157 0
2335 5162 0
2343 5168 0
2349 5174 0
2353 5180 0
2355 5187 0
2354 5197 0
2349 5207 0
2341 5217 0
2329 5227 0
2313 5236 0
2294 5242 0
2275 5246 0
2257 5247 0
2241 5244 0
2230 5238 0
2224 5231 0
2221 5226 0
2220 5222 0
2220 5218 0
2222 5214 0
2226 5211 0
2231 5209 0
2237 5208 0
2244 5209 0
2251 5211 0
2261 5214 0
2271 5219 0
2282 5226 0
2293 5233 0
2303 5240 0
2312 5247 0
2321 5256 0
2330 5264 0
2338 5273 0
2348 5280 0
2359 5287 0
2370 5292 0
2381 5295 0
2391 5296 0
2399 5293 0
2407 5288 0
2413 5280 0
.PEN_UP
.PEN_DOWN
2325 5199 0
2330 5199 0
2337 5199 0
2347 5198 0
2357 5196 0
2367 5194 0
2381 5192 0
2395 5189 0
2408 5186 0
2416 5184 0
2424 5180 0
2431 5176 0
2439 5171 0
2448 5166 0
2457 5160 0
2463 5156 0
2467 5152 0
2470 5149 0
2471 5146 0
2468 5147 0
2464 5147 0
.PEN_UP
.PEN_DOWN
2273 4952 0
2269 4953 0
2265 4955 0
2261 4956 0
2258 4957 0
2255 4958 0
2258 4958 0
2265 4958 0
2278 4958 0
2297 4958 0
2319 4958 0
2346 4957 0
2373 4957 0
2397 4957 0
2419 4958 0
2436 4959 0
2449 4963 0
.PEN_UP
