.VERSION 1.0 
.HIERARCHY CHARACTER
.COORD X Y T
.SEGMENT CHARACTER 0-1 OK "88"
.H_LINE 9500 10374
.V_LINE 5000 5750
.X_DIM 750
.Y_DIM 874
.X_POINTS_PER_INCH 1000
.Y_POINTS_PER_INCH 1000
.POINTS_PER_SECOND 125
.COMMENT CALIB X: 57 Y: -112

.WRITER_INFO
 Name: ABHISHEK SHARMA
 WriterId: 44
 Hand: right
 EducationLevel: post graduate
 Gender: male
 Profession: student
 Region: mumbai
 Age: 22
 DeviceType: digimemo a402
 SkillDevice: good
 Language: hindi
 Script: indic
 Native: false
 Style: discrete
 UsageFreq: once a month
 Proficiency: good
 Date: 2007-6-19
 WritingInProfession: no

.PEN_DOWN
5504 9913 0
5503 9910 0
5500 9909 0
5497 9911 0
5493 9915 0
5489 9920 0
5484 9925 0
5480 9931 0
5476 9939 0
5471 9946 0
5466 9954 0
5461 9962 0
5456 9969 0
5451 9976 0
5446 9982 0
5441 9988 0
5438 9994 0
5435 10000 0
5433 10005 0
5432 10009 0
5431 10012 0
5431 10009 0
5431 10005 0
5431 10002 0
5430 9998 0
5430 9994 0
5429 9991 0
5427 9986 0
5423 9980 0
5417 9973 0
5410 9966 0
5402 9960 0
5392 9955 0
5381 9952 0
5370 9950 0
5358 9949 0
5348 9950 0
5340 9951 0
5333 9952 0
5328 9955 0
5324 9957 0
5321 9960 0
5320 9963 0
5319 9967 0
5318 9973 0
5317 9980 0
5316 9986 0
5316 9993 0
5316 10001 0
5316 10008 0
5316 10014 0
5316 10021 0
5316 10028 0
5317 10034 0
5318 10040 0
5319 10045 0
5321 10050 0
5323 10055 0
5326 10060 0
5330 10064 0
5336 10068 0
5343 10071 0
5350 10073 0
5356 10074 0
5364 10074 0
5373 10073 0
5383 10072 0
5392 10070 0
.PEN_UP
.PEN_DOWN
5338 9828 0
5342 9827 0
5349 9827 0
5359 9826 0
5372 9826 0
5387 9826 0
5404 9827 0
5425 9829 0
5448 9831 0
5470 9832 0
5489 9833 0
5504 9834 0
5513 9834 0
5518 9834 0
5522 9835 0
.PEN_UP
