.VERSION 1.0 
.HIERARCHY CHARACTER
.COORD X Y T
.SEGMENT CHARACTER 0-2 OK "20"
.H_LINE 7874 8750
.V_LINE 499 1250
.X_DIM 750
.Y_DIM 875
.X_POINTS_PER_INCH 1000
.Y_POINTS_PER_INCH 1000
.POINTS_PER_SECOND 125
.COMMENT CALIB X: -22 Y: -72

.WRITER_INFO
 Name: GOKUL KRISHNA
 WriterId: 69
 Hand: right
 EducationLevel: college graduate
 Gender: male
 Profession: student
 Region: visakhapatnam
 Age: 22
 DeviceType: digimemo a402
 SkillDevice: average
 Language: hindi
 Script: indic
 Native: false
 Style: discrete
 UsageFreq: rarely
 Proficiency: average
 Date: 2007-6-27
 WritingInProfession: no

.PEN_DOWN
741 8122 0
740 8119 0
740 8126 0
740 8135 0
742 8145 0
743 8156 0
744 8166 0
744 8177 0
745 8187 0
746 8196 0
747 8204 0
748 8209 0
749 8213 0
749 8210 0
749 8207 0
748 8204 0
747 8201 0
746 8198 0
745 8195 0
745 8192 0
741 8189 0
737 8188 0
731 8188 0
725 8189 0
718 8193 0
710 8198 0
700 8204 0
692 8211 0
685 8218 0
680 8226 0
677 8233 0
676 8239 0
676 8246 0
678 8252 0
683 8259 0
689 8265 0
695 8272 0
702 8280 0
709 8288 0
715 8298 0
721 8308 0
726 8318 0
729 8328 0
729 8337 0
728 8345 0
724 8351 0
719 8357 0
711 8363 0
700 8369 0
689 8373 0
679 8375 0
670 8375 0
664 8373 0
659 8370 0
656 8367 0
656 8364 0
657 8361 0
661 8359 0
666 8357 0
669 8356 0
673 8356 0
677 8357 0
681 8358 0
686 8360 0
691 8362 0
696 8365 0
701 8369 0
706 8374 0
710 8379 0
713 8385 0
717 8392 0
720 8400 0
724 8407 0
727 8414 0
730 8420 0
733 8426 0
737 8432 0
741 8440 0
746 8447 0
750 8453 0
755 8458 0
760 8461 0
765 8463 0
770 8464 0
775 8464 0
780 8464 0
784 8464 0
787 8469 0
781 8467 0
.PEN_UP
.PEN_DOWN
733 8328 0
731 8325 0
731 8328 0
736 8334 0
742 8339 0
749 8343 0
757 8347 0
769 8348 0
783 8349 0
798 8349 0
814 8347 0
830 8344 0
844 8339 0
859 8332 0
870 8323 0
878 8312 0
884 8298 0
888 8282 0
890 8262 0
890 8241 0
889 8222 0
887 8204 0
886 8189 0
884 8175 0
881 8164 0
879 8155 0
878 8149 0
877 8144 0
876 8141 0
874 8146 0
873 8154 0
873 8166 0
873 8182 0
874 8204 0
873 8230 0
871 8256 0
869 8280 0
867 8300 0
867 8318 0
866 8333 0
867 8345 0
867 8354 0
867 8361 0
866 8367 0
866 8372 0
866 8376 0
874 8367 0
.PEN_UP
.PEN_DOWN
676 8128 0
672 8127 0
666 8126 0
662 8126 0
666 8127 0
679 8128 0
701 8128 0
727 8126 0
762 8123 0
808 8120 0
861 8117 0
909 8114 0
948 8112 0
976 8111 0
995 8111 0
1007 8112 0
1014 8113 0
1014 8116 0
1010 8120 0
.PEN_UP
