.VERSION 1.0 
.HIERARCHY CHARACTER
.COORD X Y T
.SEGMENT CHARACTER 0-2 OK "90"
.H_LINE 1374 2249
.V_LINE 499 1250
.X_DIM 750
.Y_DIM 874
.X_POINTS_PER_INCH 1000
.Y_POINTS_PER_INCH 1000
.POINTS_PER_SECOND 125
.COMMENT CALIB X: -137 Y: -151

.WRITER_INFO
 Name: GOKUL KRISHNA
 WriterId: 69
 Hand: right
 EducationLevel: college graduate
 Gender: male
 Profession: student
 Region: visakhapatnam
 Age: 22
 DeviceType: digimemo a402
 SkillDevice: average
 Language: hindi
 Script: indic
 Native: false
 Style: discrete
 UsageFreq: rarely
 Proficiency: average
 Date: 2007-6-27
 WritingInProfession: no

.PEN_DOWN
635 1602 0
632 1602 0
628 1601 0
624 1601 0
621 1600 0
617 1600 0
614 1599 0
611 1599 0
608 1597 0
611 1598 0
617 1599 0
627 1600 0
642 1600 0
662 1600 0
687 1599 0
714 1597 0
743 1596 0
769 1595 0
790 1594 0
806 1592 0
818 1591 0
826 1591 0
831 1590 0
834 1589 0
829 1589 0
824 1592 0
818 1591 0
.PEN_UP
.PEN_DOWN
702 1625 0
702 1617 0
702 1612 0
702 1609 0
702 1606 0
701 1603 0
701 1600 0
697 1598 0
695 1601 0
694 1609 0
693 1617 0
694 1627 0
695 1638 0
696 1650 0
696 1661 0
696 1671 0
696 1681 0
696 1688 0
696 1693 0
696 1696 0
696 1696 0
.PEN_UP
.PEN_DOWN
642 1720 0
641 1717 0
641 1714 0
641 1711 0
642 1708 0
644 1705 0
647 1702 0
651 1700 0
654 1697 0
658 1695 0
663 1693 0
668 1691 0
673 1689 0
677 1687 0
682 1686 0
688 1685 0
692 1684 0
695 1683 0
698 1683 0
702 1684 0
705 1685 0
709 1685 0
714 1685 0
720 1686 0
726 1686 0
731 1687 0
735 1688 0
739 1689 0
744 1690 0
747 1691 0
750 1692 0
753 1693 0
756 1693 0
759 1695 0
762 1697 0
765 1700 0
767 1704 0
769 1707 0
771 1710 0
772 1713 0
774 1716 0
776 1719 0
777 1722 0
777 1725 0
777 1728 0
777 1731 0
777 1734 0
776 1737 0
774 1740 0
773 1743 0
771 1746 0
770 1749 0
768 1752 0
765 1755 0
762 1758 0
759 1760 0
756 1762 0
752 1765 0
748 1768 0
744 1771 0
740 1773 0
736 1775 0
732 1777 0
728 1779 0
724 1781 0
719 1783 0
714 1784 0
709 1786 0
705 1788 0
702 1789 0
699 1790 0
695 1792 0
689 1792 0
684 1794 0
679 1795 0
675 1796 0
671 1796 0
668 1796 0
665 1796 0
662 1795 0
659 1794 0
660 1791 0
663 1789 0
666 1787 0
670 1786 0
674 1785 0
678 1784 0
681 1785 0
684 1786 0
687 1788 0
692 1790 0
697 1791 0
702 1793 0
707 1796 0
712 1800 0
717 1804 0
723 1810 0
728 1815 0
732 1820 0
736 1825 0
739 1829 0
742 1832 0
745 1835 0
748 1838 0
751 1840 0
749 1835 0
749 1835 0
.PEN_UP
