.VERSION 1.0 
.HIERARCHY CHARACTER
.COORD X Y T
.SEGMENT CHARACTER 0-2 OK "97"
.H_LINE 2999 3874
.V_LINE 3500 4250
.X_DIM 750
.Y_DIM 874
.X_POINTS_PER_INCH 1000
.Y_POINTS_PER_INCH 1000
.POINTS_PER_SECOND 125
.COMMENT CALIB X: 12 Y: -118

.WRITER_INFO
 Name: GOKUL KRISHNA
 WriterId: 69
 Hand: right
 EducationLevel: college graduate
 Gender: male
 Profession: student
 Region: visakhapatnam
 Age: 22
 DeviceType: digimemo a402
 SkillDevice: average
 Language: hindi
 Script: indic
 Native: false
 Style: discrete
 UsageFreq: rarely
 Proficiency: average
 Date: 2007-6-27
 WritingInProfession: no

.PEN_DOWN
3807 3352 0
3807 3349 0
3807 3346 0
3807 3341 0
3807 3338 0
3808 3345 0
3810 3354 0
3813 3366 0
3816 3377 0
3819 3388 0
3823 3398 0
3826 3406 0
3828 3413 0
3830 3418 0
3832 3422 0
3829 3421 0
3826 3420 0
3822 3419 0
3816 3418 0
3806 3419 0
3795 3421 0
3781 3426 0
3768 3434 0
3757 3440 0
3747 3448 0
3740 3457 0
3735 3466 0
3732 3476 0
3731 3487 0
3732 3497 0
3734 3505 0
3739 3512 0
3746 3518 0
3756 3521 0
3769 3523 0
3786 3523 0
3807 3522 0
3830 3521 0
3850 3520 0
3866 3519 0
3877 3518 0
3884 3518 0
3888 3518 0
3888 3521 0
.PEN_UP
.PEN_DOWN
3816 3525 0
3816 3530 0
3817 3535 0
3818 3541 0
3820 3546 0
3821 3552 0
3823 3556 0
3824 3559 0
3821 3556 0
3816 3554 0
3810 3552 0
3802 3552 0
3794 3553 0
3786 3555 0
3776 3559 0
3769 3564 0
3763 3570 0
3758 3578 0
3755 3586 0
3755 3593 0
3757 3600 0
3761 3607 0
3767 3612 0
3775 3616 0
3786 3618 0
3800 3618 0
3817 3617 0
3835 3616 0
3853 3614 0
3870 3613 0
3886 3612 0
3899 3612 0
3907 3605 0
3911 3609 0
.PEN_UP
.PEN_DOWN
3685 3327 0
3680 3328 0
3676 3329 0
3679 3330 0
3690 3331 0
3709 3332 0
3734 3333 0
3762 3334 0
3798 3333 0
3842 3332 0
3889 3329 0
3929 3328 0
3961 3327 0
3983 3326 0
3996 3326 0
4002 3326 0
4001 3330 0
.PEN_UP
