.VERSION 1.0 
.HIERARCHY CHARACTER
.COORD X Y T
.SEGMENT CHARACTER 0-3 OK "98"
.H_LINE 2999 3874
.V_LINE 5000 5750
.X_DIM 750
.Y_DIM 874
.X_POINTS_PER_INCH 1000
.Y_POINTS_PER_INCH 1000
.POINTS_PER_SECOND 125
.COMMENT CALIB X: 13 Y: -186

.WRITER_INFO
 Name: GOKUL KRISHNA
 WriterId: 69
 Hand: right
 EducationLevel: college graduate
 Gender: male
 Profession: student
 Region: visakhapatnam
 Age: 22
 DeviceType: digimemo a402
 SkillDevice: average
 Language: hindi
 Script: indic
 Native: false
 Style: discrete
 UsageFreq: rarely
 Proficiency: average
 Date: 2007-6-27
 WritingInProfession: no

.PEN_DOWN
5425 3240 0
5425 3236 0
5425 3231 0
5422 3227 0
5420 3224 0
5419 3230 0
5418 3240 0
5418 3254 0
5418 3272 0
5419 3296 0
5421 3324 0
5423 3353 0
5425 3381 0
5428 3406 0
5431 3428 0
5433 3445 0
5435 3458 0
5437 3467 0
5438 3472 0
5439 3475 0
5439 3472 0
5438 3468 0
5437 3465 0
5437 3465 0
.PEN_UP
.PEN_DOWN
5416 3401 0
5421 3401 0
5424 3401 0
5425 3395 0
5425 3390 0
5424 3386 0
5422 3382 0
5420 3378 0
5417 3374 0
5413 3370 0
5405 3366 0
5393 3363 0
5377 3362 0
5360 3362 0
5343 3365 0
5327 3371 0
5312 3381 0
5299 3393 0
5289 3407 0
5279 3423 0
5274 3438 0
5271 3451 0
5270 3462 0
5270 3471 0
5271 3478 0
5272 3484 0
5274 3487 0
5276 3490 0
5279 3490 0
5281 3486 0
.PEN_UP
.PEN_DOWN
5237 3349 0
5226 3349 0
5216 3349 0
5208 3349 0
5202 3349 0
5197 3352 0
5193 3354 0
5196 3355 0
5203 3355 0
5215 3355 0
5232 3353 0
5253 3351 0
5275 3349 0
5299 3348 0
5323 3347 0
5345 3347 0
5364 3347 0
5377 3347 0
5385 3347 0
5389 3348 0
5390 3352 0
5390 3352 0
.PEN_UP
.PEN_DOWN
5226 3230 0
5222 3230 0
5218 3230 0
5228 3230 0
5247 3229 0
5274 3227 0
5316 3224 0
5375 3220 0
5435 3218 0
5485 3216 0
5527 3215 0
5564 3214 0
5593 3214 0
5612 3214 0
5621 3214 0
5619 3217 0
5609 3221 0
.PEN_UP
