.VERSION 1.0 
.HIERARCHY CHARACTER
.COORD X Y T
.SEGMENT CHARACTER 0-3 OK "2"
.H_LINE 1374 2249
.V_LINE 3500 4250
.X_DIM 750
.Y_DIM 874
.X_POINTS_PER_INCH 1000
.Y_POINTS_PER_INCH 1000
.POINTS_PER_SECOND 125
.COMMENT CALIB X: 64 Y: -90

.WRITER_INFO
 Name: N UDAY KIRAN
 WriterId: 48
 Hand: right
 EducationLevel: post graduate
 Gender: male
 Profession: student
 Region: hyderabad
 Age: 26
 DeviceType: digimemo a402
 SkillDevice: average
 Language: hindi
 Script: indic
 Native: false
 Style: discrete
 UsageFreq: once a month
 Proficiency: average
 Date: 2007-6-20
 WritingInProfession: no

.PEN_DOWN
3714 1769 0
3714 1766 0
3714 1763 0
3714 1759 0
3714 1756 0
3720 1754 0
3729 1754 0
3743 1756 0
3761 1759 0
3777 1763 0
3789 1768 0
3797 1772 0
3802 1777 0
3804 1784 0
3802 1793 0
3797 1802 0
3789 1810 0
3777 1817 0
3765 1822 0
3754 1826 0
3745 1829 0
3740 1830 0
3737 1830 0
3741 1828 0
3747 1827 0
3756 1826 0
3765 1827 0
3775 1829 0
3784 1832 0
3792 1836 0
3798 1841 0
3801 1846 0
3803 1852 0
3803 1857 0
3801 1863 0
3797 1870 0
3789 1877 0
3777 1883 0
3763 1887 0
3749 1889 0
3735 1888 0
3724 1885 0
3716 1880 0
3712 1874 0
3711 1867 0
3715 1860 0
.PEN_UP
.PEN_DOWN
3769 1842 0
3773 1842 0
3781 1841 0
3792 1840 0
3805 1839 0
3817 1838 0
3829 1836 0
3839 1833 0
3848 1831 0
3855 1828 0
3859 1825 0
3862 1821 0
3863 1815 0
3863 1808 0
3863 1801 0
3862 1794 0
3861 1787 0
3860 1781 0
3859 1775 0
3857 1770 0
3855 1767 0
3854 1772 0
3853 1781 0
3852 1792 0
3853 1804 0
3854 1816 0
3855 1828 0
3856 1841 0
3857 1855 0
3859 1869 0
3861 1881 0
3862 1889 0
3863 1895 0
3865 1898 0
3852 1894 0
.PEN_UP
.PEN_DOWN
3925 1780 0
3926 1783 0
3926 1787 0
3927 1794 0
3928 1804 0
3930 1815 0
3933 1825 0
3936 1835 0
3939 1845 0
3941 1855 0
3943 1864 0
3944 1872 0
3944 1879 0
.PEN_UP
.PEN_DOWN
3839 1753 0
3843 1751 0
3847 1751 0
3855 1751 0
3868 1753 0
3889 1754 0
3915 1756 0
3943 1757 0
3970 1757 0
3998 1755 0
.PEN_UP
