.VERSION 1.0 
.HIERARCHY CHARACTER
.COORD X Y T
.SEGMENT CHARACTER 0-2 OK "18"
.H_LINE 6249 7124
.V_LINE 5000 5750
.X_DIM 750
.Y_DIM 875
.X_POINTS_PER_INCH 1000
.Y_POINTS_PER_INCH 1000
.POINTS_PER_SECOND 125
.COMMENT CALIB X: 31 Y: -83

.WRITER_INFO
 Name: N UDAY KIRAN
 WriterId: 48
 Hand: right
 EducationLevel: post graduate
 Gender: male
 Profession: student
 Region: hyderabad
 Age: 26
 DeviceType: digimemo a402
 SkillDevice: average
 Language: hindi
 Script: indic
 Native: false
 Style: discrete
 UsageFreq: once a month
 Proficiency: average
 Date: 2007-6-20
 WritingInProfession: no

.PEN_DOWN
5270 6655 0
5269 6658 0
5270 6661 0
5272 6664 0
5275 6665 0
5276 6662 0
5273 6660 0
5269 6659 0
5266 6659 0
5262 6660 0
5258 6661 0
5254 6664 0
5250 6668 0
5246 6672 0
5243 6678 0
5240 6687 0
5237 6698 0
5234 6713 0
5231 6727 0
5229 6741 0
5228 6753 0
5229 6762 0
5231 6768 0
5235 6772 0
5240 6775 0
5247 6776 0
5255 6776 0
5263 6776 0
5271 6775 0
5279 6774 0
5286 6773 0
5292 6772 0
5296 6771 0
5300 6768 0
5302 6764 0
5303 6760 0
5303 6757 0
5300 6759 0
5296 6762 0
5293 6765 0
5290 6770 0
5287 6775 0
5284 6781 0
5280 6788 0
5277 6796 0
5275 6802 0
5274 6806 0
5274 6809 0
5275 6812 0
5277 6815 0
5279 6819 0
5283 6823 0
5288 6826 0
5293 6830 0
5298 6833 0
5303 6834 0
5308 6834 0
5315 6832 0
5322 6828 0
5328 6823 0
5337 6815 0
5347 6806 0
5358 6795 0
5369 6783 0
5380 6771 0
5389 6760 0
5396 6751 0
5400 6744 0
5402 6740 0
5402 6737 0
5400 6734 0
5398 6731 0
5396 6728 0
5394 6725 0
5392 6721 0
5390 6717 0
5387 6714 0
5384 6711 0
5381 6709 0
5377 6707 0
5373 6707 0
5370 6708 0
5367 6710 0
5365 6713 0
5362 6715 0
5359 6719 0
5355 6724 0
5350 6729 0
5347 6736 0
5344 6744 0
5342 6754 0
5342 6763 0
5344 6771 0
5348 6777 0
5354 6782 0
5361 6784 0
5368 6784 0
5375 6781 0
5384 6776 0
5391 6771 0
5397 6766 0
5402 6762 0
5405 6760 0
5405 6760 0
.PEN_UP
.PEN_DOWN
5382 6634 0
5376 6634 0
5373 6634 0
5371 6638 0
5371 6643 0
5371 6650 0
5372 6658 0
5373 6667 0
5373 6676 0
5372 6686 0
5371 6696 0
5370 6706 0
.PEN_UP
.PEN_DOWN
5301 6604 0
5304 6606 0
5311 6608 0
5323 6610 0
5341 6613 0
5365 6615 0
5393 6616 0
5417 6616 0
5429 6615 0
.PEN_UP
