.VERSION 1.0 
.HIERARCHY CHARACTER
.COORD X Y T
.SEGMENT CHARACTER 0-1 OK "28"
.H_LINE 9500 10374
.V_LINE 5000 5750
.X_DIM 750
.Y_DIM 874
.X_POINTS_PER_INCH 1000
.Y_POINTS_PER_INCH 1000
.POINTS_PER_SECOND 125
.COMMENT CALIB X: 2 Y: -145

.WRITER_INFO
 Name: N UDAY KIRAN
 WriterId: 48
 Hand: right
 EducationLevel: post graduate
 Gender: male
 Profession: student
 Region: hyderabad
 Age: 26
 DeviceType: digimemo a402
 SkillDevice: average
 Language: hindi
 Script: indic
 Native: false
 Style: discrete
 UsageFreq: once a month
 Proficiency: average
 Date: 2007-6-20
 WritingInProfession: no

.PEN_DOWN
5167 9804 0
5165 9800 0
5164 9796 0
5164 9793 0
5165 9790 0
5168 9788 0
5173 9788 0
5181 9788 0
5190 9790 0
5201 9794 0
5213 9798 0
5223 9804 0
5231 9810 0
5237 9815 0
5240 9821 0
5241 9827 0
5239 9834 0
5235 9841 0
5228 9847 0
5218 9850 0
5208 9851 0
5199 9850 0
5190 9845 0
5183 9839 0
5180 9832 0
5180 9823 0
5182 9814 0
5187 9805 0
5192 9798 0
5198 9794 0
5202 9792 0
5205 9791 0
5209 9793 0
5212 9796 0
5216 9801 0
5221 9806 0
5225 9810 0
5229 9815 0
5232 9824 0
5234 9832 0
5235 9842 0
5235 9854 0
5234 9867 0
5232 9879 0
5229 9891 0
5223 9901 0
5217 9909 0
5209 9915 0
5199 9919 0
5188 9921 0
5177 9921 0
5167 9919 0
5159 9917 0
5155 9915 0
5157 9920 0
5161 9926 0
5168 9934 0
5176 9942 0
5188 9950 0
5202 9957 0
5219 9964 0
5237 9969 0
5253 9971 0
5265 9970 0
5275 9966 0
5282 9960 0
5290 9950 0
5298 9934 0
5305 9912 0
5311 9888 0
5317 9863 0
5322 9840 0
5324 9823 0
5323 9810 0
5321 9802 0
5318 9797 0
5312 9793 0
5307 9792 0
5303 9792 0
5300 9794 0
5299 9798 0
5298 9806 0
5298 9816 0
5298 9833 0
5298 9855 0
5299 9881 0
5300 9907 0
5303 9931 0
5306 9951 0
5308 9968 0
5309 9981 0
5311 9991 0
5313 9998 0
5314 10004 0
5314 10004 0
.PEN_UP
.PEN_DOWN
5259 9787 0
5264 9788 0
5272 9789 0
5289 9790 0
5311 9791 0
5335 9792 0
5359 9793 0
5382 9794 0
5399 9794 0
.PEN_UP
