.VERSION 1.0 
.HIERARCHY CHARACTER
.COORD X Y T
.SEGMENT CHARACTER 0-1 OK "31"
.H_LINE 1374 2249
.V_LINE 1999 2749
.X_DIM 749
.Y_DIM 874
.X_POINTS_PER_INCH 1000
.Y_POINTS_PER_INCH 1000
.POINTS_PER_SECOND 125
.COMMENT CALIB X: -5 Y: -37

.WRITER_INFO
 Name: N UDAY KIRAN
 WriterId: 48
 Hand: right
 EducationLevel: post graduate
 Gender: male
 Profession: student
 Region: hyderabad
 Age: 26
 DeviceType: digimemo a402
 SkillDevice: average
 Language: hindi
 Script: indic
 Native: false
 Style: discrete
 UsageFreq: once a month
 Proficiency: average
 Date: 2007-6-20
 WritingInProfession: no

.PEN_DOWN
2266 1846 0
2263 1847 0
2258 1847 0
2255 1847 0
2253 1842 0
2253 1837 0
2253 1834 0
2254 1831 0
2257 1831 0
2260 1832 0
2264 1836 0
2268 1841 0
2274 1847 0
2279 1854 0
2284 1861 0
2288 1868 0
2289 1874 0
2289 1879 0
2286 1885 0
2280 1889 0
2273 1892 0
2264 1893 0
2255 1893 0
2247 1891 0
2241 1885 0
2235 1879 0
2231 1872 0
2230 1864 0
2230 1857 0
2230 1852 0
2231 1849 0
2234 1848 0
2239 1847 0
2247 1846 0
2256 1844 0
2267 1843 0
2282 1841 0
2301 1839 0
2322 1837 0
2345 1835 0
2365 1834 0
2378 1833 0
2386 1832 0
2391 1831 0
2395 1830 0
2397 1827 0
2397 1823 0
2397 1818 0
2396 1813 0
2393 1808 0
2389 1804 0
2385 1801 0
2381 1798 0
2377 1795 0
2374 1792 0
2372 1789 0
2370 1785 0
2368 1782 0
2367 1779 0
2367 1782 0
2366 1787 0
2366 1796 0
2367 1807 0
2368 1820 0
2370 1833 0
2372 1846 0
2375 1859 0
2379 1873 0
2382 1886 0
2385 1897 0
2386 1908 0
2388 1916 0
2389 1921 0
2390 1924 0
2390 1919 0
2393 1912 0
.PEN_UP
.PEN_DOWN
2308 1769 0
2311 1768 0
2315 1769 0
2321 1771 0
2329 1774 0
2345 1777 0
2367 1778 0
2394 1777 0
2421 1774 0
2444 1772 0
2461 1770 0
2469 1771 0
2472 1772 0
.PEN_UP
