.VERSION 1.0 
.HIERARCHY CHARACTER
.COORD X Y T
.SEGMENT CHARACTER 0-1 OK "99"
.H_LINE 2999 3874
.V_LINE 6500 7250
.X_DIM 750
.Y_DIM 874
.X_POINTS_PER_INCH 1000
.Y_POINTS_PER_INCH 1000
.POINTS_PER_SECOND 125
.COMMENT CALIB X: 27 Y: -18

.WRITER_INFO
 Name: N UDAY KIRAN
 WriterId: 48
 Hand: right
 EducationLevel: post graduate
 Gender: male
 Profession: student
 Region: hyderabad
 Age: 26
 DeviceType: digimemo a402
 SkillDevice: average
 Language: hindi
 Script: indic
 Native: false
 Style: discrete
 UsageFreq: once a month
 Proficiency: average
 Date: 2007-6-20
 WritingInProfession: no

.PEN_DOWN
6781 3430 0
6783 3434 0
6784 3440 0
6786 3448 0
6787 3457 0
6789 3465 0
6791 3472 0
6792 3477 0
6793 3481 0
6793 3484 0
6791 3481 0
6790 3478 0
6789 3475 0
6787 3472 0
6784 3471 0
6781 3470 0
6778 3469 0
6775 3469 0
6772 3469 0
6768 3469 0
6764 3468 0
6761 3468 0
6758 3469 0
6755 3471 0
6752 3472 0
6749 3473 0
6746 3474 0
6743 3475 0
6739 3476 0
6736 3477 0
6733 3478 0
6730 3480 0
6726 3482 0
6722 3485 0
6719 3487 0
6716 3490 0
6714 3493 0
6711 3497 0
6710 3500 0
6709 3503 0
6708 3506 0
6708 3510 0
6708 3514 0
6708 3518 0
6708 3524 0
6708 3530 0
6709 3535 0
6710 3539 0
6711 3543 0
6713 3546 0
6714 3549 0
6716 3553 0
6717 3556 0
6718 3560 0
6719 3563 0
6721 3566 0
6725 3568 0
6728 3570 0
6732 3571 0
6736 3572 0
6740 3573 0
6745 3574 0
6749 3575 0
6753 3576 0
6758 3577 0
6765 3577 0
6772 3578 0
6779 3579 0
6785 3580 0
6790 3581 0
6793 3581 0
6796 3581 0
6799 3580 0
6802 3578 0
6805 3577 0
6803 3574 0
6800 3572 0
6797 3570 0
6793 3568 0
6790 3567 0
6787 3566 0
6784 3566 0
6781 3568 0
6777 3571 0
6773 3573 0
6770 3574 0
6767 3576 0
6765 3579 0
6762 3582 0
6759 3584 0
6757 3587 0
6754 3589 0
6752 3592 0
6750 3595 0
6748 3599 0
6746 3603 0
6743 3607 0
6741 3612 0
6739 3617 0
6736 3621 0
6734 3624 0
6733 3627 0
6733 3630 0
6733 3633 0
6732 3636 0
6732 3639 0
6731 3642 0
6731 3645 0
6731 3648 0
6732 3651 0
6732 3654 0
6733 3657 0
6735 3660 0
6738 3662 0
6741 3664 0
6744 3666 0
6748 3668 0
6752 3669 0
6757 3670 0
6762 3671 0
6767 3672 0
6772 3673 0
6775 3673 0
6778 3674 0
6781 3675 0
6784 3675 0
6789 3675 0
6795 3675 0
6800 3674 0
6806 3672 0
6814 3670 0
6819 3669 0
6822 3667 0
6823 3664 0
6824 3660 0
6827 3654 0
6829 3649 0
6829 3646 0
6827 3643 0
6824 3641 0
6820 3640 0
6817 3640 0
6814 3639 0
6811 3638 0
6808 3637 0
6805 3636 0
6802 3636 0
6799 3637 0
6796 3639 0
6793 3641 0
6792 3644 0
6791 3648 0
6792 3651 0
6792 3655 0
6793 3660 0
6793 3667 0
6794 3675 0
6794 3683 0
6795 3692 0
6796 3703 0
6797 3715 0
6798 3727 0
6798 3739 0
6798 3751 0
6798 3760 0
6798 3765 0
6797 3768 0
6798 3765 0
6799 3762 0
6799 3758 0
6800 3751 0
.PEN_UP
.PEN_DOWN
6736 3423 0
6732 3423 0
6728 3424 0
6723 3424 0
6719 3424 0
6715 3425 0
6712 3425 0
6718 3424 0
6726 3424 0
6738 3425 0
6752 3426 0
6769 3428 0
6783 3430 0
6798 3431 0
6818 3431 0
6837 3430 0
6853 3429 0
6865 3428 0
6871 3427 0
6874 3427 0
6871 3428 0
6868 3424 0
6863 3429 0
.PEN_UP
