.VERSION 1.0 
.HIERARCHY CHARACTER
.COORD X Y T
.SEGMENT CHARACTER 0-2 OK "104"
.H_LINE 4624 5499
.V_LINE 6500 7250
.X_DIM 750
.Y_DIM 874
.X_POINTS_PER_INCH 1000
.Y_POINTS_PER_INCH 1000
.POINTS_PER_SECOND 125
.COMMENT CALIB X: -6 Y: -24

.WRITER_INFO
 Name: N UDAY KIRAN
 WriterId: 48
 Hand: right
 EducationLevel: post graduate
 Gender: male
 Profession: student
 Region: hyderabad
 Age: 26
 DeviceType: digimemo a402
 SkillDevice: average
 Language: hindi
 Script: indic
 Native: false
 Style: discrete
 UsageFreq: once a month
 Proficiency: average
 Date: 2007-6-20
 WritingInProfession: no

.PEN_DOWN
6836 4993 0
6833 4989 0
6831 4986 0
6830 4983 0
6830 4986 0
6831 4991 0
6831 4998 0
6832 5007 0
6832 5021 0
6832 5036 0
6834 5055 0
6836 5072 0
6838 5088 0
6840 5103 0
6841 5117 0
6841 5131 0
6841 5143 0
6841 5153 0
6842 5162 0
6842 5169 0
6842 5174 0
6843 5177 0
6843 5181 0
6843 5185 0
6843 5189 0
6843 5192 0
6843 5188 0
6843 5184 0
6840 5177 0
.PEN_UP
.PEN_DOWN
6743 5203 0
6741 5206 0
6745 5202 0
6749 5199 0
6752 5194 0
6756 5188 0
6760 5181 0
6765 5172 0
6772 5164 0
6780 5155 0
6788 5148 0
6794 5142 0
6799 5138 0
6802 5134 0
6805 5131 0
6808 5129 0
6810 5126 0
6813 5123 0
6816 5120 0
6818 5117 0
6821 5115 0
6818 5116 0
6815 5116 0
6812 5115 0
6809 5113 0
6805 5112 0
6800 5110 0
6793 5108 0
6783 5105 0
6773 5103 0
6765 5101 0
6759 5100 0
6755 5098 0
6752 5095 0
6749 5091 0
6746 5087 0
6743 5084 0
6740 5081 0
6737 5078 0
6736 5075 0
6735 5072 0
6735 5068 0
6734 5062 0
6733 5055 0
6732 5047 0
6731 5038 0
6731 5027 0
6731 5018 0
6731 5009 0
6733 5002 0
6734 4996 0
6737 4990 0
6739 4983 0
6743 4976 0
6748 4971 0
6751 4967 0
6754 4964 0
6757 4963 0
6760 4963 0
6763 4966 0
6766 4970 0
6768 4973 0
6769 4976 0
6770 4979 0
6770 4982 0
6770 4987 0
6770 4994 0
6769 5002 0
6768 5012 0
6766 5023 0
6763 5033 0
6759 5044 0
6756 5053 0
6753 5060 0
6750 5067 0
6747 5073 0
6743 5077 0
6738 5082 0
6732 5087 0
6725 5094 0
6716 5100 0
6707 5105 0
6697 5110 0
6688 5113 0
6680 5116 0
6672 5119 0
6662 5123 0
6651 5127 0
6638 5132 0
6627 5135 0
6619 5138 0
6613 5139 0
6609 5140 0
6613 5137 0
6618 5133 0
6618 5133 0
.PEN_UP
.PEN_DOWN
6816 4979 0
6810 4979 0
6804 4979 0
6798 4979 0
6794 4979 0
6798 4980 0
6807 4980 0
6825 4979 0
6846 4977 0
6871 4975 0
6894 4974 0
6914 4973 0
6926 4973 0
6933 4973 0
6936 4974 0
6933 4974 0
6929 4974 0
6925 4975 0
6919 4975 0
6913 4975 0
.PEN_UP
