.VERSION 1.0 
.HIERARCHY CHARACTER
.COORD X Y T
.SEGMENT CHARACTER 0-2 OK "106"
.H_LINE 6249 7124
.V_LINE 1999 2749
.X_DIM 749
.Y_DIM 875
.X_POINTS_PER_INCH 1000
.Y_POINTS_PER_INCH 1000
.POINTS_PER_SECOND 125
.COMMENT CALIB X: -3 Y: -107

.WRITER_INFO
 Name: N UDAY KIRAN
 WriterId: 48
 Hand: right
 EducationLevel: post graduate
 Gender: male
 Profession: student
 Region: hyderabad
 Age: 26
 DeviceType: digimemo a402
 SkillDevice: average
 Language: hindi
 Script: indic
 Native: false
 Style: discrete
 UsageFreq: once a month
 Proficiency: average
 Date: 2007-6-20
 WritingInProfession: no

.PEN_DOWN
2294 6570 0
2294 6573 0
2294 6577 0
2294 6583 0
2295 6590 0
2296 6599 0
2298 6609 0
2301 6619 0
2304 6628 0
2306 6635 0
2308 6639 0
2307 6635 0
2305 6630 0
2303 6627 0
2301 6624 0
2298 6621 0
2295 6619 0
2290 6616 0
2284 6613 0
2280 6612 0
2277 6611 0
2273 6611 0
2269 6612 0
2264 6614 0
2260 6616 0
2255 6618 0
2251 6620 0
2248 6621 0
2245 6624 0
2241 6627 0
2237 6631 0
2234 6636 0
2230 6642 0
2226 6647 0
2223 6653 0
2222 6659 0
2221 6664 0
2221 6669 0
2222 6675 0
2223 6682 0
2225 6689 0
2227 6697 0
2229 6704 0
2232 6709 0
2235 6713 0
2238 6716 0
2241 6717 0
2244 6717 0
2247 6717 0
2250 6717 0
2253 6716 0
2256 6715 0
2261 6714 0
2266 6713 0
2271 6712 0
2278 6710 0
2286 6708 0
2292 6707 0
2297 6706 0
2301 6706 0
2304 6707 0
2307 6709 0
2310 6711 0
2314 6715 0
2318 6718 0
2322 6721 0
2326 6724 0
2329 6727 0
2332 6732 0
2334 6737 0
2336 6743 0
2337 6749 0
2338 6755 0
2339 6759 0
2340 6762 0
2340 6757 0
2339 6751 0
2338 6745 0
2336 6739 0
2333 6734 0
2329 6730 0
2324 6726 0
2319 6722 0
2313 6719 0
2308 6716 0
2304 6714 0
2300 6712 0
2296 6710 0
2293 6708 0
2290 6706 0
2287 6704 0
2284 6703 0
2280 6703 0
2275 6705 0
2271 6706 0
2267 6707 0
2263 6709 0
2260 6711 0
2257 6714 0
2252 6717 0
2248 6720 0
2245 6724 0
2240 6731 0
2235 6739 0
2229 6746 0
2224 6753 0
2221 6759 0
2218 6764 0
2216 6769 0
2215 6774 0
2214 6779 0
2214 6785 0
2215 6793 0
2216 6801 0
2217 6809 0
2219 6815 0
2221 6820 0
2222 6823 0
2225 6825 0
2229 6826 0
2234 6828 0
2239 6830 0
2245 6831 0
2251 6831 0
2257 6831 0
2261 6831 0
2264 6830 0
2264 6830 0
.PEN_UP
.PEN_DOWN
2340 6727 0
2343 6729 0
2344 6732 0
2345 6735 0
2346 6739 0
2346 6743 0
2346 6748 0
2345 6752 0
2344 6756 0
2341 6760 0
2336 6764 0
2327 6768 0
2318 6772 0
2309 6775 0
2302 6776 0
2298 6776 0
2295 6774 0
2292 6770 0
2289 6766 0
2286 6762 0
2284 6758 0
2285 6761 0
2289 6763 0
2295 6765 0
2305 6767 0
2320 6767 0
2335 6768 0
2350 6769 0
2368 6769 0
2386 6769 0
2401 6768 0
2413 6766 0
2422 6762 0
2429 6757 0
2434 6749 0
2438 6738 0
2444 6723 0
2450 6705 0
2455 6687 0
2459 6669 0
2462 6653 0
2462 6638 0
2460 6625 0
2456 6613 0
2450 6604 0
2444 6598 0
2440 6594 0
2438 6591 0
2437 6588 0
2436 6585 0
2435 6582 0
2434 6585 0
2433 6591 0
2432 6600 0
2430 6611 0
2430 6624 0
2430 6638 0
2431 6655 0
2432 6674 0
2433 6695 0
2433 6716 0
2433 6735 0
2433 6752 0
2433 6768 0
2433 6781 0
2434 6790 0
2434 6795 0
2434 6798 0
2435 6793 0
2436 6788 0
2436 6780 0
2436 6772 0
.PEN_UP
.PEN_DOWN
2272 6560 0
2275 6561 0
2279 6562 0
2284 6562 0
2291 6562 0
2304 6563 0
2324 6563 0
2353 6564 0
2389 6566 0
2425 6567 0
2454 6566 0
2475 6565 0
2488 6564 0
2494 6563 0
2497 6563 0
2494 6565 0
.PEN_UP
