.VERSION 1.0 
.HIERARCHY CHARACTER
.COORD X Y T
.SEGMENT CHARACTER 0-2 OK "6"
.H_LINE 2999 3874
.V_LINE 1999 2749
.X_DIM 749
.Y_DIM 874
.X_POINTS_PER_INCH 1000
.Y_POINTS_PER_INCH 1000
.POINTS_PER_SECOND 125
.COMMENT CALIB X: -28 Y: -161

.WRITER_INFO
 Name: E RAGHU
 WriterId: 99
 Hand: right
 EducationLevel: college graduate
 Gender: male
 Profession: student
 Region: visakhapatnam
 Age: 22
 DeviceType: digimemo a402
 SkillDevice: average
 Language: hindi
 Script: indic
 Native: false
 Style: discrete
 UsageFreq: rarely
 Proficiency: average
 Date: 2007-8-17
 WritingInProfession: no

.PEN_DOWN
2224 3427 0
2221 3427 0
2224 3428 0
2231 3428 0
2239 3428 0
2251 3429 0
2264 3431 0
2278 3433 0
2291 3436 0
2302 3440 0
2308 3445 0
2312 3451 0
2313 3458 0
2311 3466 0
2305 3474 0
2297 3482 0
2287 3489 0
2276 3495 0
2266 3498 0
2258 3500 0
2252 3501 0
2249 3501 0
2255 3499 0
2265 3497 0
2278 3497 0
2291 3499 0
2303 3502 0
2312 3506 0
2320 3512 0
2326 3518 0
2329 3525 0
2330 3533 0
2328 3542 0
2323 3551 0
2317 3558 0
2309 3565 0
2299 3571 0
2288 3575 0
2277 3578 0
2268 3579 0
2259 3578 0
2253 3576 0
2247 3573 0
2240 3569 0
2235 3565 0
2233 3560 0
2232 3554 0
.PEN_UP
.PEN_DOWN
2269 3503 0
2271 3500 0
2278 3497 0
2291 3494 0
2306 3491 0
2321 3489 0
2334 3488 0
2349 3489 0
2362 3491 0
2372 3495 0
2382 3500 0
2389 3507 0
2394 3514 0
2398 3523 0
2402 3532 0
2404 3542 0
2406 3550 0
2407 3557 0
2408 3562 0
2408 3565 0
2408 3561 0
.PEN_UP
.PEN_DOWN
2152 3427 0
2158 3425 0
2175 3422 0
2201 3419 0
2235 3416 0
2275 3414 0
2318 3411 0
2356 3409 0
2383 3408 0
2400 3408 0
2410 3407 0
2415 3407 0
2417 3413 0
2415 3408 0
.PEN_UP
