.VERSION 1.0 
.HIERARCHY CHARACTER
.COORD X Y T
.SEGMENT CHARACTER 0-2 OK "41"
.H_LINE 4624 5499
.V_LINE 1999 2749
.X_DIM 749
.Y_DIM 874
.X_POINTS_PER_INCH 1000
.Y_POINTS_PER_INCH 1000
.POINTS_PER_SECOND 125
.COMMENT CALIB X: -24 Y: -166

.WRITER_INFO
 Name: E RAGHU
 WriterId: 99
 Hand: right
 EducationLevel: college graduate
 Gender: male
 Profession: student
 Region: visakhapatnam
 Age: 22
 DeviceType: digimemo a402
 SkillDevice: average
 Language: hindi
 Script: indic
 Native: false
 Style: discrete
 UsageFreq: rarely
 Proficiency: average
 Date: 2007-8-17
 WritingInProfession: no

.PEN_DOWN
2294 5010 0
2286 5011 0
2280 5012 0
2276 5013 0
2273 5014 0
2269 5015 0
2266 5016 0
2263 5016 0
2260 5017 0
2256 5018 0
2252 5018 0
2249 5017 0
2246 5017 0
2242 5016 0
2239 5015 0
2237 5009 0
2236 5003 0
2236 4996 0
2237 4989 0
2239 4983 0
2243 4978 0
2248 4974 0
2255 4972 0
2264 4973 0
2273 4977 0
2283 4984 0
2293 4994 0
2301 5005 0
2307 5017 0
2310 5030 0
2309 5046 0
2305 5061 0
2297 5076 0
2287 5089 0
2276 5100 0
2265 5109 0
2256 5114 0
2249 5116 0
2241 5115 0
2236 5112 0
2233 5105 0
2231 5096 0
2232 5086 0
2234 5078 0
2239 5073 0
2245 5070 0
2253 5070 0
2263 5075 0
2275 5082 0
2286 5090 0
2297 5101 0
2307 5112 0
2317 5122 0
2328 5131 0
2337 5137 0
2344 5140 0
2349 5142 0
.PEN_UP
.PEN_DOWN
2371 4955 0
2371 4952 0
2371 4955 0
2372 4963 0
2374 4978 0
2377 4994 0
2380 5012 0
2383 5030 0
2385 5050 0
2387 5069 0
2389 5086 0
2390 5101 0
2391 5112 0
2392 5119 0
2393 5122 0
2394 5111 0
2394 5101 0
.PEN_UP
.PEN_DOWN
2289 4968 0
2292 4968 0
2298 4968 0
2311 4968 0
2333 4967 0
2360 4966 0
2385 4966 0
2408 4964 0
2428 4962 0
2444 4961 0
2457 4959 0
.PEN_UP
