.VERSION 1.0 
.HIERARCHY CHARACTER
.COORD X Y T
.SEGMENT CHARACTER 0-2 OK "97"
.H_LINE 2999 3874
.V_LINE 3500 4250
.X_DIM 750
.Y_DIM 874
.X_POINTS_PER_INCH 1000
.Y_POINTS_PER_INCH 1000
.POINTS_PER_SECOND 125
.COMMENT CALIB X: -16 Y: -174

.WRITER_INFO
 Name: E RAGHU
 WriterId: 99
 Hand: right
 EducationLevel: college graduate
 Gender: male
 Profession: student
 Region: visakhapatnam
 Age: 22
 DeviceType: digimemo a402
 SkillDevice: average
 Language: hindi
 Script: indic
 Native: false
 Style: discrete
 UsageFreq: rarely
 Proficiency: average
 Date: 2007-8-17
 WritingInProfession: no

.PEN_DOWN
3830 3279 0
3827 3277 0
3824 3277 0
3823 3282 0
3823 3289 0
3825 3299 0
3829 3310 0
3836 3320 0
3845 3331 0
3854 3342 0
3864 3352 0
3876 3360 0
3886 3366 0
3894 3370 0
3899 3372 0
3897 3369 0
3893 3366 0
3886 3363 0
3876 3361 0
3864 3360 0
3851 3359 0
3837 3360 0
3821 3363 0
3807 3368 0
3794 3376 0
3782 3385 0
3772 3396 0
3765 3406 0
3761 3416 0
3759 3426 0
3760 3434 0
3764 3442 0
3772 3448 0
3784 3454 0
3803 3457 0
3827 3458 0
3854 3458 0
3879 3456 0
3900 3453 0
3915 3450 0
3926 3447 0
3933 3444 0
3937 3441 0
3939 3435 0
.PEN_UP
.PEN_DOWN
3859 3468 0
3859 3474 0
3861 3481 0
3864 3488 0
3869 3495 0
3875 3501 0
3880 3506 0
3883 3509 0
3879 3509 0
3871 3509 0
3858 3510 0
3840 3513 0
3823 3517 0
3809 3523 0
3798 3529 0
3791 3536 0
3787 3544 0
3787 3553 0
3791 3561 0
3799 3569 0
3811 3575 0
3826 3579 0
3845 3580 0
3867 3578 0
3887 3575 0
3905 3570 0
3918 3563 0
3928 3555 0
3933 3547 0
.PEN_UP
.PEN_DOWN
3701 3262 0
3692 3262 0
3683 3262 0
3678 3262 0
3683 3263 0
3696 3264 0
3717 3264 0
3743 3264 0
3775 3262 0
3812 3261 0
3853 3259 0
3891 3258 0
3925 3256 0
.PEN_UP
