.VERSION 1.0 
.HIERARCHY CHARACTER
.COORD X Y T
.SEGMENT CHARACTER 0-1 OK "101"
.H_LINE 4624 5499
.V_LINE 1999 2749
.X_DIM 749
.Y_DIM 874
.X_POINTS_PER_INCH 1000
.Y_POINTS_PER_INCH 1000
.POINTS_PER_SECOND 125
.COMMENT CALIB X: 4 Y: -157

.WRITER_INFO
 Name: E RAGHU
 WriterId: 99
 Hand: right
 EducationLevel: college graduate
 Gender: male
 Profession: student
 Region: visakhapatnam
 Age: 22
 DeviceType: digimemo a402
 SkillDevice: average
 Language: hindi
 Script: indic
 Native: false
 Style: discrete
 UsageFreq: rarely
 Proficiency: average
 Date: 2007-8-17
 WritingInProfession: no

.PEN_DOWN
2291 5006 0
2292 5002 0
2293 4999 0
2294 4996 0
2293 5001 0
2294 5006 0
2296 5012 0
2298 5020 0
2301 5027 0
2304 5035 0
2306 5043 0
2308 5049 0
2309 5054 0
2310 5057 0
2307 5055 0
2304 5054 0
2299 5052 0
2291 5051 0
2282 5050 0
2269 5051 0
2258 5053 0
2249 5056 0
2243 5060 0
2239 5065 0
2237 5072 0
2237 5082 0
2240 5092 0
2247 5103 0
2255 5113 0
2266 5120 0
2278 5124 0
2290 5126 0
2299 5126 0
2304 5126 0
2298 5128 0
2289 5131 0
2276 5138 0
2264 5146 0
2254 5154 0
2247 5163 0
2244 5173 0
2244 5182 0
2248 5190 0
2255 5196 0
2266 5199 0
2279 5200 0
2294 5197 0
2309 5191 0
2325 5183 0
2340 5171 0
2356 5156 0
2370 5138 0
2383 5118 0
2394 5097 0
2401 5076 0
2404 5056 0
2404 5038 0
2401 5023 0
2397 5016 0
2394 5013 0
2392 5019 0
2392 5034 0
2393 5057 0
2394 5085 0
2394 5113 0
2395 5142 0
2397 5169 0
2401 5192 0
2405 5206 0
2407 5213 0
2409 5216 0
2409 5212 0
2409 5202 0
2408 5188 0
.PEN_UP
.PEN_DOWN
2166 5011 0
2170 5011 0
2186 5010 0
2215 5009 0
2256 5008 0
2310 5008 0
2371 5008 0
2424 5008 0
2463 5007 0
2490 5007 0
.PEN_UP
