.VERSION 1.0 
.HIERARCHY CHARACTER
.COORD X Y T
.SEGMENT CHARACTER 0-3 OK "2"
.H_LINE 1374 2249
.V_LINE 3500 4250
.X_DIM 750
.Y_DIM 874
.X_POINTS_PER_INCH 1000
.Y_POINTS_PER_INCH 1000
.POINTS_PER_SECOND 125
.COMMENT CALIB X: 69 Y: -130

.WRITER_INFO
 Name: BVK BHARADWAJ
 WriterId: 38
 Hand: right
 EducationLevel: post graduate
 Gender: male
 Profession: research scholar
 Region: bhadrachalam
 Age: 23
 DeviceType: digimemo a402
 SkillDevice: average
 Language: hindi
 Script: indic
 Native: false
 Style: discrete
 UsageFreq: once a month
 Proficiency: good
 Date: 2007-6-18
 WritingInProfession: no

.PEN_DOWN
3683 1782 0
3684 1778 0
3686 1775 0
3689 1772 0
3696 1770 0
3706 1769 0
3718 1769 0
3732 1770 0
3746 1773 0
3757 1777 0
3764 1782 0
3767 1786 0
3767 1792 0
3763 1798 0
3757 1804 0
3750 1810 0
3744 1817 0
3738 1825 0
3735 1832 0
3734 1840 0
3735 1848 0
3739 1856 0
3745 1864 0
3754 1873 0
3767 1883 0
3783 1894 0
3798 1903 0
3808 1910 0
3813 1915 0
3814 1918 0
3810 1922 0
3802 1925 0
3786 1927 0
3766 1928 0
3746 1928 0
3731 1927 0
3722 1927 0
.PEN_UP
.PEN_DOWN
3801 1847 0
3807 1848 0
3816 1848 0
3826 1847 0
3836 1844 0
3846 1840 0
3854 1834 0
3861 1826 0
3866 1818 0
3868 1810 0
3868 1803 0
3867 1794 0
3864 1787 0
3860 1782 0
3857 1778 0
3855 1781 0
3854 1787 0
3854 1795 0
3854 1806 0
3856 1820 0
3858 1838 0
3859 1857 0
3861 1877 0
3863 1896 0
3865 1912 0
3866 1925 0
3867 1935 0
3869 1942 0
3856 1945 0
.PEN_UP
.PEN_DOWN
3994 1794 0
3991 1794 0
3990 1797 0
3988 1803 0
3987 1812 0
3987 1824 0
3987 1838 0
3988 1853 0
3989 1870 0
3991 1887 0
3993 1904 0
3994 1919 0
3994 1929 0
.PEN_UP
.PEN_DOWN
3752 1738 0
3758 1736 0
3773 1734 0
3795 1734 0
3827 1735 0
3871 1737 0
3923 1739 0
3974 1741 0
4012 1744 0
.PEN_UP
