.VERSION 1.0 
.HIERARCHY CHARACTER
.COORD X Y T
.SEGMENT CHARACTER 0-1 OK "25"
.H_LINE 9500 10374
.V_LINE 499 1250
.X_DIM 750
.Y_DIM 874
.X_POINTS_PER_INCH 1000
.Y_POINTS_PER_INCH 1000
.POINTS_PER_SECOND 125
.COMMENT CALIB X: -26 Y: -120

.WRITER_INFO
 Name: BVK BHARADWAJ
 WriterId: 38
 Hand: right
 EducationLevel: post graduate
 Gender: male
 Profession: research scholar
 Region: bhadrachalam
 Age: 23
 DeviceType: digimemo a402
 SkillDevice: average
 Language: hindi
 Script: indic
 Native: false
 Style: discrete
 UsageFreq: once a month
 Proficiency: good
 Date: 2007-6-18
 WritingInProfession: no

.PEN_DOWN
792 9731 0
791 9728 0
790 9724 0
790 9721 0
790 9716 0
789 9712 0
786 9716 0
786 9723 0
786 9735 0
787 9748 0
790 9763 0
790 9779 0
788 9794 0
786 9807 0
783 9820 0
781 9833 0
779 9842 0
777 9848 0
776 9851 0
775 9848 0
774 9845 0
773 9841 0
771 9837 0
768 9834 0
764 9830 0
761 9827 0
758 9824 0
756 9821 0
755 9818 0
753 9815 0
750 9813 0
747 9811 0
744 9809 0
740 9807 0
736 9806 0
732 9805 0
728 9805 0
723 9805 0
718 9806 0
711 9809 0
706 9813 0
700 9820 0
695 9828 0
690 9837 0
686 9848 0
684 9860 0
683 9873 0
683 9889 0
683 9907 0
684 9926 0
686 9943 0
689 9958 0
693 9971 0
697 9982 0
702 9991 0
708 9997 0
715 10001 0
722 10003 0
729 10003 0
737 10001 0
747 9998 0
758 9993 0
768 9987 0
777 9982 0
784 9976 0
790 9969 0
796 9960 0
800 9951 0
802 9942 0
802 9934 0
801 9926 0
798 9918 0
795 9912 0
791 9907 0
787 9904 0
782 9901 0
777 9900 0
772 9900 0
766 9901 0
758 9904 0
750 9907 0
745 9909 0
741 9910 0
739 9913 0
738 9917 0
739 9923 0
742 9924 0
.PEN_UP
.PEN_DOWN
710 9703 0
716 9698 0
726 9690 0
743 9679 0
769 9670 0
803 9661 0
843 9653 0
880 9647 0
913 9643 0
940 9641 0
961 9639 0
.PEN_UP
