.VERSION 1.0 
.HIERARCHY CHARACTER
.COORD X Y T
.SEGMENT CHARACTER 0-2 OK "102"
.H_LINE 4624 5499
.V_LINE 3500 4250
.X_DIM 750
.Y_DIM 874
.X_POINTS_PER_INCH 1000
.Y_POINTS_PER_INCH 1000
.POINTS_PER_SECOND 125
.COMMENT CALIB X: 85 Y: -136

.WRITER_INFO
 Name: BVK BHARADWAJ
 WriterId: 38
 Hand: right
 EducationLevel: post graduate
 Gender: male
 Profession: research scholar
 Region: bhadrachalam
 Age: 23
 DeviceType: digimemo a402
 SkillDevice: average
 Language: hindi
 Script: indic
 Native: false
 Style: discrete
 UsageFreq: once a month
 Proficiency: good
 Date: 2007-6-18
 WritingInProfession: no

.PEN_DOWN
3685 5006 0
3690 5006 0
3699 5004 0
3716 5002 0
3738 5001 0
3762 4999 0
3788 4997 0
3812 4995 0
3832 4992 0
3846 4990 0
3855 4988 0
3860 4987 0
3860 4984 0
3860 4984 0
.PEN_UP
.PEN_DOWN
3813 4996 0
3813 5000 0
3813 5005 0
3814 5012 0
3815 5020 0
3816 5030 0
3818 5039 0
3820 5049 0
3821 5060 0
3823 5070 0
3824 5077 0
3824 5083 0
3825 5086 0
3823 5083 0
3821 5080 0
3819 5077 0
3816 5074 0
3813 5072 0
3809 5070 0
3802 5070 0
3793 5070 0
3783 5072 0
3769 5076 0
3755 5081 0
3742 5087 0
3730 5094 0
3721 5101 0
3715 5109 0
3712 5118 0
3711 5127 0
3713 5137 0
3717 5148 0
3724 5159 0
3733 5169 0
3745 5178 0
3761 5186 0
3776 5190 0
3791 5192 0
3803 5192 0
3814 5190 0
3825 5186 0
3836 5181 0
3844 5175 0
3849 5169 0
3852 5163 0
3853 5158 0
3853 5153 0
3852 5149 0
3849 5145 0
3846 5142 0
3843 5142 0
3841 5148 0
3839 5159 0
3838 5171 0
3838 5185 0
3838 5200 0
3839 5215 0
3841 5231 0
3843 5247 0
3846 5262 0
3849 5276 0
3853 5286 0
3856 5293 0
3859 5298 0
3861 5303 0
3863 5306 0
3857 5301 0
.PEN_UP
.PEN_DOWN
3669 5152 0
3667 5149 0
3664 5146 0
3660 5145 0
3655 5145 0
3649 5146 0
3644 5149 0
3639 5154 0
3634 5162 0
3629 5171 0
3625 5180 0
3624 5190 0
3624 5200 0
3626 5208 0
3630 5216 0
3637 5223 0
3647 5227 0
3657 5230 0
3665 5230 0
3671 5230 0
3675 5230 0
3669 5229 0
3664 5230 0
3660 5232 0
3656 5236 0
3651 5241 0
3646 5248 0
3643 5254 0
3642 5261 0
3642 5268 0
3645 5274 0
3651 5279 0
3662 5282 0
3678 5286 0
3699 5287 0
3719 5286 0
3745 5283 0
3766 5279 0
3782 5274 0
3795 5268 0
3804 5260 0
3809 5252 0
3811 5243 0
3811 5234 0
3809 5226 0
3807 5221 0
3805 5218 0
3805 5223 0
.PEN_UP
