.VERSION 1.0 
.HIERARCHY CHARACTER
.COORD X Y T
.SEGMENT CHARACTER 0-1 OK "3"
.H_LINE 1374 2249
.V_LINE 5000 5750
.X_DIM 750
.Y_DIM 874
.X_POINTS_PER_INCH 1000
.Y_POINTS_PER_INCH 1000
.POINTS_PER_SECOND 125
.COMMENT CALIB X: -22 Y: -21

.WRITER_INFO
 Name: SANDEEP CHAWLA
 WriterId: 7
 Hand: right
 EducationLevel: college graduate
 Gender: male
 Profession: student
 Region: madhya pradesh
 Age: 23
 DeviceType: digimemo a402
 SkillDevice: average
 Language: hindi
 Script: indic
 Native: true
 Style: discrete
 UsageFreq: once a week
 Proficiency: good
 Date: 2007-6-11
 WritingInProfession: no

.PEN_DOWN
5296 1759 0
5296 1756 0
5297 1760 0
5297 1766 0
5299 1775 0
5300 1784 0
5300 1794 0
5300 1805 0
5300 1814 0
5301 1820 0
5302 1824 0
5301 1820 0
5300 1813 0
5299 1805 0
5297 1799 0
5294 1795 0
5289 1792 0
5283 1793 0
5274 1797 0
5265 1802 0
5257 1810 0
5250 1818 0
5243 1827 0
5239 1836 0
5236 1844 0
5235 1852 0
5235 1858 0
5236 1863 0
5238 1867 0
5242 1870 0
5246 1872 0
5254 1873 0
5263 1873 0
5272 1874 0
5282 1876 0
5292 1878 0
5299 1881 0
5305 1884 0
5309 1888 0
5312 1892 0
5312 1897 0
5310 1902 0
5303 1908 0
5293 1916 0
5282 1925 0
5270 1933 0
5259 1940 0
5248 1945 0
5239 1948 0
5233 1947 0
5228 1944 0
5226 1939 0
5225 1933 0
5226 1927 0
5229 1922 0
5232 1919 0
5235 1916 0
5238 1915 0
5241 1915 0
5244 1916 0
5248 1920 0
5253 1927 0
5258 1933 0
5263 1941 0
5269 1950 0
5274 1959 0
5280 1968 0
5285 1975 0
5286 1981 0
.PEN_UP
.PEN_DOWN
5215 1734 0
5220 1732 0
5226 1730 0
5235 1728 0
5247 1725 0
5265 1721 0
5290 1718 0
5320 1714 0
5350 1711 0
5377 1708 0
5397 1706 0
5411 1705 0
5419 1705 0
5422 1704 0
5423 1710 0
.PEN_UP
