.VERSION 1.0 
.HIERARCHY CHARACTER
.COORD X Y T
.SEGMENT CHARACTER 0-5 OK "10"
.H_LINE 4624 5499
.V_LINE 499 1250
.X_DIM 750
.Y_DIM 874
.X_POINTS_PER_INCH 1000
.Y_POINTS_PER_INCH 1000
.POINTS_PER_SECOND 125
.COMMENT CALIB X: -12 Y: -34

.WRITER_INFO
 Name: SANDEEP CHAWLA
 WriterId: 7
 Hand: right
 EducationLevel: college graduate
 Gender: male
 Profession: student
 Region: madhya pradesh
 Age: 23
 DeviceType: digimemo a402
 SkillDevice: average
 Language: hindi
 Script: indic
 Native: true
 Style: discrete
 UsageFreq: once a week
 Proficiency: good
 Date: 2007-6-11
 WritingInProfession: no

.PEN_DOWN
715 4991 0
715 4991 0
.PEN_UP
.PEN_DOWN
704 5002 0
695 5000 0
690 4998 0
687 4995 0
687 4992 0
688 4988 0
691 4983 0
697 4977 0
705 4972 0
712 4967 0
720 4965 0
728 4964 0
735 4963 0
741 4964 0
745 4967 0
749 4971 0
752 4976 0
754 4983 0
755 4992 0
755 5003 0
753 5017 0
749 5031 0
745 5044 0
739 5055 0
734 5062 0
729 5067 0
725 5070 0
728 5066 0
732 5062 0
736 5059 0
740 5056 0
744 5054 0
749 5055 0
754 5058 0
759 5063 0
764 5070 0
768 5078 0
771 5086 0
772 5095 0
771 5103 0
768 5110 0
765 5116 0
761 5122 0
754 5125 0
748 5127 0
742 5127 0
735 5126 0
728 5124 0
723 5120 0
720 5115 0
719 5110 0
.PEN_UP
.PEN_DOWN
767 5059 0
768 5055 0
771 5049 0
776 5043 0
784 5037 0
793 5031 0
804 5024 0
816 5018 0
828 5012 0
840 5007 0
850 5003 0
857 5000 0
861 4997 0
862 4994 0
862 4990 0
861 4987 0
859 4983 0
856 4979 0
853 4975 0
850 4971 0
849 4968 0
848 4974 0
848 4982 0
849 4991 0
850 5003 0
852 5017 0
853 5031 0
855 5045 0
856 5058 0
857 5071 0
857 5083 0
857 5095 0
857 5103 0
859 5111 0
.PEN_UP
.PEN_DOWN
962 4951 0
953 4950 0
948 4949 0
945 4949 0
944 4953 0
944 4960 0
944 4970 0
945 4982 0
946 4997 0
947 5016 0
947 5036 0
947 5053 0
947 5070 0
946 5085 0
945 5097 0
944 5106 0
.PEN_UP
.PEN_DOWN
821 4890 0
815 4891 0
809 4891 0
802 4890 0
796 4889 0
791 4888 0
788 4889 0
785 4888 0
781 4884 0
779 4878 0
778 4872 0
777 4865 0
776 4859 0
777 4853 0
778 4847 0
781 4843 0
784 4840 0
789 4842 0
797 4847 0
808 4853 0
821 4861 0
836 4870 0
852 4880 0
872 4891 0
892 4903 0
909 4916 0
924 4931 0
935 4945 0
943 4955 0
950 4967 0
.PEN_UP
.PEN_DOWN
807 4958 0
803 4958 0
807 4956 0
816 4955 0
832 4953 0
855 4950 0
885 4946 0
917 4943 0
947 4940 0
973 4936 0
993 4934 0
1009 4933 0
1021 4932 0
1027 4933 0
1030 4933 0
1031 4930 0
1030 4936 0
.PEN_UP
