.VERSION 1.0 
.HIERARCHY CHARACTER
.COORD X Y T
.SEGMENT CHARACTER 0-5 OK "11"
.H_LINE 4624 5499
.V_LINE 1999 2749
.X_DIM 749
.Y_DIM 874
.X_POINTS_PER_INCH 1000
.Y_POINTS_PER_INCH 1000
.POINTS_PER_SECOND 125
.COMMENT CALIB X: -17 Y: -29

.WRITER_INFO
 Name: SANDEEP CHAWLA
 WriterId: 7
 Hand: right
 EducationLevel: college graduate
 Gender: male
 Profession: student
 Region: madhya pradesh
 Age: 23
 DeviceType: digimemo a402
 SkillDevice: average
 Language: hindi
 Script: indic
 Native: true
 Style: discrete
 UsageFreq: once a week
 Proficiency: good
 Date: 2007-6-11
 WritingInProfession: no

.PEN_DOWN
2203 5055 0
2202 5052 0
2201 5047 0
2200 5042 0
2200 5038 0
2202 5034 0
2204 5030 0
2208 5025 0
2213 5021 0
2219 5018 0
2225 5017 0
2230 5017 0
2235 5020 0
2240 5025 0
2245 5031 0
2248 5038 0
2249 5046 0
2250 5054 0
2250 5063 0
2249 5072 0
2243 5083 0
2237 5092 0
2231 5098 0
2225 5102 0
2220 5104 0
2217 5105 0
2218 5102 0
2221 5099 0
2225 5097 0
2230 5095 0
2235 5093 0
2240 5094 0
2245 5097 0
2250 5103 0
2254 5109 0
2257 5117 0
2259 5125 0
2259 5133 0
2257 5141 0
2253 5147 0
2246 5153 0
2238 5157 0
2231 5160 0
2223 5161 0
2215 5160 0
2208 5158 0
2202 5154 0
2198 5150 0
2196 5142 0
.PEN_UP
.PEN_DOWN
2259 5110 0
2263 5109 0
2268 5107 0
2275 5104 0
2283 5101 0
2293 5097 0
2303 5093 0
2312 5090 0
2320 5085 0
2327 5081 0
2332 5076 0
2335 5071 0
2337 5066 0
2337 5059 0
2336 5052 0
2335 5045 0
2334 5038 0
2333 5031 0
2332 5025 0
2332 5022 0
2332 5019 0
2332 5023 0
2333 5030 0
2334 5041 0
2335 5052 0
2337 5063 0
2339 5076 0
2340 5089 0
2341 5102 0
2341 5115 0
2341 5127 0
2342 5137 0
2344 5145 0
2345 5150 0
.PEN_UP
.PEN_DOWN
2400 5000 0
2397 4999 0
2396 5003 0
2396 5011 0
2397 5023 0
2398 5040 0
2400 5056 0
2402 5074 0
2403 5092 0
2404 5110 0
2405 5124 0
2405 5136 0
2404 5145 0
2405 5152 0
.PEN_UP
.PEN_DOWN
2308 4911 0
2303 4910 0
2297 4909 0
2291 4908 0
2285 4908 0
2280 4909 0
2275 4910 0
2270 4911 0
2266 4912 0
2262 4912 0
2259 4912 0
2256 4909 0
2253 4907 0
2251 4903 0
2250 4899 0
2248 4892 0
2248 4886 0
2250 4880 0
2253 4875 0
2256 4871 0
2261 4868 0
2267 4866 0
2275 4868 0
2284 4872 0
2296 4878 0
2308 4888 0
2321 4899 0
2334 4912 0
2346 4926 0
2357 4941 0
2367 4954 0
2376 4965 0
2383 4974 0
.PEN_UP
.PEN_DOWN
2415 4855 0
2415 4852 0
2416 4849 0
2421 4846 0
2427 4844 0
2434 4843 0
2441 4843 0
2448 4845 0
2453 4848 0
2457 4854 0
2461 4861 0
2463 4868 0
2462 4877 0
2458 4886 0
2453 4894 0
2447 4904 0
2438 4915 0
2430 4926 0
2421 4937 0
2412 4949 0
2403 4961 0
2394 4971 0
2387 4981 0
2382 4990 0
2379 4996 0
.PEN_UP
.PEN_DOWN
2300 5005 0
2304 5004 0
2313 5003 0
2328 5001 0
2350 4998 0
2377 4996 0
2404 4992 0
2431 4989 0
2453 4986 0
2470 4984 0
2480 4982 0
2487 4981 0
2490 4980 0
2490 4980 0
.PEN_UP
