.VERSION 1.0 
.HIERARCHY CHARACTER
.COORD X Y T
.SEGMENT CHARACTER 0-1 OK "30"
.H_LINE 1374 2249
.V_LINE 499 1250
.X_DIM 750
.Y_DIM 874
.X_POINTS_PER_INCH 1000
.Y_POINTS_PER_INCH 1000
.POINTS_PER_SECOND 125
.COMMENT CALIB X: -48 Y: 34

.WRITER_INFO
 Name: SANDEEP CHAWLA
 WriterId: 7
 Hand: right
 EducationLevel: college graduate
 Gender: male
 Profession: student
 Region: madhya pradesh
 Age: 23
 DeviceType: digimemo a402
 SkillDevice: average
 Language: hindi
 Script: indic
 Native: true
 Style: discrete
 UsageFreq: once a week
 Proficiency: good
 Date: 2007-6-11
 WritingInProfession: no

.PEN_DOWN
727 1844 0
731 1845 0
734 1844 0
739 1840 0
744 1836 0
748 1831 0
753 1825 0
758 1820 0
762 1815 0
765 1809 0
768 1803 0
770 1797 0
771 1792 0
771 1787 0
770 1784 0
769 1781 0
765 1780 0
761 1780 0
756 1782 0
749 1786 0
742 1790 0
736 1795 0
732 1801 0
728 1809 0
724 1818 0
721 1830 0
717 1843 0
714 1856 0
712 1869 0
711 1879 0
711 1888 0
711 1896 0
712 1902 0
713 1907 0
716 1911 0
719 1913 0
724 1912 0
729 1910 0
733 1908 0
737 1907 0
740 1906 0
737 1906 0
733 1908 0
729 1911 0
725 1916 0
721 1920 0
717 1927 0
715 1935 0
714 1941 0
714 1946 0
715 1951 0
717 1956 0
720 1961 0
723 1965 0
727 1968 0
733 1969 0
741 1969 0
751 1967 0
764 1963 0
780 1954 0
800 1944 0
819 1933 0
837 1921 0
852 1907 0
864 1892 0
873 1878 0
879 1865 0
882 1852 0
883 1841 0
883 1830 0
882 1822 0
881 1816 0
881 1812 0
879 1815 0
878 1819 0
877 1825 0
876 1832 0
876 1840 0
875 1852 0
874 1865 0
872 1878 0
871 1892 0
870 1906 0
868 1921 0
866 1935 0
864 1948 0
863 1958 0
862 1968 0
862 1977 0
861 1983 0
861 1986 0
860 1982 0
857 1976 0
854 1969 0
.PEN_UP
.PEN_DOWN
815 1825 0
817 1822 0
821 1820 0
827 1819 0
838 1817 0
853 1815 0
871 1811 0
892 1805 0
914 1798 0
935 1794 0
952 1790 0
964 1788 0
971 1788 0
974 1788 0
971 1790 0
.PEN_UP
