.VERSION 1.0 
.HIERARCHY CHARACTER
.COORD X Y T
.SEGMENT CHARACTER 0-2 OK "100"
.H_LINE 4624 5499
.V_LINE 499 1250
.X_DIM 750
.Y_DIM 874
.X_POINTS_PER_INCH 1000
.Y_POINTS_PER_INCH 1000
.POINTS_PER_SECOND 125
.COMMENT CALIB X: -12 Y: -34

.WRITER_INFO
 Name: SANDEEP CHAWLA
 WriterId: 7
 Hand: right
 EducationLevel: college graduate
 Gender: male
 Profession: student
 Region: madhya pradesh
 Age: 23
 DeviceType: digimemo a402
 SkillDevice: average
 Language: hindi
 Script: indic
 Native: true
 Style: discrete
 UsageFreq: once a week
 Proficiency: good
 Date: 2007-6-11
 WritingInProfession: no

.PEN_DOWN
895 4947 0
894 4944 0
893 4941 0
893 4938 0
893 4935 0
892 4938 0
892 4942 0
893 4949 0
895 4959 0
896 4970 0
897 4981 0
897 4991 0
896 5001 0
895 5011 0
894 5018 0
894 5022 0
894 5025 0
894 5021 0
893 5016 0
891 5010 0
889 5005 0
885 5001 0
880 4996 0
872 4994 0
862 4994 0
849 4995 0
837 4997 0
828 4999 0
818 5004 0
807 5009 0
798 5015 0
791 5021 0
785 5028 0
780 5036 0
776 5042 0
774 5049 0
772 5057 0
771 5066 0
770 5074 0
771 5083 0
772 5093 0
773 5101 0
775 5109 0
777 5115 0
780 5120 0
784 5125 0
789 5128 0
794 5130 0
800 5132 0
810 5133 0
821 5134 0
833 5134 0
845 5133 0
858 5131 0
871 5129 0
881 5127 0
888 5126 0
892 5125 0
892 5122 0
891 5119 0
887 5116 0
882 5114 0
876 5112 0
871 5111 0
866 5111 0
863 5112 0
860 5113 0
857 5115 0
855 5119 0
853 5124 0
851 5129 0
849 5135 0
849 5142 0
849 5149 0
849 5159 0
849 5169 0
850 5181 0
850 5193 0
849 5204 0
847 5213 0
845 5221 0
842 5229 0
838 5236 0
.PEN_UP
.PEN_DOWN
784 5131 0
782 5128 0
778 5127 0
772 5127 0
767 5128 0
762 5130 0
758 5134 0
753 5139 0
749 5142 0
748 5147 0
748 5154 0
749 5162 0
752 5170 0
756 5177 0
761 5183 0
770 5186 0
782 5186 0
797 5184 0
813 5179 0
831 5173 0
845 5168 0
854 5164 0
859 5161 0
859 5161 0
.PEN_UP
.PEN_DOWN
769 4944 0
771 4941 0
776 4939 0
786 4936 0
805 4934 0
831 4931 0
864 4927 0
901 4924 0
935 4920 0
965 4916 0
988 4914 0
1005 4912 0
1017 4911 0
1024 4911 0
1027 4910 0
1025 4900 0
1022 4905 0
.PEN_UP
