.VERSION 1.0 
.HIERARCHY CHARACTER
.COORD X Y T
.SEGMENT CHARACTER 0-3 OK "103"
.H_LINE 4624 5499
.V_LINE 5000 5750
.X_DIM 750
.Y_DIM 874
.X_POINTS_PER_INCH 1000
.Y_POINTS_PER_INCH 1000
.POINTS_PER_SECOND 125
.COMMENT CALIB X: 19 Y: -43

.WRITER_INFO
 Name: SANDEEP CHAWLA
 WriterId: 7
 Hand: right
 EducationLevel: college graduate
 Gender: male
 Profession: student
 Region: madhya pradesh
 Age: 23
 DeviceType: digimemo a402
 SkillDevice: average
 Language: hindi
 Script: indic
 Native: true
 Style: discrete
 UsageFreq: once a week
 Proficiency: good
 Date: 2007-6-11
 WritingInProfession: no

.PEN_DOWN
5305 5043 0
5304 5047 0
5302 5050 0
5299 5054 0
5297 5057 0
5294 5059 0
5290 5061 0
5285 5061 0
5281 5059 0
5278 5056 0
5275 5051 0
5272 5045 0
5269 5040 0
5267 5034 0
5267 5028 0
5267 5023 0
5268 5019 0
5269 5015 0
5271 5011 0
5274 5005 0
5277 5000 0
5281 4996 0
5284 4994 0
5287 4992 0
5290 4993 0
5293 4995 0
5299 4996 0
5307 4998 0
5316 5000 0
5329 5001 0
5346 5002 0
5364 5003 0
5380 5004 0
5393 5005 0
5401 5006 0
5405 5007 0
5405 5007 0
.PEN_UP
.PEN_DOWN
5322 5111 0
5323 5114 0
5324 5117 0
5324 5121 0
5324 5124 0
5324 5128 0
5324 5132 0
5322 5136 0
5319 5141 0
5316 5144 0
5313 5146 0
5309 5148 0
5305 5149 0
5301 5147 0
5298 5144 0
5294 5141 0
5291 5137 0
5288 5132 0
5284 5128 0
5283 5123 0
5282 5119 0
5284 5115 0
5286 5111 0
5289 5106 0
5296 5101 0
5305 5095 0
5317 5089 0
5333 5082 0
5350 5075 0
5367 5069 0
5381 5064 0
5395 5059 0
5406 5054 0
5414 5050 0
5420 5046 0
5424 5043 0
5427 5040 0
5432 5036 0
5438 5033 0
5443 5031 0
5446 5029 0
5446 5032 0
5446 5027 0
.PEN_UP
.PEN_DOWN
5437 4914 0
5437 4909 0
5437 4905 0
5443 4903 0
5446 4901 0
5446 4907 0
5446 4913 0
5446 4921 0
5446 4932 0
5445 4945 0
5443 4961 0
5442 4980 0
5441 5004 0
5439 5025 0
5437 5046 0
5435 5068 0
5434 5086 0
5433 5103 0
5433 5116 0
5433 5126 0
5433 5133 0
5433 5137 0
5432 5128 0
.PEN_UP
.PEN_DOWN
5309 4900 0
5314 4899 0
5321 4897 0
5332 4894 0
5348 4891 0
5371 4889 0
5402 4886 0
5437 4882 0
5473 4880 0
5501 4879 0
5521 4877 0
5536 4876 0
5547 4875 0
5553 4875 0
5556 4874 0
.PEN_UP
