.VERSION 1.0 
.HIERARCHY CHARACTER
.COORD X Y T
.SEGMENT CHARACTER 0-3 OK "106"
.H_LINE 6249 7124
.V_LINE 1999 2749
.X_DIM 749
.Y_DIM 875
.X_POINTS_PER_INCH 1000
.Y_POINTS_PER_INCH 1000
.POINTS_PER_SECOND 125
.COMMENT CALIB X: -14 Y: -44

.WRITER_INFO
 Name: SANDEEP CHAWLA
 WriterId: 7
 Hand: right
 EducationLevel: college graduate
 Gender: male
 Profession: student
 Region: madhya pradesh
 Age: 23
 DeviceType: digimemo a402
 SkillDevice: average
 Language: hindi
 Script: indic
 Native: true
 Style: discrete
 UsageFreq: once a week
 Proficiency: good
 Date: 2007-6-11
 WritingInProfession: no

.PEN_DOWN
2354 6569 0
2355 6577 0
2356 6584 0
2357 6591 0
2357 6599 0
2358 6605 0
2358 6611 0
2359 6615 0
2359 6618 0
2358 6613 0
2356 6609 0
2353 6605 0
2348 6602 0
2341 6600 0
2334 6600 0
2327 6601 0
2318 6604 0
2309 6607 0
2300 6610 0
2292 6614 0
2285 6618 0
2278 6623 0
2272 6628 0
2267 6633 0
2264 6638 0
2261 6643 0
2259 6649 0
2258 6655 0
2258 6660 0
2259 6663 0
2260 6667 0
2262 6670 0
2265 6673 0
2270 6675 0
2275 6676 0
2281 6676 0
2288 6675 0
2296 6673 0
2304 6672 0
2311 6672 0
2318 6672 0
2325 6672 0
2333 6673 0
2341 6675 0
2349 6677 0
2355 6680 0
2359 6683 0
2362 6687 0
2366 6692 0
2369 6697 0
2372 6702 0
2375 6708 0
2377 6713 0
2378 6718 0
2379 6723 0
2380 6729 0
2379 6735 0
2377 6741 0
2374 6748 0
2370 6754 0
2367 6758 0
2365 6755 0
.PEN_UP
.PEN_DOWN
2304 6683 0
2302 6679 0
2298 6676 0
2294 6674 0
2291 6672 0
2287 6672 0
2282 6673 0
2276 6675 0
2270 6677 0
2264 6680 0
2259 6686 0
2252 6695 0
2246 6704 0
2243 6714 0
2241 6725 0
2239 6735 0
2239 6747 0
2239 6758 0
2240 6768 0
2243 6778 0
2246 6787 0
2251 6797 0
2257 6805 0
2265 6812 0
2274 6818 0
2284 6824 0
2295 6829 0
2305 6834 0
2313 6840 0
2321 6844 0
2326 6847 0
2330 6849 0
2333 6851 0
2336 6852 0
2336 6852 0
.PEN_UP
.PEN_DOWN
2361 6707 0
2366 6707 0
2371 6708 0
2376 6709 0
2380 6711 0
2382 6715 0
2383 6719 0
2384 6724 0
2384 6731 0
2381 6737 0
2378 6744 0
2373 6752 0
2368 6758 0
2364 6764 0
2360 6768 0
2355 6773 0
2350 6777 0
2347 6779 0
2349 6782 0
2352 6784 0
2357 6787 0
2364 6789 0
2375 6790 0
2387 6790 0
2399 6789 0
2411 6786 0
2422 6783 0
2431 6779 0
2439 6774 0
2446 6766 0
2452 6758 0
2457 6747 0
2461 6733 0
2465 6718 0
2469 6702 0
2472 6686 0
2476 6674 0
2478 6663 0
2479 6652 0
2480 6643 0
2481 6633 0
2482 6624 0
2483 6615 0
2483 6605 0
2484 6596 0
2483 6589 0
2482 6584 0
2482 6580 0
2481 6577 0
2481 6574 0
2480 6571 0
2479 6568 0
2478 6573 0
2477 6581 0
2477 6590 0
2477 6600 0
2477 6609 0
2478 6620 0
2478 6632 0
2478 6648 0
2477 6665 0
2476 6684 0
2476 6703 0
2476 6722 0
2477 6741 0
2478 6759 0
2479 6774 0
2480 6786 0
2479 6796 0
2478 6802 0
2478 6806 0
2478 6806 0
.PEN_UP
.PEN_DOWN
2246 6548 0
2249 6546 0
2253 6544 0
2258 6542 0
2268 6539 0
2281 6537 0
2301 6536 0
2327 6534 0
2360 6531 0
2397 6528 0
2433 6524 0
2464 6521 0
2488 6517 0
2509 6514 0
2526 6511 0
2537 6510 0
2543 6509 0
2543 6509 0
.PEN_UP
