.VERSION 1.0 
.HIERARCHY CHARACTER
.COORD X Y T
.SEGMENT CHARACTER 0-2 OK "66"
.H_LINE 2999 3874
.V_LINE 1999 2749
.X_DIM 749
.Y_DIM 874
.X_POINTS_PER_INCH 1000
.Y_POINTS_PER_INCH 1000
.POINTS_PER_SECOND 125
.COMMENT CALIB X: -48 Y: 47

.WRITER_INFO
 Name: A SUNIL
 WriterId: 40
 Hand: right
 EducationLevel: post graduate
 Gender: male
 Profession: research scholar
 Region: hyderabad
 Age: 23
 DeviceType: digimemo a402
 SkillDevice: average
 Language: hindi
 Script: indic
 Native: false
 Style: discrete
 UsageFreq: rarely
 Proficiency: average
 Date: 2007-6-18
 WritingInProfession: no

.PEN_DOWN
2327 3475 0
2330 3474 0
2333 3474 0
2336 3474 0
2341 3475 0
2347 3476 0
2353 3477 0
2359 3479 0
2364 3482 0
2368 3485 0
2370 3489 0
2371 3495 0
2371 3500 0
2372 3505 0
2371 3510 0
2370 3515 0
2368 3522 0
2365 3529 0
2361 3535 0
2357 3542 0
2349 3549 0
2341 3555 0
2334 3561 0
2329 3567 0
2324 3572 0
2320 3577 0
2316 3581 0
2311 3584 0
2307 3586 0
2302 3587 0
2297 3587 0
2292 3587 0
2286 3589 0
2279 3591 0
2272 3593 0
2265 3594 0
2259 3595 0
2255 3594 0
2252 3594 0
2251 3591 0
2250 3588 0
2250 3585 0
2249 3582 0
2249 3579 0
2252 3577 0
2255 3577 0
2261 3578 0
2268 3580 0
2276 3583 0
2285 3588 0
2296 3593 0
2308 3600 0
2319 3607 0
2332 3614 0
2344 3620 0
2355 3625 0
2366 3630 0
2375 3634 0
2383 3638 0
2389 3641 0
2393 3643 0
2396 3644 0
2399 3645 0
2403 3645 0
2407 3643 0
2409 3640 0
.PEN_UP
.PEN_DOWN
2453 3517 0
2451 3514 0
2448 3513 0
2445 3513 0
2442 3513 0
2438 3514 0
2434 3515 0
2430 3516 0
2426 3518 0
2423 3520 0
2420 3522 0
2417 3524 0
2415 3530 0
2412 3535 0
2410 3539 0
2408 3542 0
2406 3545 0
2405 3549 0
2405 3552 0
2405 3555 0
2406 3558 0
2408 3561 0
2409 3564 0
2411 3567 0
2413 3570 0
2415 3573 0
2418 3576 0
2421 3579 0
2424 3582 0
2426 3585 0
2429 3588 0
2431 3591 0
2434 3593 0
2437 3594 0
2440 3594 0
2444 3594 0
2447 3594 0
2450 3593 0
2453 3593 0
2456 3591 0
2459 3589 0
2462 3585 0
2465 3582 0
2467 3576 0
.PEN_UP
.PEN_DOWN
2370 3483 0
2363 3482 0
2356 3480 0
2349 3479 0
2342 3478 0
2336 3478 0
2332 3478 0
2335 3478 0
2343 3478 0
2356 3477 0
2374 3476 0
2393 3475 0
2412 3475 0
2429 3475 0
2442 3475 0
2453 3475 0
2461 3475 0
2466 3475 0
2469 3476 0
2466 3477 0
.PEN_UP
