.VERSION 1.0 
.HIERARCHY CHARACTER
.COORD X Y T
.SEGMENT CHARACTER 0-1 OK "88"
.H_LINE 9500 10374
.V_LINE 5000 5750
.X_DIM 750
.Y_DIM 874
.X_POINTS_PER_INCH 1000
.Y_POINTS_PER_INCH 1000
.POINTS_PER_SECOND 125
.COMMENT CALIB X: 42 Y: -73

.WRITER_INFO
 Name: A SUNIL
 WriterId: 40
 Hand: right
 EducationLevel: post graduate
 Gender: male
 Profession: research scholar
 Region: hyderabad
 Age: 23
 DeviceType: digimemo a402
 SkillDevice: average
 Language: hindi
 Script: indic
 Native: false
 Style: discrete
 UsageFreq: rarely
 Proficiency: average
 Date: 2007-6-18
 WritingInProfession: no

.PEN_DOWN
5348 10169 0
5345 10169 0
5342 10166 0
5339 10163 0
5336 10160 0
5332 10157 0
5327 10151 0
5322 10145 0
5317 10139 0
5313 10133 0
5308 10126 0
5305 10121 0
5303 10117 0
5302 10113 0
5301 10109 0
5300 10106 0
5300 10101 0
5299 10095 0
5299 10091 0
5299 10087 0
5299 10084 0
5300 10081 0
5301 10076 0
5302 10072 0
5305 10068 0
5307 10065 0
5309 10062 0
5311 10059 0
5314 10055 0
5318 10052 0
5322 10050 0
5327 10048 0
5331 10047 0
5334 10047 0
5338 10050 0
5342 10053 0
5347 10056 0
5353 10059 0
5358 10062 0
5361 10066 0
5363 10070 0
5366 10075 0
5369 10079 0
5371 10084 0
5373 10088 0
5374 10091 0
5375 10094 0
5376 10097 0
5375 10093 0
5374 10089 0
5373 10084 0
5373 10079 0
5372 10075 0
5372 10071 0
5373 10066 0
5375 10062 0
5377 10059 0
5380 10055 0
5384 10052 0
5388 10049 0
5393 10046 0
5399 10042 0
5408 10039 0
5418 10037 0
5429 10037 0
.PEN_UP
.PEN_DOWN
5297 9947 0
5293 9946 0
5290 9946 0
5285 9946 0
5281 9945 0
5276 9946 0
5272 9946 0
5269 9946 0
5272 9945 0
5280 9943 0
5290 9941 0
5304 9938 0
5318 9936 0
5332 9935 0
5344 9934 0
5352 9934 0
5358 9934 0
5363 9933 0
5366 9932 0
5370 9931 0
5375 9930 0
5380 9930 0
5384 9930 0
5387 9930 0
5390 9931 0
5393 9932 0
5397 9935 0
.PEN_UP
