369.0,79.0
371.0,81.0
372.0,83.0
374.0,86.0
375.0,88.0
376.0,90.0
378.0,94.0
379.0,95.0
381.0,97.0
381.0,100.0
382.0,102.0
382.0,103.0
383.0,104.0
383.0,107.0
383.0,108.0
383.0,109.0
385.0,110.0
385.0,111.0
385.0,113.0
385.0,114.0
385.0,115.0
385.0,117.0
385.0,118.0
385.0,120.0
385.0,121.0
383.0,123.0
381.0,127.0
379.0,129.0
376.0,133.0
375.0,135.0
371.0,137.0
369.0,140.0
365.0,143.0
362.0,145.0
360.0,148.0
357.0,150.0
354.0,152.0
352.0,155.0
350.0,157.0
348.0,158.0
345.0,161.0
344.0,162.0
343.0,165.0
341.0,167.0
341.0,169.0
340.0,170.0
340.0,172.0
338.0,174.0
338.0,175.0
338.0,176.0
338.0,178.0
338.0,179.0
338.0,182.0
338.0,183.0
338.0,185.0
338.0,187.0
338.0,190.0
338.0,192.0
341.0,195.0
343.0,197.0
345.0,199.0
348.0,202.0
352.0,203.0
355.0,204.0
360.0,205.0
362.0,205.0
368.0,205.0
372.0,205.0
378.0,205.0
381.0,205.0
386.0,205.0
390.0,205.0
396.0,203.0
400.0,202.0
405.0,199.0
407.0,197.0
410.0,194.0
412.0,192.0
413.0,191.0
-1.0,-1.0
312.0,79.0
314.0,79.0
317.0,79.0
322.0,79.0
324.0,79.0
330.0,79.0
334.0,79.0
341.0,79.0
347.0,79.0
354.0,79.0
357.0,79.0
362.0,79.0
367.0,79.0
368.0,79.0
371.0,79.0
378.0,79.0
390.0,79.0
396.0,79.0
400.0,79.0
403.0,79.0
407.0,79.0
410.0,79.0
413.0,79.0
416.0,79.0
419.0,79.0
420.0,79.0
423.0,79.0
424.0,79.0
-1.0,-1.0
 
