294.0,55.0
294.0,56.0
294.0,57.0
294.0,60.0
294.0,63.0
294.0,64.0
294.0,69.0
294.0,71.0
294.0,76.0
294.0,78.0
294.0,81.0
294.0,83.0
294.0,85.0
294.0,88.0
294.0,90.0
294.0,91.0
294.0,92.0
294.0,94.0
294.0,95.0
293.0,95.0
290.0,95.0
287.0,95.0
281.0,95.0
278.0,95.0
274.0,95.0
270.0,96.0
266.0,97.0
263.0,98.0
259.0,101.0
256.0,102.0
255.0,103.0
253.0,105.0
252.0,106.0
249.0,110.0
248.0,112.0
246.0,116.0
245.0,117.0
243.0,121.0
243.0,123.0
243.0,125.0
242.0,126.0
240.0,130.0
240.0,133.0
239.0,136.0
239.0,138.0
239.0,140.0
239.0,144.0
239.0,145.0
239.0,150.0
239.0,153.0
242.0,158.0
243.0,160.0
246.0,164.0
249.0,165.0
252.0,166.0
253.0,167.0
257.0,169.0
259.0,170.0
262.0,170.0
264.0,171.0
267.0,172.0
270.0,172.0
274.0,172.0
277.0,172.0
283.0,172.0
295.0,172.0
298.0,172.0
301.0,171.0
302.0,171.0
305.0,170.0
307.0,169.0
-1.0,-1.0
257.0,52.0
260.0,52.0
264.0,52.0
270.0,54.0
274.0,54.0
281.0,54.0
286.0,55.0
294.0,55.0
300.0,55.0
307.0,55.0
311.0,55.0
316.0,55.0
319.0,55.0
322.0,55.0
325.0,55.0
326.0,55.0
-1.0,-1.0
 
