364.0,35.0
364.0,36.0
364.0,38.0
364.0,42.0
366.0,48.0
367.0,53.0
369.0,60.0
370.0,64.0
370.0,68.0
370.0,71.0
372.0,72.0
372.0,73.0
372.0,74.0
372.0,76.0
372.0,77.0
372.0,78.0
370.0,79.0
367.0,80.0
362.0,83.0
358.0,84.0
351.0,87.0
345.0,88.0
335.0,93.0
325.0,95.0
309.0,101.0
296.0,106.0
282.0,110.0
272.0,115.0
262.0,117.0
257.0,118.0
253.0,120.0
249.0,122.0
246.0,123.0
244.0,124.0
242.0,126.0
240.0,129.0
237.0,131.0
237.0,132.0
236.0,135.0
235.0,136.0
235.0,137.0
233.0,141.0
233.0,144.0
233.0,148.0
233.0,150.0
232.0,151.0
232.0,153.0
232.0,156.0
232.0,159.0
232.0,162.0
232.0,165.0
232.0,168.0
233.0,170.0
235.0,172.0
237.0,176.0
240.0,178.0
246.0,184.0
250.0,187.0
261.0,195.0
270.0,199.0
285.0,205.0
294.0,210.0
302.0,211.0
308.0,213.0
321.0,214.0
330.0,214.0
340.0,216.0
350.0,216.0
360.0,216.0
365.0,216.0
377.0,216.0
386.0,216.0
398.0,216.0
403.0,216.0
409.0,216.0
413.0,214.0
420.0,212.0
423.0,209.0
428.0,206.0
433.0,202.0
436.0,201.0
437.0,200.0
439.0,198.0
443.0,195.0
445.0,194.0
447.0,191.0
449.0,190.0
449.0,189.0
450.0,189.0
450.0,188.0
-1.0,-1.0
294.0,36.0
298.0,36.0
304.0,35.0
309.0,34.0
316.0,33.0
321.0,33.0
328.0,32.0
332.0,32.0
336.0,32.0
339.0,32.0
343.0,32.0
350.0,30.0
354.0,30.0
361.0,30.0
366.0,30.0
368.0,30.0
371.0,30.0
376.0,30.0
380.0,30.0
384.0,30.0
388.0,30.0
390.0,30.0
394.0,30.0
395.0,30.0
398.0,30.0
399.0,30.0
402.0,30.0
404.0,30.0
-1.0,-1.0
 
