329.0,140.0
329.0,142.0
331.0,144.0
331.0,146.0
331.0,147.0
332.0,150.0
333.0,154.0
333.0,156.0
335.0,157.0
335.0,159.0
335.0,161.0
336.0,163.0
336.0,164.0
336.0,166.0
336.0,167.0
336.0,168.0
336.0,169.0
338.0,169.0
338.0,170.0
338.0,171.0
338.0,173.0
338.0,174.0
338.0,175.0
338.0,176.0
336.0,176.0
333.0,177.0
332.0,177.0
329.0,178.0
328.0,180.0
325.0,180.0
324.0,180.0
321.0,181.0
319.0,181.0
317.0,182.0
315.0,182.0
314.0,182.0
312.0,183.0
311.0,183.0
309.0,183.0
307.0,184.0
305.0,186.0
304.0,186.0
302.0,187.0
301.0,187.0
301.0,188.0
300.0,188.0
298.0,189.0
297.0,190.0
295.0,191.0
295.0,193.0
294.0,196.0
293.0,197.0
291.0,201.0
290.0,203.0
288.0,205.0
288.0,207.0
287.0,209.0
287.0,210.0
287.0,211.0
287.0,213.0
286.0,214.0
286.0,216.0
286.0,218.0
286.0,220.0
286.0,221.0
286.0,223.0
286.0,225.0
286.0,227.0
287.0,230.0
287.0,232.0
290.0,235.0
291.0,237.0
294.0,240.0
295.0,241.0
298.0,243.0
300.0,243.0
301.0,244.0
302.0,244.0
304.0,244.0
307.0,244.0
309.0,244.0
312.0,244.0
315.0,244.0
319.0,244.0
322.0,244.0
325.0,244.0
328.0,244.0
331.0,244.0
332.0,243.0
335.0,243.0
336.0,242.0
339.0,241.0
340.0,240.0
343.0,237.0
346.0,235.0
349.0,232.0
352.0,230.0
353.0,228.0
355.0,227.0
356.0,225.0
357.0,223.0
359.0,221.0
359.0,218.0
360.0,218.0
-1.0,-1.0
287.0,144.0
288.0,144.0
291.0,143.0
294.0,142.0
298.0,141.0
301.0,140.0
307.0,139.0
309.0,137.0
314.0,136.0
317.0,136.0
321.0,135.0
324.0,135.0
325.0,134.0
328.0,134.0
331.0,134.0
333.0,134.0
336.0,133.0
339.0,133.0
342.0,133.0
345.0,132.0
346.0,132.0
350.0,132.0
353.0,132.0
356.0,132.0
359.0,132.0
362.0,132.0
363.0,132.0
366.0,132.0
367.0,132.0
369.0,132.0
370.0,132.0
-1.0,-1.0
380.0,134.0
-1.0,-1.0
377.0,132.0
378.0,132.0
378.0,133.0
380.0,133.0
-1.0,-1.0
 
