.VERSION 1.0 
.HIERARCHY CHARACTER
.COORD X Y T
.SEGMENT CHARACTER 0-4 OK "7"
.H_LINE 2999 3874
.V_LINE 3500 4250
.X_DIM 750
.Y_DIM 874
.X_POINTS_PER_INCH 1000
.Y_POINTS_PER_INCH 1000
.POINTS_PER_SECOND 125
.COMMENT CALIB X: -12 Y: -103

.WRITER_INFO
 Name: SWAGAT B
 WriterId: 63
 Hand: right
 EducationLevel: college graduate
 Gender: male
 Profession: student
 Region: orissa
 Age: 20
 DeviceType: digimemo a402
 SkillDevice: average
 Language: hindi
 Script: indic
 Native: false
 Style: discrete
 UsageFreq: once a month
 Proficiency: good
 Date: 2007-6-26
 WritingInProfession: no

.PEN_DOWN
3735 3377 0
3738 3373 0
3743 3368 0
3750 3362 0
3757 3358 0
3762 3353 0
3766 3349 0
3769 3346 0
3771 3343 0
3770 3346 0
3770 3349 0
3772 3354 0
3776 3362 0
3783 3371 0
3794 3382 0
3808 3395 0
3824 3408 0
3839 3419 0
3850 3427 0
3857 3433 0
3862 3437 0
3861 3433 0
3858 3428 0
3855 3424 0
3851 3421 0
.PEN_UP
.PEN_DOWN
3881 3328 0
3884 3337 0
3888 3350 0
3891 3368 0
3892 3391 0
3892 3418 0
3890 3447 0
3889 3473 0
3889 3497 0
3889 3517 0
3889 3533 0
3889 3546 0
3889 3554 0
3890 3559 0
3891 3555 0
3891 3551 0
3891 3546 0
.PEN_UP
.PEN_DOWN
3889 3481 0
3889 3485 0
3874 3493 0
3856 3502 0
3839 3510 0
3824 3518 0
3812 3524 0
3802 3529 0
3795 3531 0
.PEN_UP
.PEN_DOWN
3898 3477 0
3901 3470 0
3904 3464 0
3909 3459 0
3914 3452 0
3920 3445 0
3927 3439 0
3934 3433 0
3942 3428 0
3948 3423 0
3954 3418 0
3960 3413 0
3965 3409 0
3969 3407 0
3971 3404 0
3973 3401 0
3975 3398 0
3975 3395 0
3975 3392 0
3974 3389 0
3973 3386 0
3970 3383 0
3967 3382 0
3964 3384 0
3962 3388 0
3960 3391 0
3959 3394 0
3959 3398 0
3959 3403 0
3959 3408 0
3960 3411 0
3962 3415 0
3965 3419 0
3968 3424 0
3973 3430 0
3979 3437 0
3985 3444 0
3990 3451 0
3994 3457 0
3997 3461 0
3999 3465 0
4001 3468 0
3998 3465 0
3994 3465 0
3990 3466 0
3985 3469 0
3979 3473 0
3974 3478 0
3970 3485 0
3965 3493 0
3962 3501 0
3959 3510 0
3958 3520 0
3958 3529 0
3960 3537 0
3963 3544 0
3969 3549 0
3977 3553 0
3986 3555 0
3997 3554 0
4010 3552 0
4024 3548 0
4038 3543 0
4054 3538 0
.PEN_UP
.PEN_DOWN
3813 3327 0
3820 3326 0
3837 3325 0
3863 3324 0
3894 3323 0
3923 3321 0
3949 3322 0
3967 3322 0
3976 3322 0
3976 3322 0
.PEN_UP
