.VERSION 1.0 
.HIERARCHY CHARACTER
.COORD X Y T
.SEGMENT CHARACTER 0-2 OK "18"
.H_LINE 6249 7124
.V_LINE 5000 5750
.X_DIM 750
.Y_DIM 875
.X_POINTS_PER_INCH 1000
.Y_POINTS_PER_INCH 1000
.POINTS_PER_SECOND 125
.COMMENT CALIB X: -6 Y: -102

.WRITER_INFO
 Name: SWAGAT B
 WriterId: 63
 Hand: right
 EducationLevel: college graduate
 Gender: male
 Profession: student
 Region: orissa
 Age: 20
 DeviceType: digimemo a402
 SkillDevice: average
 Language: hindi
 Script: indic
 Native: false
 Style: discrete
 UsageFreq: once a month
 Proficiency: good
 Date: 2007-6-26
 WritingInProfession: no

.PEN_DOWN
5271 6601 0
5270 6604 0
5270 6608 0
5270 6615 0
5270 6623 0
5270 6631 0
5271 6639 0
5271 6648 0
5272 6657 0
5273 6665 0
5273 6673 0
5273 6680 0
5273 6688 0
5273 6694 0
5272 6699 0
5272 6703 0
5272 6706 0
5276 6707 0
5281 6707 0
5289 6707 0
5298 6707 0
5305 6707 0
5310 6707 0
5314 6708 0
5318 6708 0
5325 6708 0
5335 6709 0
5343 6710 0
5348 6710 0
5345 6709 0
5342 6708 0
5339 6708 0
5336 6708 0
5332 6707 0
5327 6707 0
5320 6708 0
5315 6709 0
5310 6711 0
5306 6713 0
5303 6716 0
5300 6720 0
5298 6723 0
5296 6727 0
5295 6731 0
5294 6735 0
5293 6740 0
5293 6745 0
5293 6751 0
5292 6758 0
5291 6764 0
5289 6770 0
5288 6775 0
5288 6779 0
5288 6783 0
5289 6786 0
5292 6789 0
5295 6792 0
5299 6794 0
5304 6797 0
5310 6799 0
5318 6800 0
5326 6801 0
5335 6802 0
5344 6803 0
5351 6805 0
5358 6806 0
5365 6806 0
5375 6806 0
5387 6805 0
5398 6804 0
5407 6802 0
5415 6798 0
5424 6793 0
5433 6786 0
5442 6778 0
5449 6769 0
5455 6762 0
5459 6756 0
5463 6752 0
5465 6748 0
5467 6744 0
5468 6741 0
5469 6738 0
5470 6734 0
5471 6731 0
5472 6727 0
5473 6722 0
5474 6717 0
5475 6711 0
5476 6704 0
5477 6698 0
5478 6693 0
5477 6689 0
5477 6686 0
5476 6683 0
5473 6680 0
5469 6677 0
5465 6674 0
5460 6671 0
5455 6669 0
5450 6668 0
5444 6667 0
5437 6669 0
5429 6673 0
5419 6678 0
5410 6685 0
5404 6693 0
5400 6701 0
5399 6708 0
5401 6715 0
5407 6720 0
5416 6723 0
5428 6725 0
5440 6725 0
5451 6722 0
5461 6717 0
5469 6712 0
5473 6698 0
.PEN_UP
.PEN_DOWN
5454 6593 0
5454 6590 0
5454 6587 0
5454 6590 0
5454 6595 0
5454 6601 0
5454 6612 0
5454 6626 0
5455 6638 0
5455 6650 0
5455 6662 0
5455 6671 0
5457 6679 0
.PEN_UP
.PEN_DOWN
5187 6596 0
5195 6596 0
5212 6596 0
5238 6595 0
5274 6595 0
5325 6595 0
5387 6595 0
5440 6596 0
5482 6597 0
5517 6598 0
5545 6598 0
5561 6598 0
5568 6598 0
5568 6598 0
.PEN_UP
