.VERSION 1.0 
.HIERARCHY CHARACTER
.COORD X Y T
.SEGMENT CHARACTER 0-3 OK "20"
.H_LINE 7874 8750
.V_LINE 499 1250
.X_DIM 750
.Y_DIM 875
.X_POINTS_PER_INCH 1000
.Y_POINTS_PER_INCH 1000
.POINTS_PER_SECOND 125
.COMMENT CALIB X: -84 Y: -4

.WRITER_INFO
 Name: SWAGAT B
 WriterId: 63
 Hand: right
 EducationLevel: college graduate
 Gender: male
 Profession: student
 Region: orissa
 Age: 20
 DeviceType: digimemo a402
 SkillDevice: average
 Language: hindi
 Script: indic
 Native: false
 Style: discrete
 UsageFreq: once a month
 Proficiency: good
 Date: 2007-6-26
 WritingInProfession: no

.PEN_DOWN
817 8250 0
819 8247 0
822 8248 0
825 8251 0
828 8257 0
831 8265 0
835 8274 0
841 8284 0
847 8294 0
852 8301 0
855 8306 0
856 8309 0
853 8306 0
848 8302 0
841 8298 0
831 8297 0
813 8298 0
793 8301 0
773 8305 0
755 8308 0
742 8310 0
733 8314 0
727 8317 0
723 8319 0
722 8322 0
722 8325 0
722 8328 0
724 8332 0
727 8336 0
733 8339 0
742 8341 0
753 8342 0
766 8343 0
778 8345 0
791 8346 0
803 8348 0
813 8351 0
823 8356 0
831 8361 0
838 8366 0
843 8372 0
847 8378 0
850 8384 0
853 8389 0
854 8392 0
854 8395 0
851 8398 0
847 8401 0
840 8404 0
831 8408 0
819 8411 0
807 8414 0
795 8417 0
781 8419 0
768 8421 0
755 8422 0
743 8422 0
733 8422 0
726 8421 0
721 8418 0
717 8415 0
714 8412 0
712 8409 0
711 8406 0
714 8403 0
719 8402 0
726 8402 0
735 8404 0
745 8407 0
755 8411 0
766 8416 0
778 8421 0
790 8428 0
801 8438 0
811 8447 0
822 8457 0
833 8467 0
843 8476 0
853 8484 0
863 8490 0
872 8493 0
880 8495 0
886 8494 0
891 8492 0
893 8488 0
894 8482 0
895 8477 0
896 8467 0
.PEN_UP
.PEN_DOWN
863 8366 0
868 8366 0
879 8365 0
894 8363 0
908 8361 0
921 8359 0
931 8358 0
938 8357 0
942 8356 0
945 8354 0
947 8351 0
949 8348 0
953 8346 0
.PEN_UP
.PEN_DOWN
952 8282 0
951 8274 0
950 8269 0
949 8265 0
949 8262 0
948 8267 0
948 8273 0
948 8284 0
948 8300 0
949 8318 0
949 8336 0
950 8352 0
951 8367 0
952 8380 0
953 8393 0
954 8403 0
955 8410 0
955 8415 0
955 8415 0
.PEN_UP
.PEN_DOWN
778 8227 0
782 8229 0
790 8230 0
809 8232 0
835 8234 0
865 8234 0
898 8234 0
924 8234 0
949 8235 0
970 8235 0
987 8237 0
998 8231 0
.PEN_UP
