.VERSION 1.0 
.HIERARCHY CHARACTER
.COORD X Y T
.SEGMENT CHARACTER 0-2 OK "66"
.H_LINE 2999 3874
.V_LINE 1999 2749
.X_DIM 749
.Y_DIM 874
.X_POINTS_PER_INCH 1000
.Y_POINTS_PER_INCH 1000
.POINTS_PER_SECOND 125
.COMMENT CALIB X: -56 Y: -18

.WRITER_INFO
 Name: SWAGAT B
 WriterId: 63
 Hand: right
 EducationLevel: college graduate
 Gender: male
 Profession: student
 Region: orissa
 Age: 20
 DeviceType: digimemo a402
 SkillDevice: average
 Language: hindi
 Script: indic
 Native: false
 Style: discrete
 UsageFreq: once a month
 Proficiency: good
 Date: 2007-6-26
 WritingInProfession: no

.PEN_DOWN
2217 3433 0
2218 3430 0
2221 3428 0
2224 3426 0
2227 3424 0
2231 3423 0
2236 3422 0
2241 3422 0
2247 3423 0
2252 3424 0
2258 3426 0
2262 3428 0
2267 3431 0
2270 3434 0
2273 3437 0
2276 3442 0
2279 3447 0
2280 3452 0
2281 3458 0
2283 3463 0
2283 3468 0
2283 3473 0
2283 3478 0
2282 3482 0
2281 3486 0
2280 3490 0
2279 3495 0
2277 3500 0
2275 3504 0
2273 3507 0
2271 3510 0
2268 3513 0
2264 3516 0
2261 3519 0
2256 3524 0
2251 3527 0
2246 3531 0
2242 3534 0
2238 3537 0
2234 3539 0
2230 3540 0
2226 3541 0
2223 3541 0
2220 3540 0
2218 3536 0
2217 3533 0
2216 3530 0
2215 3527 0
2213 3524 0
2210 3521 0
2208 3518 0
2206 3515 0
2206 3519 0
2206 3523 0
2207 3527 0
2208 3532 0
2209 3537 0
2210 3542 0
2211 3546 0
2212 3550 0
2213 3554 0
2213 3558 0
2213 3562 0
2214 3566 0
2214 3569 0
2215 3573 0
2216 3577 0
2217 3581 0
2218 3586 0
2219 3590 0
2219 3594 0
2220 3598 0
2221 3601 0
2222 3604 0
2223 3607 0
2224 3610 0
2226 3613 0
2228 3616 0
2230 3619 0
2232 3622 0
2234 3625 0
2236 3628 0
2239 3631 0
2242 3633 0
2245 3635 0
2248 3637 0
2251 3638 0
2254 3639 0
2257 3640 0
2261 3641 0
2264 3642 0
2267 3643 0
2270 3644 0
2275 3645 0
2280 3645 0
2286 3646 0
2293 3646 0
2301 3646 0
2306 3646 0
2310 3646 0
2314 3646 0
2318 3645 0
2321 3644 0
2326 3643 0
2331 3642 0
2337 3641 0
2341 3639 0
2345 3638 0
2348 3636 0
2352 3634 0
2356 3632 0
2360 3629 0
2364 3627 0
2369 3625 0
2373 3622 0
2377 3619 0
2380 3618 0
2380 3615 0
2382 3612 0
.PEN_UP
.PEN_DOWN
2401 3501 0
2401 3493 0
2401 3488 0
2401 3485 0
2392 3484 0
2382 3485 0
2372 3486 0
2366 3488 0
2362 3489 0
2358 3491 0
2354 3493 0
2351 3495 0
2348 3497 0
2345 3500 0
2340 3506 0
2335 3510 0
2330 3514 0
2326 3520 0
2323 3526 0
2321 3530 0
2319 3534 0
2318 3538 0
2318 3542 0
2318 3545 0
2319 3548 0
2319 3551 0
2320 3554 0
2322 3557 0
2324 3560 0
2327 3563 0
2332 3566 0
2337 3569 0
2342 3571 0
2346 3573 0
2351 3575 0
2355 3577 0
2359 3578 0
2362 3579 0
2365 3579 0
2368 3578 0
2372 3577 0
2376 3576 0
2379 3575 0
2382 3574 0
2386 3572 0
2390 3570 0
2394 3567 0
2397 3565 0
2400 3563 0
2403 3561 0
2405 3557 0
2406 3554 0
2407 3551 0
2407 3551 0
.PEN_UP
.PEN_DOWN
2193 3417 0
2198 3418 0
2206 3417 0
2218 3416 0
2236 3416 0
2256 3415 0
2279 3414 0
2301 3413 0
2320 3413 0
2333 3413 0
2340 3413 0
2344 3413 0
2347 3413 0
2350 3413 0
2353 3412 0
.PEN_UP
