.VERSION 1.0 
.HIERARCHY CHARACTER
.COORD X Y T
.SEGMENT CHARACTER 0-2 OK "106"
.H_LINE 6249 7124
.V_LINE 1999 2749
.X_DIM 749
.Y_DIM 875
.X_POINTS_PER_INCH 1000
.Y_POINTS_PER_INCH 1000
.POINTS_PER_SECOND 125
.COMMENT CALIB X: -68 Y: -21

.WRITER_INFO
 Name: SWAGAT B
 WriterId: 63
 Hand: right
 EducationLevel: college graduate
 Gender: male
 Profession: student
 Region: orissa
 Age: 20
 DeviceType: digimemo a402
 SkillDevice: average
 Language: hindi
 Script: indic
 Native: false
 Style: discrete
 UsageFreq: once a month
 Proficiency: good
 Date: 2007-6-26
 WritingInProfession: no

.PEN_DOWN
2251 6589 0
2250 6583 0
2250 6579 0
2252 6584 0
2254 6591 0
2255 6599 0
2256 6607 0
2257 6616 0
2258 6624 0
2258 6631 0
2259 6636 0
2260 6640 0
2261 6643 0
2260 6640 0
2257 6636 0
2254 6633 0
2249 6631 0
2244 6630 0
2237 6629 0
2229 6628 0
2221 6628 0
2215 6628 0
2208 6627 0
2200 6627 0
2194 6627 0
2190 6627 0
2186 6628 0
2181 6630 0
2175 6632 0
2170 6635 0
2165 6637 0
2162 6639 0
2159 6642 0
2155 6644 0
2151 6647 0
2147 6650 0
2144 6653 0
2141 6656 0
2139 6659 0
2138 6662 0
2137 6665 0
2137 6668 0
2136 6672 0
2136 6675 0
2137 6678 0
2138 6681 0
2141 6683 0
2145 6685 0
2149 6686 0
2153 6687 0
2156 6689 0
2159 6691 0
2162 6693 0
2166 6694 0
2169 6695 0
2174 6696 0
2178 6697 0
2181 6698 0
2184 6698 0
2188 6699 0
2191 6700 0
2194 6701 0
2198 6702 0
2201 6703 0
2204 6704 0
2207 6704 0
2210 6704 0
2213 6704 0
2216 6704 0
2219 6704 0
2223 6704 0
2226 6705 0
2229 6705 0
2232 6705 0
2235 6705 0
2239 6705 0
2243 6706 0
2246 6707 0
2249 6708 0
2252 6709 0
2256 6711 0
2259 6713 0
2262 6715 0
2265 6718 0
2268 6721 0
2270 6724 0
2272 6727 0
2273 6730 0
2275 6734 0
2276 6738 0
2278 6741 0
2279 6744 0
2280 6747 0
2282 6750 0
2283 6753 0
2284 6756 0
2284 6759 0
2283 6762 0
2282 6765 0
2282 6768 0
2281 6772 0
2280 6775 0
2278 6778 0
2277 6781 0
2275 6784 0
2272 6786 0
2269 6788 0
2265 6790 0
2262 6791 0
2259 6792 0
2256 6793 0
2259 6790 0
2263 6785 0
2266 6781 0
2270 6777 0
2272 6773 0
2274 6769 0
2276 6766 0
2278 6763 0
2279 6759 0
2280 6756 0
2280 6753 0
2280 6750 0
2280 6747 0
2280 6744 0
2279 6740 0
2278 6737 0
2276 6734 0
2275 6730 0
2273 6726 0
2271 6723 0
2270 6720 0
2268 6717 0
2265 6714 0
2262 6711 0
2259 6709 0
2256 6707 0
2253 6705 0
2250 6704 0
2247 6703 0
2244 6701 0
2240 6700 0
2237 6699 0
2234 6698 0
2231 6697 0
2228 6696 0
2225 6695 0
2222 6695 0
2219 6694 0
2216 6693 0
2212 6693 0
2208 6693 0
2203 6693 0
2196 6694 0
2189 6695 0
2184 6695 0
2180 6695 0
2176 6696 0
2172 6696 0
2169 6697 0
2165 6699 0
2161 6701 0
2158 6703 0
2155 6706 0
2151 6709 0
2146 6713 0
2142 6718 0
2138 6723 0
2134 6728 0
2129 6733 0
2126 6738 0
2123 6743 0
2119 6749 0
2115 6755 0
2112 6760 0
2110 6766 0
2107 6772 0
2104 6779 0
2102 6785 0
2100 6791 0
2099 6796 0
2098 6803 0
2098 6811 0
2098 6818 0
2099 6825 0
2101 6832 0
2103 6839 0
2107 6846 0
2112 6854 0
2118 6862 0
2127 6870 0
2139 6878 0
2154 6886 0
2169 6891 0
2183 6896 0
2196 6898 0
2211 6899 0
.PEN_UP
.PEN_DOWN
2283 6731 0
2282 6735 0
2281 6739 0
2280 6744 0
2279 6749 0
2279 6754 0
2279 6758 0
2279 6762 0
2279 6766 0
2280 6770 0
2280 6774 0
2281 6777 0
2282 6781 0
2283 6784 0
2284 6787 0
2285 6790 0
2276 6792 0
2270 6793 0
2266 6794 0
2263 6795 0
2260 6796 0
2257 6797 0
2253 6798 0
2249 6799 0
2244 6800 0
2240 6801 0
2237 6800 0
2233 6797 0
2230 6795 0
2227 6793 0
2224 6791 0
2221 6790 0
2218 6789 0
2215 6787 0
2212 6786 0
2211 6783 0
2210 6780 0
2209 6777 0
2208 6774 0
2207 6771 0
2208 6775 0
2209 6778 0
2210 6782 0
2211 6785 0
2213 6788 0
2215 6791 0
2216 6794 0
2218 6797 0
2220 6800 0
2222 6803 0
2225 6806 0
2228 6809 0
2232 6811 0
2236 6813 0
2240 6815 0
2244 6817 0
2247 6818 0
2251 6819 0
2256 6820 0
2261 6820 0
2265 6820 0
2269 6820 0
2274 6819 0
2279 6818 0
2285 6817 0
2291 6816 0
2296 6814 0
2300 6813 0
2304 6811 0
2307 6809 0
2310 6807 0
2314 6803 0
2320 6798 0
2326 6793 0
2333 6787 0
2339 6781 0
2345 6775 0
2350 6770 0
2354 6766 0
2356 6763 0
2358 6759 0
2359 6755 0
2361 6750 0
2363 6744 0
2365 6737 0
2369 6729 0
2372 6721 0
2374 6714 0
2376 6709 0
2378 6704 0
2379 6700 0
2380 6696 0
2381 6692 0
2382 6688 0
2384 6684 0
2385 6679 0
2387 6674 0
2389 6669 0
2391 6664 0
2392 6660 0
2394 6655 0
2395 6651 0
2396 6647 0
2397 6644 0
2398 6641 0
2398 6636 0
2398 6632 0
2399 6627 0
2400 6622 0
2401 6617 0
2402 6612 0
2403 6607 0
2403 6603 0
2403 6600 0
2401 6597 0
2400 6601 0
2399 6605 0
2398 6608 0
2398 6612 0
2398 6615 0
2398 6618 0
2397 6621 0
2396 6628 0
2395 6635 0
2395 6643 0
2394 6653 0
2393 6664 0
2392 6677 0
2390 6692 0
2389 6708 0
2388 6725 0
2387 6744 0
2386 6763 0
2386 6781 0
2386 6796 0
2389 6803 0
.PEN_UP
.PEN_DOWN
2190 6581 0
2193 6580 0
2200 6579 0
2212 6578 0
2234 6577 0
2264 6576 0
2302 6575 0
2342 6575 0
2377 6574 0
2403 6574 0
2421 6574 0
2432 6574 0
2438 6574 0
2438 6574 0
.PEN_UP
