.VERSION 1.0 
.HIERARCHY CHARACTER
.COORD X Y T
.SEGMENT CHARACTER 0-2 OK "109"
.H_LINE 6249 7124
.V_LINE 6500 7250
.X_DIM 750
.Y_DIM 875
.X_POINTS_PER_INCH 1000
.Y_POINTS_PER_INCH 1000
.POINTS_PER_SECOND 125
.COMMENT CALIB X: -35 Y: -74

.WRITER_INFO
 Name: SWAGAT B
 WriterId: 63
 Hand: right
 EducationLevel: college graduate
 Gender: male
 Profession: student
 Region: orissa
 Age: 20
 DeviceType: digimemo a402
 SkillDevice: average
 Language: hindi
 Script: indic
 Native: false
 Style: discrete
 UsageFreq: once a month
 Proficiency: good
 Date: 2007-6-26
 WritingInProfession: no

.PEN_DOWN
6778 6707 0
6781 6709 0
6787 6710 0
6794 6711 0
6803 6711 0
6815 6711 0
6828 6710 0
6841 6709 0
6852 6708 0
6859 6708 0
6864 6708 0
6867 6708 0
6871 6708 0
.PEN_UP
.PEN_DOWN
6920 6721 0
6921 6724 0
6922 6728 0
6922 6731 0
6922 6735 0
6922 6739 0
6921 6744 0
6920 6749 0
6919 6754 0
6918 6758 0
6916 6762 0
6913 6765 0
6909 6768 0
6905 6770 0
6900 6772 0
6894 6774 0
6887 6775 0
6878 6776 0
6871 6776 0
6864 6776 0
6858 6775 0
6852 6773 0
6848 6771 0
6845 6768 0
6843 6764 0
6841 6760 0
6839 6755 0
6837 6750 0
6835 6747 0
6834 6744 0
6834 6741 0
6835 6738 0
6837 6734 0
6839 6729 0
6840 6725 0
6842 6720 0
6845 6716 0
6848 6713 0
6851 6710 0
6855 6708 0
6859 6706 0
6862 6704 0
6865 6703 0
6868 6703 0
6871 6703 0
6874 6703 0
6877 6703 0
6882 6703 0
6886 6703 0
6890 6703 0
6893 6703 0
6896 6704 0
6899 6704 0
6902 6704 0
6905 6705 0
6908 6707 0
6911 6709 0
6913 6712 0
6917 6716 0
6921 6720 0
6924 6725 0
6928 6731 0
6933 6736 0
6937 6742 0
6941 6749 0
6944 6756 0
6947 6764 0
6951 6772 0
6954 6781 0
6956 6791 0
6959 6802 0
6962 6813 0
6965 6824 0
6968 6834 0
6973 6841 0
.PEN_UP
.PEN_DOWN
6834 6601 0
6838 6602 0
6844 6602 0
6854 6603 0
6870 6603 0
6888 6603 0
6907 6603 0
6926 6603 0
6943 6604 0
6955 6604 0
6963 6605 0
6966 6606 0
6960 6609 0
6952 6609 0
.PEN_UP
