295.0,122.0
296.0,126.0
299.0,130.0
300.0,132.0
302.0,135.0
305.0,137.0
306.0,140.0
307.0,142.0
309.0,145.0
310.0,147.0
311.0,151.0
314.0,154.0
314.0,156.0
315.0,158.0
315.0,161.0
315.0,163.0
312.0,163.0
310.0,163.0
307.0,160.0
305.0,160.0
301.0,158.0
297.0,157.0
293.0,156.0
291.0,154.0
288.0,154.0
284.0,152.0
282.0,152.0
278.0,152.0
276.0,153.0
274.0,153.0
270.0,154.0
267.0,155.0
265.0,156.0
262.0,159.0
260.0,160.0
257.0,163.0
256.0,165.0
255.0,168.0
253.0,170.0
253.0,174.0
251.0,178.0
251.0,182.0
251.0,184.0
251.0,186.0
252.0,190.0
255.0,194.0
257.0,197.0
261.0,200.0
265.0,202.0
268.0,203.0
270.0,205.0
273.0,206.0
275.0,207.0
277.0,208.0
280.0,210.0
282.0,210.0
285.0,210.0
288.0,211.0
291.0,211.0
293.0,211.0
295.0,211.0
298.0,211.0
300.0,211.0
302.0,209.0
305.0,209.0
307.0,207.0
311.0,206.0
314.0,203.0
316.0,199.0
318.0,197.0
319.0,194.0
320.0,192.0
320.0,190.0
318.0,187.0
317.0,185.0
315.0,184.0
313.0,181.0
311.0,181.0
309.0,181.0
306.0,182.0
304.0,182.0
303.0,184.0
303.0,186.0
304.0,189.0
306.0,190.0
309.0,193.0
311.0,193.0
-1.0,-1.0
251.0,124.0
255.0,125.0
257.0,125.0
259.0,125.0
263.0,126.0
265.0,126.0
269.0,126.0
272.0,126.0
275.0,126.0
278.0,126.0
282.0,126.0
284.0,127.0
286.0,127.0
290.0,127.0
293.0,128.0
297.0,128.0
300.0,128.0
303.0,129.0
307.0,129.0
311.0,129.0
314.0,129.0
317.0,129.0
321.0,127.0
323.0,127.0
325.0,127.0
328.0,128.0
-1.0,-1.0
 
