219.0,104.0
219.0,105.0
219.0,109.0
219.0,113.0
219.0,120.0
219.0,124.0
219.0,129.0
219.0,133.0
219.0,136.0
219.0,138.0
219.0,140.0
219.0,141.0
219.0,142.0
219.0,143.0
219.0,145.0
219.0,146.0
216.0,146.0
211.0,146.0
209.0,147.0
203.0,147.0
197.0,148.0
190.0,149.0
185.0,151.0
178.0,153.0
175.0,154.0
169.0,158.0
166.0,159.0
164.0,161.0
161.0,163.0
158.0,167.0
155.0,169.0
152.0,174.0
150.0,177.0
148.0,180.0
147.0,182.0
145.0,185.0
144.0,189.0
142.0,192.0
141.0,194.0
141.0,195.0
140.0,199.0
140.0,202.0
140.0,204.0
138.0,208.0
138.0,209.0
138.0,213.0
138.0,214.0
138.0,217.0
138.0,220.0
138.0,221.0
140.0,223.0
141.0,226.0
144.0,230.0
145.0,234.0
154.0,243.0
164.0,254.0
175.0,265.0
180.0,266.0
183.0,269.0
185.0,270.0
191.0,271.0
194.0,272.0
197.0,274.0
198.0,274.0
201.0,274.0
207.0,274.0
209.0,274.0
215.0,274.0
218.0,274.0
222.0,274.0
225.0,274.0
229.0,272.0
232.0,272.0
236.0,270.0
239.0,268.0
243.0,264.0
246.0,262.0
247.0,261.0
249.0,259.0
250.0,257.0
253.0,254.0
254.0,251.0
256.0,248.0
256.0,247.0
257.0,245.0
257.0,244.0
257.0,243.0
257.0,242.0
257.0,239.0
257.0,238.0
257.0,236.0
257.0,235.0
257.0,234.0
256.0,232.0
254.0,231.0
254.0,230.0
253.0,229.0
252.0,228.0
249.0,225.0
247.0,225.0
246.0,223.0
245.0,222.0
242.0,221.0
240.0,221.0
239.0,220.0
238.0,220.0
236.0,220.0
235.0,220.0
233.0,220.0
232.0,220.0
231.0,220.0
229.0,220.0
228.0,220.0
226.0,220.0
225.0,221.0
225.0,222.0
223.0,223.0
223.0,224.0
222.0,224.0
222.0,225.0
221.0,227.0
221.0,228.0
219.0,229.0
219.0,230.0
218.0,231.0
218.0,232.0
218.0,234.0
218.0,235.0
218.0,236.0
218.0,237.0
218.0,238.0
218.0,239.0
218.0,241.0
218.0,242.0
218.0,243.0
218.0,244.0
218.0,247.0
218.0,248.0
218.0,249.0
218.0,250.0
218.0,251.0
218.0,252.0
218.0,254.0
218.0,255.0
218.0,256.0
218.0,257.0
219.0,257.0
219.0,258.0
221.0,258.0
221.0,259.0
222.0,259.0
222.0,261.0
223.0,261.0
223.0,262.0
225.0,262.0
225.0,263.0
226.0,263.0
226.0,264.0
228.0,264.0
228.0,265.0
229.0,265.0
231.0,266.0
232.0,266.0
233.0,266.0
-1.0,-1.0
140.0,106.0
143.0,106.0
145.0,106.0
150.0,106.0
152.0,106.0
158.0,104.0
161.0,104.0
164.0,104.0
166.0,104.0
169.0,103.0
173.0,103.0
176.0,103.0
181.0,103.0
182.0,103.0
186.0,102.0
188.0,102.0
192.0,102.0
195.0,102.0
197.0,102.0
200.0,102.0
202.0,102.0
204.0,102.0
207.0,102.0
211.0,102.0
214.0,102.0
220.0,102.0
223.0,102.0
227.0,102.0
231.0,102.0
240.0,102.0
245.0,102.0
257.0,102.0
261.0,102.0
269.0,102.0
273.0,102.0
280.0,102.0
285.0,103.0
287.0,103.0
290.0,106.0
295.0,107.0
301.0,110.0
305.0,113.0
-1.0,-1.0
 
