247.0,96.0
245.0,97.0
245.0,100.0
243.0,104.0
241.0,107.0
240.0,111.0
238.0,113.0
238.0,116.0
237.0,117.0
237.0,119.0
236.0,120.0
236.0,123.0
236.0,125.0
234.0,129.0
234.0,131.0
233.0,133.0
231.0,136.0
231.0,139.0
230.0,141.0
229.0,143.0
229.0,145.0
227.0,147.0
226.0,150.0
224.0,151.0
223.0,154.0
222.0,155.0
219.0,158.0
217.0,159.0
213.0,161.0
210.0,163.0
207.0,165.0
205.0,166.0
200.0,170.0
198.0,171.0
195.0,174.0
192.0,175.0
189.0,179.0
188.0,181.0
186.0,182.0
185.0,184.0
185.0,186.0
182.0,190.0
182.0,192.0
181.0,195.0
179.0,197.0
179.0,199.0
179.0,200.0
179.0,201.0
179.0,204.0
179.0,205.0
179.0,207.0
179.0,208.0
179.0,211.0
179.0,213.0
179.0,214.0
179.0,215.0
179.0,217.0
179.0,219.0
179.0,221.0
181.0,224.0
182.0,227.0
183.0,228.0
186.0,232.0
188.0,233.0
191.0,235.0
192.0,238.0
195.0,240.0
198.0,241.0
202.0,244.0
203.0,245.0
206.0,246.0
207.0,246.0
210.0,247.0
216.0,247.0
219.0,248.0
223.0,248.0
226.0,248.0
227.0,248.0
230.0,248.0
234.0,248.0
238.0,248.0
241.0,248.0
247.0,248.0
250.0,248.0
252.0,248.0
255.0,248.0
260.0,247.0
268.0,244.0
272.0,241.0
281.0,235.0
285.0,233.0
289.0,229.0
290.0,228.0
293.0,225.0
295.0,222.0
298.0,219.0
298.0,218.0
299.0,215.0
300.0,214.0
300.0,213.0
300.0,212.0
302.0,211.0
302.0,209.0
302.0,208.0
302.0,207.0
302.0,206.0
300.0,205.0
299.0,201.0
298.0,200.0
295.0,198.0
293.0,197.0
292.0,194.0
290.0,194.0
289.0,192.0
288.0,192.0
285.0,190.0
283.0,190.0
282.0,188.0
281.0,187.0
279.0,187.0
278.0,187.0
276.0,187.0
275.0,187.0
274.0,187.0
272.0,187.0
271.0,187.0
269.0,187.0
269.0,188.0
268.0,188.0
268.0,190.0
268.0,191.0
267.0,192.0
267.0,193.0
265.0,194.0
265.0,197.0
265.0,198.0
264.0,200.0
264.0,201.0
264.0,202.0
264.0,204.0
264.0,205.0
264.0,207.0
264.0,208.0
264.0,209.0
264.0,211.0
264.0,212.0
264.0,213.0
264.0,214.0
264.0,215.0
264.0,217.0
264.0,218.0
264.0,219.0
264.0,220.0
264.0,221.0
264.0,222.0
264.0,224.0
264.0,225.0
264.0,226.0
265.0,226.0
265.0,227.0
267.0,227.0
-1.0,-1.0
206.0,99.0
209.0,99.0
214.0,98.0
219.0,98.0
227.0,97.0
234.0,96.0
244.0,96.0
249.0,96.0
255.0,96.0
259.0,96.0
265.0,94.0
268.0,94.0
272.0,94.0
273.0,94.0
276.0,94.0
282.0,94.0
285.0,94.0
287.0,94.0
289.0,94.0
290.0,94.0
292.0,94.0
293.0,94.0
293.0,96.0
-1.0,-1.0
 
