324.0,95.0
323.0,96.0
317.0,98.0
314.0,99.0
306.0,104.0
302.0,105.0
294.0,110.0
290.0,111.0
285.0,115.0
282.0,117.0
278.0,120.0
276.0,123.0
272.0,127.0
271.0,130.0
268.0,133.0
266.0,136.0
265.0,139.0
264.0,142.0
264.0,146.0
264.0,149.0
262.0,153.0
262.0,156.0
262.0,165.0
262.0,173.0
264.0,191.0
267.0,198.0
270.0,205.0
272.0,208.0
276.0,212.0
278.0,214.0
280.0,217.0
283.0,219.0
287.0,221.0
290.0,224.0
296.0,225.0
299.0,226.0
304.0,227.0
307.0,227.0
313.0,227.0
316.0,227.0
321.0,227.0
324.0,227.0
330.0,227.0
331.0,226.0
334.0,224.0
337.0,223.0
339.0,219.0
341.0,218.0
344.0,214.0
345.0,212.0
346.0,208.0
348.0,206.0
349.0,203.0
349.0,200.0
351.0,197.0
351.0,196.0
351.0,192.0
351.0,191.0
351.0,189.0
351.0,187.0
351.0,184.0
349.0,181.0
349.0,179.0
348.0,178.0
346.0,177.0
344.0,174.0
342.0,172.0
339.0,170.0
338.0,169.0
337.0,169.0
335.0,169.0
334.0,167.0
332.0,167.0
331.0,167.0
330.0,167.0
328.0,169.0
328.0,170.0
328.0,171.0
328.0,172.0
328.0,173.0
328.0,174.0
328.0,176.0
328.0,177.0
328.0,179.0
328.0,180.0
328.0,183.0
328.0,184.0
328.0,185.0
328.0,186.0
328.0,187.0
328.0,190.0
328.0,192.0
330.0,193.0
330.0,194.0
331.0,194.0
331.0,196.0
332.0,197.0
334.0,197.0
334.0,198.0
335.0,198.0
337.0,199.0
338.0,199.0
338.0,200.0
339.0,200.0
341.0,200.0
342.0,200.0
344.0,200.0
-1.0,-1.0
240.0,90.0
243.0,90.0
249.0,90.0
253.0,90.0
261.0,90.0
267.0,90.0
277.0,90.0
282.0,90.0
294.0,90.0
298.0,88.0
308.0,88.0
313.0,88.0
320.0,88.0
325.0,88.0
332.0,88.0
336.0,88.0
341.0,88.0
345.0,88.0
348.0,88.0
351.0,87.0
354.0,87.0
356.0,87.0
359.0,87.0
361.0,86.0
362.0,86.0
-1.0,-1.0
 
