371.0,63.0
371.0,64.0
371.0,67.0
371.0,70.0
370.0,74.0
370.0,77.0
370.0,82.0
370.0,84.0
370.0,88.0
370.0,90.0
370.0,94.0
370.0,95.0
370.0,97.0
370.0,100.0
370.0,102.0
370.0,103.0
370.0,104.0
370.0,106.0
370.0,107.0
370.0,109.0
370.0,110.0
370.0,111.0
370.0,113.0
368.0,114.0
367.0,114.0
364.0,115.0
361.0,115.0
356.0,116.0
353.0,117.0
350.0,117.0
347.0,119.0
344.0,119.0
339.0,121.0
335.0,122.0
330.0,124.0
328.0,126.0
326.0,127.0
323.0,129.0
320.0,132.0
316.0,137.0
314.0,142.0
309.0,149.0
308.0,151.0
307.0,156.0
305.0,158.0
305.0,163.0
304.0,167.0
304.0,170.0
304.0,174.0
302.0,177.0
302.0,180.0
302.0,183.0
302.0,185.0
302.0,189.0
302.0,190.0
302.0,194.0
302.0,195.0
302.0,198.0
304.0,201.0
307.0,204.0
308.0,207.0
312.0,211.0
316.0,214.0
323.0,219.0
328.0,223.0
332.0,225.0
333.0,227.0
338.0,228.0
346.0,231.0
352.0,234.0
357.0,235.0
360.0,236.0
364.0,236.0
367.0,236.0
371.0,236.0
373.0,236.0
377.0,236.0
378.0,235.0
381.0,234.0
383.0,232.0
384.0,230.0
385.0,229.0
387.0,227.0
387.0,225.0
388.0,224.0
388.0,223.0
388.0,221.0
388.0,218.0
388.0,216.0
388.0,214.0
388.0,211.0
388.0,208.0
388.0,205.0
387.0,203.0
387.0,201.0
385.0,198.0
384.0,197.0
384.0,195.0
383.0,194.0
381.0,191.0
380.0,191.0
378.0,189.0
377.0,188.0
376.0,187.0
374.0,185.0
373.0,185.0
371.0,184.0
370.0,184.0
368.0,183.0
367.0,183.0
366.0,183.0
364.0,183.0
363.0,183.0
361.0,183.0
361.0,184.0
361.0,185.0
360.0,187.0
360.0,188.0
359.0,189.0
359.0,190.0
359.0,193.0
359.0,195.0
359.0,198.0
359.0,201.0
359.0,203.0
359.0,204.0
359.0,207.0
359.0,208.0
359.0,209.0
359.0,210.0
360.0,211.0
361.0,212.0
363.0,212.0
363.0,214.0
364.0,214.0
366.0,214.0
367.0,214.0
368.0,214.0
-1.0,-1.0
320.0,48.0
323.0,48.0
327.0,48.0
334.0,48.0
338.0,48.0
346.0,48.0
350.0,48.0
357.0,48.0
361.0,48.0
367.0,48.0
371.0,48.0
375.0,48.0
378.0,48.0
382.0,48.0
386.0,48.0
389.0,48.0
392.0,48.0
395.0,48.0
396.0,48.0
399.0,48.0
400.0,48.0
402.0,48.0
-1.0,-1.0
 
