282.0,52.0
282.0,55.0
281.0,57.0
281.0,58.0
281.0,60.0
281.0,62.0
279.0,63.0
279.0,64.0
279.0,65.0
279.0,68.0
279.0,70.0
278.0,73.0
278.0,77.0
278.0,79.0
278.0,80.0
277.0,82.0
277.0,83.0
275.0,84.0
275.0,85.0
272.0,87.0
271.0,89.0
267.0,91.0
265.0,93.0
261.0,96.0
258.0,97.0
254.0,99.0
251.0,100.0
249.0,103.0
246.0,103.0
241.0,105.0
239.0,107.0
234.0,109.0
233.0,110.0
230.0,112.0
229.0,112.0
227.0,114.0
226.0,114.0
226.0,117.0
225.0,118.0
223.0,120.0
223.0,121.0
222.0,125.0
220.0,126.0
220.0,130.0
219.0,131.0
219.0,133.0
219.0,136.0
219.0,138.0
219.0,143.0
219.0,146.0
219.0,152.0
220.0,154.0
223.0,159.0
225.0,161.0
226.0,165.0
227.0,167.0
232.0,170.0
233.0,173.0
236.0,175.0
239.0,177.0
240.0,178.0
243.0,179.0
246.0,181.0
249.0,183.0
253.0,184.0
256.0,184.0
260.0,184.0
263.0,184.0
264.0,184.0
265.0,184.0
268.0,184.0
271.0,184.0
272.0,184.0
277.0,184.0
278.0,183.0
282.0,179.0
285.0,178.0
288.0,174.0
291.0,171.0
292.0,168.0
294.0,166.0
295.0,165.0
295.0,164.0
295.0,163.0
295.0,161.0
295.0,160.0
295.0,159.0
292.0,157.0
291.0,156.0
288.0,153.0
287.0,152.0
285.0,151.0
284.0,150.0
281.0,150.0
279.0,150.0
278.0,150.0
277.0,150.0
275.0,150.0
274.0,150.0
274.0,151.0
272.0,152.0
272.0,153.0
272.0,154.0
272.0,156.0
271.0,157.0
271.0,158.0
271.0,159.0
271.0,160.0
271.0,161.0
271.0,163.0
271.0,164.0
271.0,165.0
272.0,165.0
272.0,166.0
274.0,166.0
275.0,167.0
277.0,167.0
278.0,167.0
279.0,167.0
281.0,167.0
282.0,167.0
284.0,167.0
285.0,167.0
-1.0,-1.0
225.0,59.0
227.0,58.0
229.0,57.0
233.0,57.0
236.0,56.0
240.0,56.0
244.0,56.0
250.0,56.0
253.0,56.0
258.0,55.0
263.0,55.0
268.0,55.0
271.0,55.0
277.0,55.0
279.0,55.0
284.0,55.0
287.0,55.0
291.0,55.0
294.0,55.0
298.0,55.0
301.0,55.0
305.0,55.0
309.0,53.0
313.0,53.0
316.0,53.0
319.0,53.0
320.0,53.0
322.0,53.0
323.0,53.0
325.0,53.0
327.0,53.0
329.0,53.0
332.0,53.0
333.0,53.0
337.0,53.0
339.0,53.0
343.0,53.0
347.0,53.0
350.0,53.0
351.0,53.0
353.0,53.0
354.0,53.0
356.0,53.0
357.0,53.0
-1.0,-1.0
-1.0,-1.0
-1.0,-1.0
-1.0,-1.0
378.0,73.0
379.0,73.0
381.0,73.0
382.0,73.0
384.0,73.0
385.0,73.0
386.0,73.0
388.0,73.0
389.0,73.0
391.0,73.0
-1.0,-1.0
 
230.0,65.0
233.0,65.0
236.0,65.0
239.0,65.0
243.0,65.0
246.0,65.0
249.0,65.0
250.0,65.0
253.0,65.0
256.0,65.0
259.0,65.0
261.0,65.0
263.0,65.0
264.0,65.0
266.0,65.0
267.0,65.0
268.0,65.0
270.0,65.0
271.0,65.0
271.0,66.0
271.0,68.0
-1.0,-1.0
 
256.0,112.0
260.0,112.0
263.0,111.0
267.0,111.0
270.0,111.0
276.0,109.0
279.0,109.0
281.0,109.0
283.0,109.0
286.0,108.0
290.0,108.0
291.0,108.0
294.0,107.0
296.0,107.0
298.0,107.0
300.0,107.0
301.0,107.0
303.0,107.0
305.0,107.0
307.0,107.0
308.0,107.0
310.0,107.0
312.0,107.0
314.0,107.0
317.0,106.0
318.0,106.0
319.0,106.0
321.0,106.0
322.0,106.0
324.0,106.0
325.0,106.0
325.0,107.0
325.0,108.0
325.0,109.0
-1.0,-1.0
 
190.0,144.0
194.0,144.0
202.0,144.0
208.0,144.0
227.0,144.0
239.0,144.0
260.0,144.0
272.0,143.0
294.0,141.0
306.0,141.0
319.0,139.0
327.0,139.0
333.0,139.0
336.0,138.0
339.0,138.0
340.0,136.0
342.0,136.0
342.0,138.0
342.0,140.0
339.0,142.0
338.0,145.0
335.0,147.0
333.0,149.0
332.0,151.0
332.0,152.0
-1.0,-1.0
 
