342.0,173.0
346.0,174.0
348.0,174.0
352.0,174.0
356.0,175.0
358.0,176.0
361.0,177.0
363.0,179.0
366.0,181.0
368.0,184.0
370.0,188.0
370.0,190.0
370.0,192.0
368.0,195.0
367.0,197.0
364.0,200.0
362.0,204.0
359.0,206.0
357.0,210.0
352.0,213.0
350.0,216.0
347.0,218.0
346.0,221.0
343.0,225.0
341.0,227.0
340.0,230.0
337.0,234.0
336.0,238.0
334.0,242.0
334.0,245.0
334.0,248.0
334.0,252.0
334.0,254.0
334.0,256.0
335.0,259.0
336.0,261.0
340.0,265.0
343.0,266.0
347.0,268.0
349.0,269.0
354.0,269.0
358.0,269.0
364.0,269.0
369.0,267.0
373.0,266.0
379.0,263.0
385.0,260.0
389.0,256.0
392.0,252.0
396.0,246.0
397.0,243.0
398.0,241.0
400.0,234.0
400.0,231.0
400.0,229.0
400.0,227.0
398.0,224.0
398.0,222.0
396.0,219.0
395.0,217.0
393.0,216.0
390.0,216.0
388.0,216.0
386.0,216.0
383.0,217.0
382.0,219.0
379.0,222.0
378.0,224.0
378.0,227.0
378.0,229.0
378.0,231.0
379.0,234.0
380.0,236.0
380.0,238.0
381.0,241.0
383.0,243.0
386.0,243.0
388.0,241.0
391.0,240.0
393.0,239.0
-1.0,-1.0
299.0,172.0
302.0,172.0
305.0,173.0
307.0,173.0
309.0,173.0
312.0,171.0
314.0,171.0
316.0,171.0
319.0,171.0
321.0,171.0
325.0,171.0
327.0,171.0
331.0,171.0
335.0,171.0
337.0,171.0
340.0,171.0
343.0,171.0
346.0,171.0
348.0,171.0
350.0,172.0
353.0,170.0
360.0,170.0
364.0,170.0
366.0,170.0
369.0,170.0
371.0,170.0
375.0,170.0
377.0,171.0
379.0,171.0
382.0,171.0
384.0,171.0
388.0,169.0
390.0,169.0
396.0,169.0
398.0,169.0
400.0,167.0
403.0,167.0
405.0,168.0
409.0,168.0
411.0,168.0
-1.0,-1.0
 
