.VERSION 1.0 
.HIERARCHY CHARACTER
.COORD X Y T
.SEGMENT CHARACTER 0-2 OK "66"
.H_LINE 2999 3874
.V_LINE 1999 2749
.X_DIM 749
.Y_DIM 874
.X_POINTS_PER_INCH 1000
.Y_POINTS_PER_INCH 1000
.POINTS_PER_SECOND 125
.COMMENT CALIB X: 17 Y: -52

.WRITER_INFO
 Name: N RAMPRASAD
 WriterId: 8
 Hand: right
 EducationLevel: college graduate
 Gender: male
 Profession: student
 Region: madras
 Age: 22
 DeviceType: digimemo a402
 SkillDevice: average
 Language: hindi
 Script: indic
 Native: false
 Style: discrete
 UsageFreq: rarely
 Proficiency: average
 Date: 2007-6-11
 WritingInProfession: no

.PEN_DOWN
2256 3415 0
2257 3412 0
2258 3409 0
2259 3406 0
2261 3411 0
2264 3419 0
2266 3428 0
2267 3438 0
2267 3450 0
2266 3462 0
2263 3474 0
2259 3487 0
2252 3500 0
2241 3513 0
2227 3523 0
2215 3531 0
2202 3538 0
2190 3543 0
2180 3546 0
2173 3547 0
2170 3547 0
2172 3550 0
2175 3554 0
2180 3560 0
2188 3565 0
2198 3570 0
2210 3575 0
2224 3580 0
2237 3584 0
2250 3586 0
2260 3586 0
2269 3585 0
2278 3582 0
2288 3578 0
2298 3574 0
2306 3569 0
2313 3563 0
2322 3556 0
2329 3550 0
2334 3545 0
2337 3540 0
2339 3535 0
2340 3531 0
2340 3528 0
2337 3526 0
2330 3526 0
2322 3528 0
2313 3532 0
.PEN_UP
.PEN_DOWN
2346 3516 0
2346 3513 0
2341 3510 0
2338 3507 0
2337 3504 0
2336 3500 0
2333 3497 0
2330 3495 0
2326 3495 0
2320 3496 0
2314 3499 0
2308 3504 0
2302 3511 0
2298 3519 0
2296 3528 0
2295 3537 0
2295 3545 0
2296 3553 0
2298 3560 0
2301 3564 0
2306 3566 0
2311 3564 0
2321 3559 0
2335 3552 0
2354 3544 0
2375 3531 0
.PEN_UP
.PEN_DOWN
2129 3397 0
2126 3398 0
2129 3396 0
2135 3394 0
2147 3393 0
2175 3390 0
2214 3386 0
2257 3383 0
2307 3381 0
.PEN_UP
