.VERSION 1.0 
.HIERARCHY CHARACTER
.COORD X Y T
.SEGMENT CHARACTER 0-2 OK "105"
.H_LINE 6249 7124
.V_LINE 499 1250
.X_DIM 750
.Y_DIM 875
.X_POINTS_PER_INCH 1000
.Y_POINTS_PER_INCH 1000
.POINTS_PER_SECOND 125
.COMMENT CALIB X: 2 Y: -50

.WRITER_INFO
 Name: N RAMPRASAD
 WriterId: 8
 Hand: right
 EducationLevel: college graduate
 Gender: male
 Profession: student
 Region: madras
 Age: 22
 DeviceType: digimemo a402
 SkillDevice: average
 Language: hindi
 Script: indic
 Native: false
 Style: discrete
 UsageFreq: rarely
 Proficiency: average
 Date: 2007-6-11
 WritingInProfession: no

.PEN_DOWN
679 6609 0
679 6613 0
680 6620 0
683 6628 0
686 6634 0
689 6641 0
692 6648 0
695 6654 0
699 6659 0
703 6663 0
706 6666 0
709 6668 0
705 6670 0
700 6672 0
695 6675 0
690 6680 0
682 6686 0
675 6691 0
668 6697 0
660 6703 0
654 6708 0
650 6712 0
647 6715 0
646 6718 0
646 6721 0
647 6724 0
649 6727 0
652 6730 0
655 6733 0
659 6736 0
664 6738 0
669 6740 0
674 6741 0
680 6742 0
686 6742 0
690 6742 0
694 6742 0
698 6741 0
704 6740 0
709 6739 0
714 6738 0
711 6743 0
704 6749 0
698 6756 0
691 6765 0
683 6774 0
678 6782 0
675 6791 0
674 6799 0
674 6806 0
675 6813 0
679 6819 0
686 6824 0
698 6829 0
715 6831 0
735 6831 0
753 6826 0
769 6824 0
.PEN_UP
.PEN_DOWN
807 6678 0
807 6684 0
808 6693 0
810 6706 0
813 6723 0
816 6743 0
818 6762 0
820 6779 0
820 6794 0
819 6807 0
817 6817 0
811 6827 0
803 6833 0
794 6836 0
785 6838 0
778 6837 0
771 6834 0
767 6829 0
766 6823 0
767 6813 0
772 6803 0
781 6790 0
797 6776 0
818 6761 0
844 6746 0
872 6730 0
895 6716 0
914 6704 0
926 6693 0
933 6685 0
936 6678 0
937 6672 0
937 6668 0
934 6667 0
931 6669 0
929 6676 0
928 6686 0
928 6700 0
930 6719 0
932 6740 0
935 6760 0
938 6781 0
938 6799 0
.PEN_UP
.PEN_DOWN
600 6609 0
592 6610 0
584 6611 0
580 6611 0
583 6611 0
592 6611 0
620 6613 0
665 6613 0
712 6614 0
761 6615 0
818 6616 0
880 6617 0
956 6617 0
.PEN_UP
