.VERSION 1.0 
.HIERARCHY CHARACTER
.COORD X Y T
.SEGMENT CHARACTER 0-4 OK "106"
.H_LINE 6249 7124
.V_LINE 1999 2749
.X_DIM 749
.Y_DIM 875
.X_POINTS_PER_INCH 1000
.Y_POINTS_PER_INCH 1000
.POINTS_PER_SECOND 125
.COMMENT CALIB X: 11 Y: -81

.WRITER_INFO
 Name: N RAMPRASAD
 WriterId: 8
 Hand: right
 EducationLevel: college graduate
 Gender: male
 Profession: student
 Region: madras
 Age: 22
 DeviceType: digimemo a402
 SkillDevice: average
 Language: hindi
 Script: indic
 Native: false
 Style: discrete
 UsageFreq: rarely
 Proficiency: average
 Date: 2007-6-11
 WritingInProfession: no

.PEN_DOWN
2306 6573 0
2307 6570 0
2307 6567 0
2307 6571 0
2307 6576 0
2307 6581 0
2307 6586 0
2307 6591 0
2308 6597 0
2310 6603 0
2311 6609 0
2312 6613 0
2313 6616 0
2313 6619 0
2308 6619 0
2302 6619 0
2296 6620 0
2291 6620 0
2287 6620 0
2284 6621 0
2281 6623 0
2277 6625 0
2274 6627 0
2272 6630 0
2270 6633 0
2268 6636 0
2267 6639 0
2266 6642 0
2265 6645 0
2265 6648 0
2265 6651 0
2265 6655 0
2264 6658 0
2264 6661 0
2264 6664 0
2264 6667 0
2264 6670 0
2265 6673 0
2266 6676 0
2266 6679 0
2266 6682 0
2267 6685 0
2267 6688 0
2268 6691 0
2268 6694 0
2269 6697 0
2269 6700 0
2271 6703 0
2274 6707 0
2276 6710 0
2278 6713 0
2281 6717 0
2284 6719 0
2287 6721 0
2291 6723 0
2296 6724 0
2304 6725 0
2313 6726 0
2324 6727 0
2334 6728 0
2343 6729 0
2352 6729 0
2361 6729 0
2370 6730 0
2377 6731 0
2381 6731 0
2384 6732 0
2387 6733 0
2390 6736 0
2392 6739 0
2394 6743 0
2396 6748 0
2398 6755 0
2399 6762 0
2400 6767 0
2400 6773 0
2400 6777 0
2400 6781 0
2399 6784 0
2397 6787 0
2394 6788 0
2390 6789 0
2381 6793 0
2371 6793 0
.PEN_UP
.PEN_DOWN
2323 6733 0
2319 6734 0
2311 6738 0
2298 6749 0
2283 6767 0
2270 6786 0
2258 6803 0
2250 6817 0
2246 6827 0
2245 6835 0
2247 6841 0
2252 6846 0
2262 6848 0
2278 6849 0
2299 6847 0
2324 6836 0
2353 6835 0
.PEN_UP
.PEN_DOWN
2382 6798 0
2381 6801 0
2380 6804 0
2380 6807 0
2383 6810 0
2386 6811 0
2390 6813 0
2396 6815 0
2406 6815 0
2420 6814 0
2432 6812 0
2445 6809 0
2457 6805 0
2469 6798 0
2480 6791 0
2488 6781 0
2496 6770 0
2501 6760 0
2504 6749 0
2506 6739 0
2507 6729 0
2508 6718 0
2508 6710 0
2508 6704 0
2509 6698 0
2509 6693 0
2509 6689 0
2508 6685 0
2507 6682 0
2507 6679 0
2504 6683 0
2503 6690 0
2503 6700 0
2503 6717 0
2503 6736 0
2504 6753 0
2505 6770 0
2507 6788 0
2510 6797 0
2511 6812 0
.PEN_UP
.PEN_DOWN
2508 6706 0
2508 6703 0
2508 6700 0
2507 6695 0
2507 6688 0
2507 6681 0
2508 6669 0
2508 6651 0
2508 6632 0
2508 6614 0
2507 6595 0
2506 6580 0
2504 6570 0
2502 6565 0
2501 6568 0
2500 6572 0
2500 6577 0
2499 6573 0
2497 6582 0
.PEN_UP
.PEN_DOWN
2248 6562 0
2245 6562 0
2242 6563 0
2250 6561 0
2266 6557 0
2299 6552 0
2347 6546 0
2401 6541 0
2454 6536 0
2495 6532 0
2528 6530 0
2555 6528 0
2573 6527 0
2582 6527 0
2585 6527 0
2584 6530 0
2583 6535 0
2580 6540 0
.PEN_UP
