.VERSION 1.0 
.HIERARCHY CHARACTER
.COORD X Y T
.SEGMENT CHARACTER 0-2 OK "102"
.H_LINE 4624 5499
.V_LINE 3500 4250
.X_DIM 750
.Y_DIM 874
.X_POINTS_PER_INCH 1000
.Y_POINTS_PER_INCH 1000
.POINTS_PER_SECOND 125
.COMMENT CALIB X: 21 Y: -84

.WRITER_INFO
 Name: C VINOD
 WriterId: 55
 Hand: right
 EducationLevel: college graduate
 Gender: male
 Profession: student
 Region: visakhapatnam
 Age: 20
 DeviceType: digimemo a402
 SkillDevice: average
 Language: hindi
 Script: indic
 Native: false
 Style: discrete
 UsageFreq: once a month
 Proficiency: good
 Date: 2007-6-22
 WritingInProfession: no

.PEN_DOWN
3928 4928 0
3929 4923 0
3930 4918 0
3930 4914 0
3930 4911 0
3930 4914 0
3930 4919 0
3930 4928 0
3930 4940 0
3929 4954 0
3928 4967 0
3928 4979 0
3928 4989 0
3928 4995 0
3928 4998 0
3928 4995 0
3927 4990 0
3924 4985 0
3920 4982 0
3916 4982 0
3909 4985 0
3897 4997 0
3880 5011 0
3864 5028 0
3851 5044 0
3842 5060 0
3837 5074 0
3837 5085 0
3842 5095 0
3850 5101 0
3863 5105 0
3882 5106 0
3904 5104 0
3925 5100 0
3941 5096 0
3953 5089 0
3960 5083 0
3963 5079 0
3960 5086 0
3954 5094 0
3948 5104 0
3943 5115 0
3940 5128 0
3938 5140 0
3938 5150 0
3939 5158 0
3939 5165 0
3939 5168 0
.PEN_UP
.PEN_DOWN
3790 5147 0
3793 5150 0
3797 5149 0
3802 5147 0
3806 5142 0
3810 5137 0
3813 5133 0
3814 5129 0
3814 5126 0
3810 5127 0
3805 5133 0
3798 5142 0
3793 5152 0
3787 5165 0
3785 5176 0
3784 5187 0
3787 5195 0
3791 5199 0
3799 5200 0
3808 5197 0
3819 5191 0
3830 5184 0
3839 5175 0
3846 5168 0
3850 5163 0
3853 5160 0
3851 5167 0
3847 5176 0
3844 5185 0
3842 5193 0
3843 5199 0
3846 5203 0
3852 5205 0
3862 5203 0
3880 5197 0
3902 5188 0
3924 5176 0
3941 5165 0
3952 5149 0
.PEN_UP
.PEN_DOWN
3806 4893 0
3803 4893 0
3811 4887 0
3830 4881 0
3863 4876 0
3909 4872 0
3954 4861 0
3991 4859 0
.PEN_UP
