.VERSION 1.0 
.HIERARCHY CHARACTER
.COORD X Y T
.SEGMENT CHARACTER 0-3 OK "2"
.H_LINE 1374 2249
.V_LINE 3500 4250
.X_DIM 750
.Y_DIM 874
.X_POINTS_PER_INCH 1000
.Y_POINTS_PER_INCH 1000
.POINTS_PER_SECOND 125
.COMMENT CALIB X: 25 Y: 6

.WRITER_INFO
 Name: MANIKANTA
 WriterId: 47
 Hand: right
 EducationLevel: college graduate
 Gender: male
 Profession: student
 Region: anakapalli
 Age: 21
 DeviceType: digimemo a402
 SkillDevice: good
 Language: hindi
 Script: indic
 Native: false
 Style: discrete
 UsageFreq: once a month
 Proficiency: good
 Date: 2007-6-20
 WritingInProfession: no

.PEN_DOWN
3696 1869 0
3696 1865 0
3698 1861 0
3700 1858 0
3706 1854 0
3717 1852 0
3731 1852 0
3744 1855 0
3756 1861 0
3764 1869 0
3768 1877 0
3769 1885 0
3767 1892 0
3762 1899 0
3755 1904 0
3748 1908 0
3743 1911 0
3740 1913 0
3743 1917 0
3748 1920 0
3753 1924 0
3759 1929 0
3765 1934 0
3769 1941 0
3771 1950 0
3770 1959 0
3768 1966 0
3764 1973 0
3758 1979 0
3749 1983 0
3736 1984 0
3721 1983 0
3705 1979 0
3692 1974 0
3682 1968 0
3677 1961 0
3680 1951 0
.PEN_UP
.PEN_DOWN
3747 1931 0
3752 1931 0
3762 1931 0
3774 1929 0
3789 1926 0
3804 1923 0
3818 1920 0
3830 1915 0
3838 1909 0
3842 1903 0
3843 1896 0
3841 1888 0
3838 1881 0
3834 1875 0
3830 1871 0
3828 1868 0
3827 1871 0
3826 1876 0
3825 1884 0
3825 1895 0
3826 1906 0
3826 1917 0
3826 1927 0
3827 1939 0
3828 1952 0
3828 1963 0
3830 1974 0
3834 1982 0
.PEN_UP
.PEN_DOWN
3897 1870 0
3895 1867 0
3896 1872 0
3897 1881 0
3900 1894 0
3902 1907 0
3904 1920 0
3906 1932 0
3907 1945 0
3908 1957 0
3909 1967 0
3908 1975 0
3907 1981 0
.PEN_UP
.PEN_DOWN
3821 1859 0
3817 1857 0
3814 1855 0
3814 1852 0
3823 1849 0
3845 1847 0
3885 1845 0
3930 1836 0
3973 1835 0
.PEN_UP
