.VERSION 1.0 
.HIERARCHY CHARACTER
.COORD X Y T
.SEGMENT CHARACTER 0-3 OK "2"
.H_LINE 1374 2249
.V_LINE 3500 4250
.X_DIM 750
.Y_DIM 874
.X_POINTS_PER_INCH 1000
.Y_POINTS_PER_INCH 1000
.POINTS_PER_SECOND 125
.COMMENT CALIB X: -22 Y: -56

.WRITER_INFO
 Name: MANIKANTA
 WriterId: 47
 Hand: right
 EducationLevel: college graduate
 Gender: male
 Profession: student
 Region: anakapalli
 Age: 21
 DeviceType: digimemo a402
 SkillDevice: good
 Language: hindi
 Script: indic
 Native: false
 Style: discrete
 UsageFreq: once a month
 Proficiency: good
 Date: 2007-6-20
 WritingInProfession: no

.PEN_DOWN
3649 1807 0
3649 1803 0
3651 1799 0
3653 1796 0
3659 1792 0
3670 1790 0
3684 1790 0
3697 1793 0
3709 1799 0
3717 1807 0
3721 1815 0
3722 1823 0
3720 1830 0
3715 1837 0
3708 1842 0
3701 1846 0
3696 1849 0
3693 1851 0
3696 1855 0
3701 1858 0
3706 1862 0
3712 1867 0
3718 1872 0
3722 1879 0
3724 1888 0
3723 1897 0
3721 1904 0
3717 1911 0
3711 1917 0
3702 1921 0
3689 1922 0
3674 1921 0
3658 1917 0
3645 1912 0
3635 1906 0
3630 1899 0
3633 1889 0
.PEN_UP
.PEN_DOWN
3700 1869 0
3705 1869 0
3715 1869 0
3727 1867 0
3742 1864 0
3757 1861 0
3771 1858 0
3783 1853 0
3791 1847 0
3795 1841 0
3796 1834 0
3794 1826 0
3791 1819 0
3787 1813 0
3783 1809 0
3781 1806 0
3780 1809 0
3779 1814 0
3778 1822 0
3778 1833 0
3779 1844 0
3779 1855 0
3779 1865 0
3780 1877 0
3781 1890 0
3781 1901 0
3783 1912 0
3787 1920 0
.PEN_UP
.PEN_DOWN
3850 1808 0
3848 1805 0
3849 1810 0
3850 1819 0
3853 1832 0
3855 1845 0
3857 1858 0
3859 1870 0
3860 1883 0
3861 1895 0
3862 1905 0
3861 1913 0
3860 1919 0
.PEN_UP
.PEN_DOWN
3774 1797 0
3770 1795 0
3767 1793 0
3767 1790 0
3776 1787 0
3798 1785 0
3838 1783 0
3883 1774 0
3926 1773 0
.PEN_UP
