.VERSION 1.0 
.HIERARCHY CHARACTER
.COORD X Y T
.SEGMENT CHARACTER 0-2 OK "4"
.H_LINE 1374 2249
.V_LINE 6500 7250
.X_DIM 750
.Y_DIM 874
.X_POINTS_PER_INCH 1000
.Y_POINTS_PER_INCH 1000
.POINTS_PER_SECOND 125
.COMMENT CALIB X: 50 Y: -10

.WRITER_INFO
 Name: MANIKANTA
 WriterId: 47
 Hand: right
 EducationLevel: college graduate
 Gender: male
 Profession: student
 Region: anakapalli
 Age: 21
 DeviceType: digimemo a402
 SkillDevice: good
 Language: hindi
 Script: indic
 Native: false
 Style: discrete
 UsageFreq: once a month
 Proficiency: good
 Date: 2007-6-20
 WritingInProfession: no

.PEN_DOWN
6895 1862 0
6897 1865 0
6901 1870 0
6908 1877 0
6915 1885 0
6922 1893 0
6929 1900 0
6935 1905 0
6938 1908 0
6934 1909 0
6927 1908 0
6915 1908 0
6900 1909 0
6885 1910 0
6873 1911 0
6866 1913 0
6862 1916 0
6861 1920 0
6862 1924 0
6868 1929 0
6878 1935 0
6890 1940 0
6903 1946 0
6917 1953 0
6929 1961 0
6938 1969 0
6943 1976 0
6944 1983 0
6940 1991 0
6931 1999 0
6916 2006 0
6898 2010 0
6879 2012 0
6862 2011 0
6847 2008 0
6838 2004 0
6832 2001 0
6830 1998 0
6831 1995 0
6835 1993 0
6843 1992 0
6852 1993 0
6862 1997 0
6871 2002 0
6879 2010 0
6886 2018 0
6893 2026 0
6900 2035 0
6906 2042 0
6911 2040 0
6915 2044 0
.PEN_UP
.PEN_DOWN
6945 1763 0
6939 1761 0
6932 1759 0
6927 1758 0
6922 1761 0
6916 1769 0
6910 1785 0
6903 1801 0
6898 1816 0
6895 1830 0
6893 1843 0
6894 1853 0
6898 1860 0
6906 1864 0
6917 1865 0
6933 1865 0
6946 1863 0
.PEN_UP
.PEN_DOWN
6851 1871 0
6844 1873 0
6839 1874 0
6836 1874 0
6842 1871 0
6856 1867 0
6878 1862 0
6904 1858 0
6933 1854 0
6960 1851 0
6982 1849 0
6996 1848 0
7003 1849 0
7007 1849 0
7006 1852 0
7001 1857 0
6992 1861 0
.PEN_UP
