.VERSION 1.0 
.HIERARCHY CHARACTER
.COORD X Y T
.SEGMENT CHARACTER 0-4 OK "10"
.H_LINE 4624 5499
.V_LINE 499 1250
.X_DIM 750
.Y_DIM 874
.X_POINTS_PER_INCH 1000
.Y_POINTS_PER_INCH 1000
.POINTS_PER_SECOND 125
.COMMENT CALIB X: -67 Y: 6

.WRITER_INFO
 Name: DIVIJ DESAI
 WriterId: 81
 Hand: right
 EducationLevel: post graduate
 Gender: male
 Profession: student
 Region: mumbai
 Age: 23
 DeviceType: digimemo a402
 SkillDevice: average
 Language: hindi
 Script: indic
 Native: true
 Style: discrete
 UsageFreq: once a week
 Proficiency: average
 Date: 2007-6-30
 WritingInProfession: no

.PEN_DOWN
733 4950 0
737 4949 0
744 4948 0
754 4949 0
767 4952 0
782 4957 0
798 4964 0
812 4973 0
822 4982 0
829 4991 0
831 5000 0
828 5009 0
819 5019 0
805 5027 0
789 5035 0
774 5041 0
762 5045 0
754 5047 0
749 5048 0
746 5048 0
751 5045 0
758 5043 0
767 5041 0
778 5040 0
790 5040 0
804 5041 0
819 5043 0
832 5048 0
843 5055 0
851 5063 0
857 5072 0
860 5082 0
859 5090 0
854 5099 0
841 5108 0
824 5117 0
804 5124 0
782 5130 0
760 5134 0
739 5136 0
722 5137 0
709 5136 0
700 5135 0
694 5127 0
.PEN_UP
.PEN_DOWN
775 5058 0
779 5058 0
788 5057 0
804 5056 0
826 5055 0
847 5054 0
868 5052 0
888 5051 0
906 5051 0
921 5050 0
933 5049 0
943 5049 0
949 5049 0
952 5049 0
952 5045 0
951 5040 0
950 5035 0
949 5027 0
948 5019 0
947 5011 0
946 5003 0
945 4995 0
945 4986 0
944 4976 0
943 4969 0
943 4965 0
942 4972 0
942 4987 0
943 5007 0
944 5029 0
945 5050 0
946 5069 0
947 5085 0
948 5099 0
949 5109 0
950 5115 0
951 5118 0
954 5111 0
.PEN_UP
.PEN_DOWN
1007 4961 0
1007 4965 0
1009 4972 0
1011 4980 0
1014 4992 0
1017 5007 0
1020 5023 0
1023 5041 0
1025 5058 0
1026 5072 0
1027 5084 0
1028 5093 0
1028 5099 0
1028 5103 0
1028 5103 0
.PEN_UP
.PEN_DOWN
1001 4944 0
1001 4940 0
1003 4936 0
1005 4933 0
1007 4930 0
1009 4927 0
1010 4924 0
1011 4918 0
1012 4911 0
1012 4903 0
1011 4895 0
1010 4885 0
1007 4875 0
1003 4865 0
998 4852 0
991 4839 0
983 4828 0
973 4817 0
963 4809 0
953 4804 0
945 4802 0
938 4802 0
933 4803 0
931 4807 0
930 4813 0
931 4819 0
933 4825 0
936 4829 0
942 4833 0
951 4835 0
961 4836 0
973 4833 0
.PEN_UP
.PEN_DOWN
885 4954 0
882 4953 0
887 4956 0
896 4959 0
907 4962 0
920 4966 0
934 4969 0
952 4969 0
974 4969 0
999 4968 0
1025 4967 0
.PEN_UP
