.VERSION 1.0 
.HIERARCHY CHARACTER
.COORD X Y T
.SEGMENT CHARACTER 0-1 OK "12"
.H_LINE 4624 5499
.V_LINE 3500 4250
.X_DIM 750
.Y_DIM 874
.X_POINTS_PER_INCH 1000
.Y_POINTS_PER_INCH 1000
.POINTS_PER_SECOND 125
.COMMENT CALIB X: -61 Y: -73

.WRITER_INFO
 Name: DIVIJ DESAI
 WriterId: 81
 Hand: right
 EducationLevel: post graduate
 Gender: male
 Profession: student
 Region: mumbai
 Age: 23
 DeviceType: digimemo a402
 SkillDevice: average
 Language: hindi
 Script: indic
 Native: true
 Style: discrete
 UsageFreq: once a week
 Proficiency: average
 Date: 2007-6-30
 WritingInProfession: no

.PEN_DOWN
3912 4851 0
3909 4852 0
3908 4856 0
3908 4864 0
3909 4877 0
3910 4898 0
3911 4922 0
3912 4947 0
3913 4968 0
3913 4987 0
3912 5005 0
3910 5019 0
3908 5032 0
3906 5044 0
3904 5053 0
3903 5058 0
3900 5055 0
3898 5052 0
3897 5049 0
3895 5046 0
3894 5043 0
3894 5040 0
3894 5036 0
3894 5031 0
3895 5022 0
3896 5012 0
3897 5001 0
3897 4988 0
3896 4977 0
3894 4967 0
3891 4958 0
3886 4952 0
3881 4947 0
3875 4944 0
3869 4942 0
3862 4942 0
3854 4945 0
3844 4951 0
3834 4961 0
3823 4970 0
3816 4977 0
3813 4983 0
3812 4988 0
3813 4992 0
3814 4995 0
3817 4997 0
3822 4997 0
3828 4996 0
3837 4994 0
3846 4993 0
3854 4989 0
3865 4982 0
3878 4974 0
3890 4968 0
3902 4961 0
3912 4958 0
3920 4957 0
3928 4959 0
3936 4962 0
3943 4967 0
3948 4974 0
3952 4980 0
3955 4986 0
3957 4994 0
3957 5001 0
3957 5007 0
3955 5012 0
3953 5019 0
3948 5019 0
.PEN_UP
.PEN_DOWN
3837 4832 0
3845 4834 0
3856 4836 0
3871 4838 0
3888 4840 0
3904 4842 0
3918 4843 0
3931 4843 0
3942 4843 0
3953 4837 0
.PEN_UP
