.VERSION 1.0 
.HIERARCHY CHARACTER
.COORD X Y T
.SEGMENT CHARACTER 0-1 OK "28"
.H_LINE 9500 10374
.V_LINE 5000 5750
.X_DIM 750
.Y_DIM 874
.X_POINTS_PER_INCH 1000
.Y_POINTS_PER_INCH 1000
.POINTS_PER_SECOND 125
.COMMENT CALIB X: -83 Y: 1

.WRITER_INFO
 Name: DIVIJ DESAI
 WriterId: 81
 Hand: right
 EducationLevel: post graduate
 Gender: male
 Profession: student
 Region: mumbai
 Age: 23
 DeviceType: digimemo a402
 SkillDevice: average
 Language: hindi
 Script: indic
 Native: true
 Style: discrete
 UsageFreq: once a week
 Proficiency: average
 Date: 2007-6-30
 WritingInProfession: no

.PEN_DOWN
5212 9836 0
5215 9839 0
5217 9842 0
5218 9846 0
5216 9850 0
5210 9856 0
5202 9862 0
5192 9868 0
5183 9872 0
5175 9874 0
5166 9873 0
5160 9871 0
5155 9868 0
5152 9864 0
5150 9860 0
5149 9856 0
5150 9850 0
5154 9844 0
5160 9840 0
5167 9837 0
5175 9836 0
5184 9837 0
5192 9840 0
5203 9844 0
5213 9848 0
5221 9853 0
5227 9861 0
5230 9870 0
5229 9880 0
5225 9894 0
5219 9907 0
5212 9920 0
5203 9933 0
5193 9944 0
5185 9951 0
5179 9955 0
5174 9957 0
5171 9958 0
5177 9956 0
5185 9954 0
5195 9953 0
5209 9952 0
5225 9950 0
5243 9947 0
5262 9943 0
5284 9937 0
5303 9931 0
5318 9926 0
5328 9921 0
5333 9913 0
5337 9904 0
5340 9894 0
5341 9885 0
5341 9877 0
5340 9871 0
5339 9864 0
5338 9859 0
5337 9855 0
5336 9852 0
5335 9848 0
5335 9845 0
5334 9848 0
5333 9853 0
5332 9861 0
5333 9872 0
5335 9885 0
5336 9899 0
5336 9914 0
5336 9930 0
5336 9945 0
5336 9960 0
5336 9972 0
5336 9980 0
5336 9985 0
5337 9992 0
5338 9989 0
.PEN_UP
.PEN_DOWN
5360 9841 0
5357 9841 0
5353 9841 0
5349 9841 0
5343 9836 0
5336 9833 0
5329 9832 0
5321 9831 0
5314 9830 0
5309 9830 0
5305 9830 0
5302 9830 0
5306 9830 0
5313 9831 0
5324 9832 0
5338 9834 0
5353 9836 0
5370 9837 0
5387 9838 0
.PEN_UP
