.VERSION 1.0 
.HIERARCHY CHARACTER
.COORD X Y T
.SEGMENT CHARACTER 0-1 OK "39"
.H_LINE 2999 3874
.V_LINE 6500 7250
.X_DIM 750
.Y_DIM 874
.X_POINTS_PER_INCH 1000
.Y_POINTS_PER_INCH 1000
.POINTS_PER_SECOND 125
.COMMENT CALIB X: -42 Y: -47

.WRITER_INFO
 Name: DIVIJ DESAI
 WriterId: 81
 Hand: right
 EducationLevel: post graduate
 Gender: male
 Profession: student
 Region: mumbai
 Age: 23
 DeviceType: digimemo a402
 SkillDevice: average
 Language: hindi
 Script: indic
 Native: true
 Style: discrete
 UsageFreq: once a week
 Proficiency: average
 Date: 2007-6-30
 WritingInProfession: no

.PEN_DOWN
6798 3473 0
6795 3474 0
6792 3474 0
6789 3474 0
6786 3474 0
6782 3472 0
6777 3469 0
6772 3464 0
6768 3458 0
6764 3450 0
6760 3441 0
6756 3429 0
6753 3418 0
6751 3409 0
6751 3401 0
6752 3395 0
6754 3390 0
6757 3386 0
6763 3381 0
6772 3376 0
6784 3373 0
6801 3369 0
6823 3366 0
6842 3366 0
6861 3368 0
6879 3371 0
6893 3376 0
6904 3381 0
6911 3386 0
6914 3392 0
6916 3397 0
6916 3403 0
6915 3408 0
6913 3413 0
6912 3416 0
6911 3413 0
6911 3408 0
6912 3399 0
6914 3389 0
6916 3382 0
6918 3377 0
6920 3372 0
6926 3366 0
6933 3363 0
6940 3361 0
6949 3361 0
6957 3362 0
6966 3365 0
6975 3369 0
6983 3375 0
6989 3381 0
6993 3386 0
6995 3390 0
6994 3384 0
6992 3375 0
6990 3364 0
6988 3351 0
6986 3337 0
6984 3324 0
6983 3313 0
6982 3302 0
6982 3295 0
6982 3292 0
6982 3297 0
6983 3304 0
6984 3316 0
6985 3333 0
6985 3354 0
6986 3377 0
6987 3401 0
6987 3423 0
6986 3443 0
6985 3459 0
6984 3469 0
6983 3475 0
6983 3475 0
.PEN_UP
.PEN_DOWN
6945 3301 0
6938 3299 0
6929 3297 0
6922 3295 0
6918 3294 0
6926 3294 0
6937 3295 0
6950 3295 0
6969 3295 0
6988 3293 0
7010 3293 0
.PEN_UP
