.VERSION 1.0 
.HIERARCHY CHARACTER
.COORD X Y T
.SEGMENT CHARACTER 0-4 OK "96"
.H_LINE 2999 3874
.V_LINE 1999 2749
.X_DIM 749
.Y_DIM 874
.X_POINTS_PER_INCH 1000
.Y_POINTS_PER_INCH 1000
.POINTS_PER_SECOND 125
.COMMENT CALIB X: -113 Y: 6

.WRITER_INFO
 Name: DIVIJ DESAI
 WriterId: 81
 Hand: right
 EducationLevel: post graduate
 Gender: male
 Profession: student
 Region: mumbai
 Age: 23
 DeviceType: digimemo a402
 SkillDevice: average
 Language: hindi
 Script: indic
 Native: true
 Style: discrete
 UsageFreq: once a week
 Proficiency: average
 Date: 2007-6-30
 WritingInProfession: no

.PEN_DOWN
2216 3596 0
2213 3596 0
2210 3595 0
2207 3594 0
2204 3592 0
2201 3589 0
2199 3586 0
2198 3583 0
2196 3578 0
2194 3572 0
2193 3562 0
2193 3552 0
2193 3541 0
2195 3529 0
2200 3517 0
2206 3506 0
2215 3494 0
2227 3483 0
2240 3474 0
2254 3468 0
2267 3465 0
2281 3463 0
2295 3463 0
2310 3464 0
2323 3467 0
2334 3470 0
2342 3472 0
2348 3474 0
2351 3475 0
2350 3482 0
2350 3476 0
.PEN_UP
.PEN_DOWN
2340 3362 0
2342 3365 0
2344 3371 0
2347 3379 0
2349 3391 0
2350 3412 0
2351 3437 0
2351 3464 0
2350 3490 0
2348 3518 0
2345 3541 0
2344 3558 0
2343 3571 0
2343 3580 0
2343 3585 0
2343 3580 0
.PEN_UP
.PEN_DOWN
2166 3460 0
2171 3459 0
2179 3458 0
2189 3457 0
2200 3455 0
2214 3455 0
2232 3455 0
2252 3456 0
2271 3457 0
2290 3458 0
2308 3459 0
2322 3461 0
2333 3462 0
2341 3463 0
2347 3463 0
2350 3464 0
2346 3464 0
.PEN_UP
.PEN_DOWN
2187 3367 0
2194 3366 0
2207 3365 0
2226 3365 0
2250 3364 0
2278 3363 0
2308 3363 0
2335 3363 0
2360 3363 0
2383 3364 0
2405 3365 0
2425 3365 0
2442 3366 0
2456 3367 0
2459 3366 0
.PEN_UP
.PEN_DOWN
2357 3492 0
2358 3484 0
2359 3478 0
2362 3473 0
2367 3468 0
2373 3464 0
2381 3462 0
2389 3462 0
2398 3464 0
2407 3468 0
2415 3475 0
2422 3483 0
2427 3493 0
2431 3503 0
2432 3514 0
2431 3525 0
2429 3536 0
2426 3548 0
2423 3556 0
2421 3563 0
2422 3567 0
.PEN_UP
