.VERSION 1.0 
.HIERARCHY CHARACTER
.COORD X Y T
.SEGMENT CHARACTER 0-3 OK "107"
.H_LINE 6249 7124
.V_LINE 3500 4250
.X_DIM 750
.Y_DIM 875
.X_POINTS_PER_INCH 1000
.Y_POINTS_PER_INCH 1000
.POINTS_PER_SECOND 125
.COMMENT CALIB X: -56 Y: -36

.WRITER_INFO
 Name: DIVIJ DESAI
 WriterId: 81
 Hand: right
 EducationLevel: post graduate
 Gender: male
 Profession: student
 Region: mumbai
 Age: 23
 DeviceType: digimemo a402
 SkillDevice: average
 Language: hindi
 Script: indic
 Native: true
 Style: discrete
 UsageFreq: once a week
 Proficiency: average
 Date: 2007-6-30
 WritingInProfession: no

.PEN_DOWN
3905 6533 0
3904 6537 0
3904 6541 0
3904 6546 0
3905 6552 0
3906 6560 0
3908 6567 0
3909 6573 0
3909 6578 0
3909 6581 0
3906 6581 0
3901 6581 0
3894 6581 0
3885 6580 0
3874 6579 0
3860 6579 0
3844 6579 0
3826 6581 0
3809 6584 0
3793 6587 0
3780 6591 0
3772 6594 0
3767 6599 0
3765 6606 0
3766 6613 0
3770 6622 0
3778 6631 0
3788 6640 0
3802 6649 0
3817 6656 0
3832 6663 0
3847 6668 0
3859 6673 0
3868 6677 0
3874 6682 0
3878 6686 0
3879 6692 0
3878 6698 0
3875 6704 0
3871 6712 0
3867 6720 0
3862 6726 0
3858 6731 0
3856 6734 0
3853 6735 0
3853 6735 0
.PEN_UP
.PEN_DOWN
3818 6679 0
3814 6678 0
3809 6678 0
3804 6679 0
3798 6682 0
3788 6686 0
3779 6692 0
3771 6699 0
3764 6709 0
3758 6720 0
3754 6731 0
3753 6743 0
3755 6756 0
3758 6768 0
3764 6779 0
3774 6787 0
3792 6793 0
3816 6795 0
3842 6794 0
3870 6791 0
.PEN_UP
.PEN_DOWN
3849 6679 0
3849 6683 0
3849 6686 0
3849 6692 0
3849 6701 0
3843 6713 0
3836 6726 0
3827 6742 0
3814 6759 0
3798 6777 0
3781 6790 0
3767 6800 0
3754 6808 0
3742 6814 0
3733 6818 0
3725 6822 0
3719 6825 0
3715 6827 0
3713 6820 0
3713 6820 0
.PEN_UP
.PEN_DOWN
3788 6526 0
3793 6524 0
3807 6522 0
3828 6522 0
3854 6522 0
3881 6523 0
3906 6524 0
3931 6524 0
3956 6523 0
.PEN_UP
