.VERSION 1.0 
.HIERARCHY CHARACTER
.COORD X Y T
.SEGMENT CHARACTER 0-2 OK "13"
.H_LINE 4624 5499
.V_LINE 5000 5750
.X_DIM 750
.Y_DIM 874
.X_POINTS_PER_INCH 1000
.Y_POINTS_PER_INCH 1000
.POINTS_PER_SECOND 125
.COMMENT CALIB X: 38 Y: -121

.WRITER_INFO
 Name: G RAHUL KUMAR
 WriterId: 17
 Hand: right
 EducationLevel: college graduate
 Gender: male
 Profession: student
 Region: hyderabad
 Age: 22
 DeviceType: digimemo a402
 SkillDevice: average
 Language: hindi
 Script: indic
 Native: false
 Style: discrete
 UsageFreq: once a week
 Proficiency: good
 Date: 2007-6-12
 WritingInProfession: no

.PEN_DOWN
5241 4966 0
5244 4966 0
5248 4966 0
5253 4966 0
5259 4966 0
5264 4966 0
5267 4973 0
5270 4983 0
5272 4993 0
5273 5005 0
5272 5016 0
5270 5026 0
5268 5035 0
5264 5043 0
5259 5051 0
5252 5058 0
5244 5062 0
5236 5066 0
5227 5069 0
5219 5071 0
5212 5071 0
5206 5069 0
5203 5067 0
5200 5065 0
5198 5061 0
5197 5058 0
5201 5061 0
5207 5064 0
5214 5068 0
5222 5072 0
5232 5076 0
5242 5079 0
5254 5082 0
5265 5085 0
5276 5086 0
5286 5086 0
5295 5086 0
5304 5085 0
5312 5083 0
5321 5080 0
5329 5076 0
5335 5072 0
5339 5069 0
5338 5066 0
5334 5064 0
.PEN_UP
.PEN_DOWN
5386 4976 0
5386 4982 0
5386 4992 0
5385 5003 0
5386 5014 0
5387 5027 0
5388 5039 0
5390 5051 0
5392 5065 0
5393 5078 0
5393 5093 0
5391 5105 0
5389 5116 0
5387 5126 0
5385 5135 0
5383 5141 0
5382 5144 0
5384 5141 0
5385 5135 0
5386 5127 0
5387 5116 0
5388 5105 0
5388 5093 0
5386 5079 0
5384 5067 0
5381 5055 0
5376 5046 0
5370 5041 0
5362 5038 0
5352 5037 0
5340 5037 0
5328 5039 0
5318 5042 0
5311 5046 0
5304 5053 0
5301 5059 0
5299 5065 0
5299 5071 0
5302 5077 0
5306 5081 0
5313 5083 0
5324 5084 0
5336 5084 0
5349 5081 0
5361 5077 0
5370 5066 0
.PEN_UP
.PEN_DOWN
5210 4943 0
5216 4943 0
5226 4943 0
5241 4943 0
5260 4943 0
5281 4943 0
5305 4943 0
5333 4943 0
5362 4943 0
5389 4943 0
5412 4943 0
5428 4943 0
5442 4942 0
.PEN_UP
