.VERSION 1.0 
.HIERARCHY CHARACTER
.COORD X Y T
.SEGMENT CHARACTER 0-1 OK "17"
.H_LINE 6249 7124
.V_LINE 3500 4250
.X_DIM 750
.Y_DIM 875
.X_POINTS_PER_INCH 1000
.Y_POINTS_PER_INCH 1000
.POINTS_PER_SECOND 125
.COMMENT CALIB X: -22 Y: -103

.WRITER_INFO
 Name: G RAHUL KUMAR
 WriterId: 17
 Hand: right
 EducationLevel: college graduate
 Gender: male
 Profession: student
 Region: hyderabad
 Age: 22
 DeviceType: digimemo a402
 SkillDevice: average
 Language: hindi
 Script: indic
 Native: false
 Style: discrete
 UsageFreq: once a week
 Proficiency: good
 Date: 2007-6-12
 WritingInProfession: no

.PEN_DOWN
3729 6723 0
3732 6723 0
3738 6723 0
3746 6723 0
3755 6723 0
3763 6723 0
3770 6723 0
3777 6723 0
3781 6711 0
3785 6704 0
3789 6701 0
3793 6699 0
3797 6698 0
3800 6698 0
3798 6701 0
3795 6705 0
3790 6709 0
3785 6714 0
3781 6720 0
3778 6727 0
3775 6735 0
3771 6743 0
3768 6751 0
3767 6757 0
3767 6763 0
3770 6769 0
3775 6773 0
3784 6776 0
3798 6778 0
3813 6778 0
3831 6777 0
3850 6775 0
3869 6772 0
3886 6769 0
3900 6764 0
3910 6758 0
3915 6752 0
3918 6744 0
3920 6733 0
3921 6721 0
3921 6706 0
3920 6691 0
3919 6675 0
3918 6662 0
3916 6651 0
3913 6642 0
3911 6635 0
3909 6631 0
3908 6628 0
3908 6635 0
3909 6644 0
3912 6656 0
3915 6670 0
3917 6687 0
3918 6704 0
3919 6721 0
3920 6737 0
3921 6751 0
3922 6766 0
3924 6779 0
3926 6791 0
3928 6800 0
3932 6808 0
3935 6815 0
3937 6819 0
3939 6822 0
3939 6822 0
.PEN_UP
.PEN_DOWN
3786 6623 0
3791 6622 0
3798 6621 0
3809 6619 0
3825 6617 0
3846 6615 0
3872 6612 0
3899 6610 0
3924 6608 0
3944 6606 0
3961 6604 0
3974 6603 0
3983 6602 0
3989 6602 0
3993 6602 0
3995 6587 0
.PEN_UP
