404.0,101.0
399.0,101.0
392.0,103.0
388.0,103.0
380.0,104.0
375.0,105.0
367.0,105.0
363.0,106.0
356.0,106.0
352.0,107.0
344.0,108.0
340.0,108.0
335.0,110.0
330.0,110.0
326.0,111.0
323.0,111.0
321.0,111.0
319.0,111.0
316.0,111.0
315.0,111.0
315.0,112.0
316.0,112.0
318.0,112.0
319.0,113.0
322.0,113.0
326.0,114.0
329.0,114.0
332.0,115.0
335.0,115.0
337.0,115.0
344.0,118.0
349.0,119.0
353.0,121.0
356.0,124.0
359.0,126.0
360.0,128.0
361.0,131.0
363.0,132.0
364.0,135.0
364.0,137.0
364.0,140.0
364.0,141.0
364.0,145.0
364.0,147.0
364.0,152.0
363.0,154.0
360.0,159.0
357.0,161.0
354.0,165.0
352.0,166.0
349.0,168.0
346.0,168.0
343.0,169.0
340.0,169.0
336.0,171.0
333.0,171.0
329.0,171.0
326.0,171.0
322.0,171.0
319.0,169.0
315.0,167.0
312.0,166.0
311.0,165.0
309.0,164.0
308.0,162.0
308.0,161.0
308.0,160.0
309.0,159.0
312.0,159.0
315.0,158.0
318.0,156.0
319.0,155.0
322.0,155.0
325.0,154.0
330.0,154.0
333.0,154.0
339.0,154.0
344.0,154.0
350.0,154.0
354.0,155.0
359.0,156.0
361.0,159.0
366.0,161.0
368.0,162.0
371.0,165.0
373.0,166.0
374.0,167.0
375.0,168.0
377.0,168.0
378.0,169.0
380.0,171.0
381.0,171.0
382.0,171.0
384.0,172.0
385.0,172.0
388.0,173.0
390.0,173.0
-1.0,-1.0
399.0,66.0
399.0,68.0
399.0,71.0
399.0,75.0
399.0,78.0
399.0,83.0
399.0,86.0
399.0,88.0
399.0,90.0
399.0,94.0
399.0,100.0
399.0,105.0
399.0,109.0
399.0,112.0
399.0,114.0
399.0,116.0
399.0,120.0
399.0,122.0
399.0,124.0
399.0,126.0
399.0,129.0
399.0,130.0
399.0,133.0
399.0,134.0
399.0,135.0
400.0,136.0
400.0,137.0
400.0,139.0
400.0,140.0
400.0,141.0
401.0,142.0
401.0,143.0
401.0,144.0
401.0,147.0
401.0,148.0
401.0,149.0
403.0,149.0
403.0,150.0
403.0,151.0
-1.0,-1.0
342.0,70.0
345.0,68.0
348.0,68.0
353.0,67.0
356.0,66.0
363.0,65.0
369.0,65.0
376.0,64.0
380.0,63.0
386.0,63.0
390.0,63.0
394.0,63.0
397.0,63.0
401.0,61.0
404.0,61.0
408.0,61.0
411.0,61.0
412.0,61.0
414.0,61.0
417.0,61.0
421.0,61.0
422.0,60.0
426.0,60.0
428.0,60.0
431.0,60.0
432.0,60.0
434.0,60.0
435.0,60.0
436.0,60.0
438.0,60.0
439.0,60.0
441.0,60.0
-1.0,-1.0
 
