398.0,66.0
398.0,67.0
398.0,69.0
398.0,72.0
398.0,75.0
398.0,78.0
398.0,79.0
398.0,81.0
398.0,83.0
398.0,87.0
398.0,91.0
398.0,92.0
398.0,94.0
398.0,98.0
398.0,103.0
398.0,107.0
398.0,113.0
398.0,115.0
398.0,120.0
398.0,122.0
398.0,125.0
398.0,127.0
398.0,130.0
398.0,133.0
398.0,136.0
398.0,139.0
398.0,142.0
398.0,146.0
398.0,149.0
398.0,154.0
398.0,157.0
398.0,161.0
398.0,163.0
398.0,166.0
398.0,167.0
398.0,168.0
397.0,167.0
397.0,166.0
397.0,164.0
395.0,164.0
394.0,163.0
394.0,162.0
392.0,160.0
389.0,159.0
387.0,156.0
384.0,154.0
381.0,152.0
378.0,150.0
375.0,149.0
373.0,148.0
368.0,146.0
366.0,144.0
363.0,143.0
361.0,142.0
359.0,142.0
354.0,141.0
351.0,140.0
350.0,140.0
347.0,140.0
344.0,139.0
342.0,139.0
339.0,137.0
335.0,137.0
332.0,136.0
328.0,136.0
325.0,135.0
321.0,134.0
319.0,134.0
315.0,133.0
311.0,132.0
308.0,130.0
305.0,130.0
304.0,129.0
302.0,129.0
301.0,129.0
299.0,128.0
298.0,127.0
297.0,126.0
297.0,125.0
295.0,125.0
295.0,123.0
294.0,123.0
294.0,122.0
294.0,121.0
294.0,120.0
294.0,119.0
294.0,117.0
295.0,117.0
297.0,117.0
298.0,117.0
299.0,117.0
302.0,117.0
305.0,117.0
306.0,117.0
308.0,117.0
309.0,117.0
312.0,117.0
313.0,117.0
315.0,119.0
316.0,120.0
318.0,120.0
319.0,121.0
321.0,122.0
321.0,123.0
322.0,125.0
323.0,126.0
323.0,127.0
325.0,128.0
325.0,130.0
326.0,132.0
326.0,133.0
326.0,135.0
328.0,137.0
328.0,139.0
328.0,140.0
328.0,141.0
328.0,143.0
328.0,147.0
328.0,148.0
328.0,152.0
328.0,154.0
328.0,156.0
328.0,159.0
328.0,162.0
326.0,164.0
325.0,167.0
323.0,169.0
322.0,170.0
321.0,171.0
319.0,174.0
316.0,176.0
315.0,177.0
312.0,180.0
311.0,181.0
306.0,182.0
305.0,183.0
301.0,184.0
299.0,186.0
298.0,186.0
295.0,186.0
294.0,186.0
290.0,187.0
285.0,187.0
281.0,187.0
280.0,187.0
278.0,187.0
277.0,187.0
275.0,186.0
274.0,184.0
274.0,183.0
273.0,182.0
273.0,181.0
273.0,180.0
273.0,179.0
273.0,177.0
273.0,176.0
273.0,175.0
273.0,174.0
274.0,173.0
275.0,171.0
278.0,170.0
280.0,169.0
284.0,168.0
287.0,167.0
290.0,166.0
291.0,164.0
294.0,164.0
295.0,164.0
297.0,164.0
299.0,164.0
301.0,164.0
305.0,164.0
308.0,164.0
312.0,164.0
316.0,164.0
321.0,167.0
325.0,168.0
329.0,170.0
332.0,171.0
337.0,173.0
340.0,174.0
342.0,175.0
344.0,175.0
347.0,177.0
353.0,180.0
358.0,181.0
362.0,184.0
365.0,186.0
368.0,187.0
369.0,188.0
371.0,189.0
372.0,191.0
374.0,191.0
374.0,192.0
-1.0,-1.0
323.0,78.0
326.0,77.0
331.0,77.0
334.0,76.0
340.0,74.0
344.0,73.0
351.0,72.0
355.0,72.0
362.0,71.0
366.0,70.0
371.0,70.0
374.0,70.0
378.0,70.0
385.0,69.0
389.0,69.0
395.0,69.0
399.0,67.0
405.0,67.0
409.0,67.0
414.0,66.0
417.0,66.0
421.0,66.0
424.0,66.0
-1.0,-1.0
 
