368.0,177.0
368.0,180.0
368.0,182.0
368.0,184.0
368.0,188.0
368.0,190.0
368.0,196.0
368.0,200.0
368.0,202.0
368.0,206.0
368.0,210.0
368.0,212.0
368.0,216.0
368.0,220.0
368.0,225.0
369.0,229.0
369.0,233.0
369.0,237.0
369.0,240.0
370.0,243.0
370.0,247.0
370.0,249.0
368.0,246.0
367.0,242.0
366.0,238.0
366.0,234.0
364.0,232.0
364.0,230.0
364.0,227.0
362.0,225.0
360.0,225.0
356.0,225.0
352.0,226.0
348.0,226.0
346.0,227.0
344.0,227.0
341.0,227.0
337.0,228.0
335.0,229.0
332.0,230.0
330.0,230.0
326.0,231.0
324.0,231.0
321.0,232.0
319.0,232.0
317.0,232.0
314.0,232.0
316.0,233.0
318.0,234.0
321.0,235.0
323.0,236.0
326.0,238.0
328.0,240.0
331.0,241.0
332.0,244.0
333.0,246.0
335.0,249.0
337.0,251.0
337.0,254.0
338.0,256.0
338.0,258.0
336.0,261.0
336.0,263.0
334.0,266.0
333.0,268.0
330.0,271.0
329.0,273.0
327.0,274.0
324.0,276.0
322.0,277.0
319.0,278.0
317.0,279.0
315.0,279.0
312.0,280.0
310.0,278.0
307.0,277.0
307.0,275.0
307.0,272.0
309.0,271.0
310.0,273.0
311.0,275.0
311.0,278.0
312.0,280.0
312.0,282.0
313.0,285.0
313.0,287.0
313.0,291.0
313.0,293.0
314.0,296.0
314.0,298.0
315.0,301.0
315.0,303.0
316.0,299.0
-1.0,-1.0
316.0,177.0
322.0,178.0
327.0,178.0
333.0,179.0
338.0,180.0
344.0,180.0
351.0,180.0
356.0,180.0
363.0,180.0
369.0,180.0
374.0,180.0
379.0,180.0
383.0,180.0
389.0,180.0
391.0,181.0
395.0,181.0
397.0,181.0
400.0,181.0
402.0,181.0
404.0,181.0
402.0,177.0
-1.0,-1.0
 
